13
20000
8
20000
11
2
20000
171
connections
0.736841
step
0.315789
link
2.10526
enable
0.19
bias
0.38
node
0.526315
disable
0.38
done
5
170 171 1 18 1
171 1000001 1.2115237891781 19 1
170 1000001 1.2115237891781 17 0
132 1000003 0.3961912900174 15 0
130 1000005 0.28962065492721 16 1
0
171
connections
0.77562094183
step
0.315789
link
2.2160598338
enable
0.1999997
bias
0.361
node
0.55401495845
disable
0.3999994
done
7
170 171 1 18 1
171 1000001 1.2115237891781 19 1
170 1000001 1.2115237891781 17 0
132 1000003 0.3961912900174 15 0
130 1000005 0.28962065492721 16 1
130 1000002 0.47492904446547 225 1
156 171 0.13153477584155 226 1
0
13
1
0
170
connections
0.736841
step
0.285
link
1.9
enable
0.210526
bias
0.421052
node
0.475
disable
0.421052
done
2
1000003 1000002 -1.3870662556841 21 1
122 1000004 -0.29377117221595 20 0
0
13
1
0
170
connections
0.736841
step
0.315789
link
1.9
enable
0.210526
bias
0.421052
node
0.526315
disable
0.421052
done
2
170 1000003 -0.24909207434309 36 1
32 1000006 -0.17023224585711 35 1
0
7
2
0
170
connections
0.69999895
step
0.285
link
1.805
enable
0.22160598338
bias
0.3999994
node
0.49999925
disable
0.44321196676
done
5
170 1000002 -1.4894863734855 136 1
147 1000002 1.206640827662 134 1
170 1000003 -0.26291283913694 36 0
154 1000004 1.7567064424574 135 1
32 1000006 0.087021851252785 35 1
0
171
connections
0.7368398947385
step
0.315789
link
1.71475
enable
0.210525684211
bias
0.421051368422
node
0.5263142105275
disable
0.421051368422
done
8
170 1000002 -1.5967989292581 136 0
147 1000002 1.2128184072085 134 1
170 1000003 1.7785576952422 36 0
154 1000004 1.4452955717643 135 0
32 1000006 0.36474308337657 35 1
54 1000006 -0.29950865199744 239 1
170 171 1 240 1
171 1000002 -1.5967989292581 241 1
0
1
1
0
170
connections
0.69999895
step
0.29999955
link
1.999997
enable
0.22160598338
bias
0.3999994
node
0.45125
disable
0.3999994
done
5
1000003 1000002 -1.3573199091174 21 1
169 1000002 -1.7745292519913 218 1
128 1000002 0.46320993682669 217 1
170 1000003 1.89574877163 219 1
122 1000004 -0.28720665067446 20 0
0
0
1
0
171
connections
0.69999895
step
0.27075
link
1.999997
enable
0.22160598338
bias
0.44321196676
node
0.49999925
disable
0.44321196676
done
7
1000003 1000002 -1.3870662556841 21 1
122 1000004 -0.29377117221595 20 0
91 1000005 -1.8172551652577 227 1
158 1000005 -0.97201452681051 228 1
170 1000002 -1.6006958220161 229 0
170 171 1 230 1
171 1000002 -1.6006958220161 231 1
0
0
1
0
170
connections
0.69999895
step
0.29999955
link
1.999997
enable
0.22160598338
bias
0.3999994
node
0.49999925
disable
0.3999994
done
5
170 1000003 -0.24909207434309 36 1
32 1000006 -0.17023224585711 35 1
57 1000006 0.38862269966735 232 1
154 1000005 -1.0544145023957 233 1
170 1000005 0.62166203802606 234 1
0
0
1
0
171
connections
0.69999895
step
0.29999955
link
1.805
enable
0.1999997
bias
0.3999994
node
0.55401495845
disable
0.44321196676
done
6
170 1000003 -0.31227444973754 36 1
32 1000006 0.08783227027192 35 0
152 1000001 1.0113223670156 235 1
170 1000001 -1.5264748069704 236 1
32 171 1 237 1
171 1000006 0.08783227027192 238 0
