125
20000
4
20000
123
3
20000
171
connections
0.736841
step
0.315789
link
2.10526
enable
0.19
bias
0.38
node
0.526315
disable
0.38
done
5
170 171 1 18 1
171 1000001 1.2115237891781 19 1
170 1000001 1.2115237891781 17 0
132 1000003 0.3961912900174 15 0
130 1000005 0.28962065492721 16 1
0
171
connections
0.77562094183
step
0.33240897507
link
1.999997
enable
0.1805
bias
0.361
node
0.49999925
disable
0.361
done
7
170 171 0.91668218292032 18 1
171 1000001 1.0345102021547 19 1
170 1000001 1.2178641807129 17 0
132 1000003 0.75655384990997 15 0
130 1000005 0.48179031387527 16 1
161 1000006 0.64815210425123 2423 1
152 1000006 -0.77120273445845 2424 1
0
171
connections
0.77562094183
step
0.33240897507
link
1.999997
enable
0.1999997
bias
0.361
node
0.55401495845
disable
0.3999994
done
7
170 171 0.74915382163287 18 1
171 1000001 1.2916359042979 19 1
170 1000001 1.3850273354479 17 0
132 1000003 0.60651983032094 15 0
130 1000005 0.00026547453469644 16 1
126 1000006 -1.5213476973785 2429 1
147 171 0.037903988769188 2430 1
0
11
4
0
172
connections
0.6649990025
step
0.3157885263165
link
2.10525684211
enable
0.210525684211
bias
0.421051368422
node
0.4749992875
disable
0.37999943
done
10
170 171 1.070652027955 18 1
171 1000001 1.2115237891781 19 1
170 1000001 1.2115237891781 17 0
47 1000002 -1.042573320719 2216 1
132 1000003 0.26519409772027 15 1
109 1000003 0.9226966154973 2217 1
140 1000003 -1.3610644856105 2189 1
130 1000005 0.27753532517472 16 1
21 1000006 0.68037965025788 2190 1
170 1000006 -1.3484908597064 2191 1
0
173
connections
0.6649980050015
step
0.31578805263371
link
2.1052536842247
enable
0.18999943000043
bias
0.42105073684495
node
0.47499857500107
disable
0.342949485575
done
16
170 171 1.070652027955 18 1
171 1000001 1.2115237891781 19 1
170 1000001 0.94964065005263 17 0
160 1000001 -0.15216528824732 2412 1
47 1000002 -1.1660839625495 2216 0
132 1000003 0.078685420097859 15 1
109 1000003 0.63971268499542 2217 1
140 1000003 -1.3610644856105 2189 1
54 1000004 1.3514206366161 2413 1
130 1000005 0.27753532517472 16 1
21 1000006 0.91959972787627 2190 1
170 1000006 -1.3484908597064 2191 1
151 1000002 -0.98556474501785 2431 1
53 1000004 -1.8337351603748 2432 1
47 173 1 2433 1
173 1000002 -1.1660839625495 2434 0
0
173
connections
0.69999790000157
step
0.33240847645654
link
2.2160565097102
enable
0.22160565097102
bias
0.3999988000009
node
0.451249323125
disable
0.3609994585
done
15
170 171 1.1512002411898 18 1
171 1000001 0.20014038514359 19 1
170 1000001 1.1326291475752 17 0
47 1000002 -1.3256181188883 2216 1
132 1000003 1.6780907620472 15 0
109 1000003 0.55357479096812 2217 1
140 1000003 -1.5005630347531 2189 1
130 1000005 0.66053497787836 16 1
21 1000006 0.55262856092968 2190 1
170 1000006 -1.1085403700788 2191 1
143 1000003 0.14874721518601 2435 1
50 1000002 1.5407574694052 2436 1
31 1000004 1.9311502426222 2437 1
132 173 1 2438 1
173 1000003 1.6780907620472 2439 1
0
172
connections
0.631749052375
step
0.33240847645654
link
2.2160565097102
enable
0.22160565097102
bias
0.3999988000009
node
0.451249323125
disable
0.3999988000009
done
13
170 171 1.3029129022636 18 1
171 1000001 1.0246904839961 19 1
170 1000001 1.1958909432594 17 0
47 1000002 -1.0915616483904 2216 1
132 1000003 0.56408477864434 15 1
109 1000003 1.2530558804836 2217 1
140 1000003 -1.3178788755676 2189 1
130 1000005 0.49924580379521 16 1
21 1000006 0.72417393697509 2190 1
170 1000006 -1.5555119412534 2191 1
141 1000001 1.1995605334635 2440 1
31 171 -0.57795953245643 2441 1
170 1000002 1.1257057405316 2442 1
0
10
2
0
172
connections
0.69999895
step
0.285
link
1.999997
enable
0.1805
bias
0.3999994
node
0.49999925
disable
0.3999994
done
10
170 171 0.77894604327525 18 1
130 172 1 2239 1
170 1000001 1.3936291085543 17 0
171 1000001 0.19489120151372 19 1
137 1000002 1.5084078493606 2236 1
132 1000003 0.21497314371166 15 0
172 1000005 0.23740791039766 2240 1
130 1000005 0.23740791039766 16 0
10 1000005 0.91915646839808 2237 1
170 1000006 -1.5124362926115 2238 0
0
172
connections
0.6649990025
step
0.29999955
link
1.89999715
enable
0.189999715
bias
0.37999943
node
0.5263142105275
disable
0.37999943
done
12
170 171 1.0037603061083 18 1
130 172 0.96296584430219 2239 1
170 1000001 1.6468621647832 17 0
171 1000001 0.27814251863613 19 1
137 1000002 1.3856778475982 2236 1
132 1000003 0.23624146106296 15 0
172 1000005 0.48815065998871 2240 1
130 1000005 0.32593281804712 16 0
10 1000005 0.84086745347301 2237 1
170 1000006 -1.5955960543428 2238 0
110 1000002 0.82992034669027 2443 1
42 1000005 1.1822260200812 2444 1
0
0
1
0
172
connections
0.81644187199851
step
0.315789
link
1.89999715
enable
0.210525684211
bias
0.37999943
node
0.5263142105275
disable
0.37999943
done
12
170 171 0.82381851530503 18 0
170 1000001 1.0646593044527 17 0
171 1000001 1.162787408887 19 1
19 1000001 1.001084525132 2407 1
132 1000003 0.30111824442274 15 0
170 1000003 1.6708529905393 2409 0
130 1000005 0.11681226358837 16 1
137 1000006 0.525169372631 2408 1
1000003 1000006 -1.1326639606922 2425 1
32 1000006 -1.3658253730888 2426 1
170 172 1 2427 1
172 171 0.82381851530503 2428 1
