66
20000
5
20000
64
3
20000
171
connections
0.736841
step
0.315789
link
2.10526
enable
0.19
bias
0.38
node
0.526315
disable
0.38
done
5
170 171 1 18 1
171 1000001 1.2115237891781 19 1
170 1000001 1.2115237891781 17 0
132 1000003 0.3961912900174 15 0
130 1000005 0.28962065492721 16 1
0
173
connections
0.77562094183
step
0.33240897507
link
2.2160598338
enable
0.1805
bias
0.361
node
0.55401495845
disable
0.3999994
done
7
170 171 0.81420116646605 18 1
171 1000001 1.4875692196609 19 1
170 1000001 1.4911401281733 17 0
132 1000003 0.61569057263679 15 0
130 1000005 0.49136787322316 16 1
115 1000002 -1.2780541398358 1252 1
145 1000004 0.97201452681051 1253 1
0
172
connections
0.77562094183
step
0.33240897507
link
1.999997
enable
0.1805
bias
0.3999994
node
0.55401495845
disable
0.361
done
7
170 171 0.83891347651184 18 1
171 1000001 -1.3865779595325 19 1
170 1000001 1.4412082767589 17 0
132 1000003 0.079973138770502 15 0
130 1000005 0.36230690348145 16 0
85 1000003 -1.0237739188818 1260 1
168 1000004 -1.1602526932585 1261 1
0
9
3
0
173
connections
0.6649990025
step
0.34990365942793
link
1.89999715
enable
0.171475
bias
0.34295
node
0.58317276571322
disable
0.421051368422
done
11
170 171 0.75037117680754 18 1
96 171 -0.042054506057924 1074 1
147 172 1 1054 1
170 1000001 1.070523626072 17 0
171 1000001 1.4573585220762 19 1
172 1000002 -0.34345530564287 1055 1
147 1000002 -0.34345530564287 1052 1
69 1000002 1.9306619464705 1053 1
132 1000003 0.59385933650438 15 0
130 1000005 0.10686520932993 16 1
15 1000005 -0.18622394482253 1075 1
0
174
connections
0.73683878947866
step
0.285
link
2.1052536842247
enable
0.1547561875
bias
0.342949485575
node
0.58317189095407
disable
0.46653751276326
done
15
170 171 0.75037117680754 18 1
96 171 -0.042054506057924 1074 1
147 172 1 1054 1
68 1000001 -1.3255409405805 1242 1
170 1000001 1.070523626072 17 0
51 1000001 -0.23261207922605 1243 1
171 1000001 1.4573585220762 19 1
69 1000002 1.9306619464705 1053 1
147 1000002 -0.34345530564287 1052 1
172 1000002 -0.34345530564287 1055 1
132 1000003 0.59385933650438 15 0
15 1000005 -0.18622394482253 1075 1
130 1000005 0.10686520932993 16 1
159 1000006 -1.223120822779 1256 1
38 1000005 1.2950224311045 1257 1
0
174
connections
0.6649980050015
step
0.27075
link
1.8999943000043
enable
0.1714747427875
bias
0.309512375
node
0.52631342105618
disable
0.42105073684495
done
15
170 171 0.53052055728179 18 1
96 171 -0.23024174474319 1074 1
147 172 1.259760361034 1054 1
68 1000001 -1.3109569460128 1242 1
170 1000001 1.301198626835 17 0
51 1000001 0.94906460768456 1243 1
171 1000001 1.5282127733046 19 1
69 1000002 1.9429819101535 1053 1
147 1000002 -0.14285721152379 1052 1
172 1000002 -0.090338305307169 1055 1
132 1000003 -0.84676656392102 15 0
15 1000005 0.0047065721610156 1075 1
130 1000005 0.27981568541868 16 1
129 1000004 0.11944944608905 1258 1
124 1000005 -1.3816949980163 1259 0
0
7
1
0
172
connections
0.69999895
step
0.29999955
link
2.2160598338
enable
0.1805
bias
0.361
node
0.49999925
disable
0.3999994
done
9
170 171 1.7947935422834 18 1
6 171 -0.071474349192785 1110 0
172 171 -0.071474349192785 1112 1
6 172 1 1111 1
170 1000001 1.4186312393735 17 0
171 1000001 1.0117590813486 19 0
132 1000003 0.34377582861568 15 0
130 1000004 0.62630085146641 1109 1
130 1000005 -0.24331794049771 16 1
0
1
2
0
173
connections
0.7368398947385
step
0.285
link
1.89999715
enable
0.189999715
bias
0.34295
node
0.5263142105275
disable
0.34295
done
13
170 171 1.047317893053 18 0
172 171 1.047317893053 1215 1
170 172 1 1214 1
37 173 1 1235 1
68 1000001 1.0458693197424 1212 1
170 1000001 1.0701164876324 17 0
171 1000001 1.4807424166921 19 0
44 1000001 0.98361156041139 1234 1
16 1000001 0.50556962797937 1233 1
132 1000003 0.35355394438459 15 0
37 1000004 -1.5058442945647 1213 0
173 1000004 -1.5058442945647 1236 1
130 1000005 0.30762960035554 16 1
0
174
connections
0.77561977839859
step
0.285
link
1.9999940000045
enable
0.18049972925
bias
0.3258025
node
0.55401412742756
disable
0.3609994585
done
17
170 171 1.2645100375886 18 0
172 171 0.76370953708508 1215 1
170 172 1.132075716422 1214 1
37 173 0.72990798669393 1235 1
68 1000001 -0.83248390148625 1212 1
170 1000001 1.0931568941389 17 0
171 1000001 1.3892157282556 19 0
44 1000001 0.82361598559526 1234 0
16 1000001 0.78891705069124 1233 1
132 1000003 0.44946431152226 15 0
37 1000004 -1.6641872920927 1213 0
173 1000004 -1.6690572832423 1236 1
130 1000005 0.58476681157415 16 1
21 1000002 -0.80245368816187 1262 1
61 1000004 0.95260475478378 1263 1
44 174 1 1264 1
174 1000001 0.82361598559526 1265 1
0
0
1
0
173
connections
0.6649990025
step
0.3157885263165
link
2.10525684211
enable
0.210525684211
bias
0.34295
node
0.4749992875
disable
0.37999943
done
9
170 171 1.4424344515852 18 1
171 1000001 -1.5746940519425 19 0
170 1000001 -1.5176854762413 17 0
132 1000003 0.36022807246964 15 0
6 1000004 1.5817187989046 1232 1
130 1000005 0.65388123842229 16 1
164 1000006 0.50333051933509 1231 1
1000002 1000002 1.3542283394879 1254 1
111 1000002 1.7608569597461 1255 1
