31
40000
5
40000
9
3
40000
170
connections
0.69999895
step
0.285
link
1.805
enable
0.22160598338
bias
0.44321196676
node
0.49999925
disable
0.3999994
done
5
170 1000001 1.6575823236793 202 1
1000003 1000002 -1.3870662556841 21 0
47 1000004 1.1698965422529 201 1
122 1000004 -0.29377117221595 20 0
168 1000006 0.56978057191687 200 1
0
170
connections
0.7368398947385
step
0.27075
link
1.89999715
enable
0.23326910628529
bias
0.46653821257058
node
0.4749992875
disable
0.421051368422
done
7
170 1000001 1.8110293893246 202 1
1000003 1000002 -1.46897624897 21 0
47 1000004 1.3215452970977 201 0
122 1000004 -0.30916492965484 20 0
168 1000006 0.30899561296426 200 1
29 1000004 -0.58772545548875 550 1
92 1000006 1.6081423383282 551 1
0
171
connections
0.7368398947385
step
0.29999955
link
1.89999715
enable
0.210525684211
bias
0.46653821257058
node
0.4749992875
disable
0.421051368422
done
9
170 1000001 1.8358498256798 202 1
1000003 1000002 -1.259685240054 21 0
47 1000004 1.0487962264519 201 1
122 1000004 -0.20130938274941 20 0
168 1000006 0.31779266900693 200 1
30 1000005 0.2278511917478 562 1
158 1000006 0.44758445997497 563 0
158 171 1 564 1
171 1000006 0.44758445997497 565 1
40000
9
1
40000
171
connections
0.6649990025
step
0.27075
link
1.71475
enable
0.210525684211
bias
0.46653821257058
node
0.5263142105275
disable
0.421051368422
done
9
170 171 1 245 1
171 1000001 1.7518205435347 246 1
170 1000001 1.7518205435347 202 0
14 1000001 -0.67928098391675 244 0
68 1000002 -1.2228766747032 243 1
1000003 1000002 -0.093081453901791 21 0
122 1000004 -0.16370507675405 20 0
47 1000004 0.75850703451643 201 1
168 1000006 0.21051667836543 200 1
40000
9
4
40000
171
connections
0.631749052375
step
0.285
link
1.8049972925
enable
0.22160565097102
bias
0.44321130194205
node
0.49999850000112
disable
0.3999988000009
done
12
170 171 1 382 1
170 1000001 1.7547625659963 202 1
166 1000001 0.57454145939512 379 1
170 1000002 1.3694875942259 381 0
171 1000002 1.3694875942259 383 1
1000003 1000002 -1.2014644306772 21 0
127 1000003 -0.66133610034486 361 1
122 1000004 -0.46556093020417 20 0
64 1000004 -0.015198217719047 360 1
47 1000004 0.96194143498032 201 0
67 1000005 1.6596575823237 380 1
168 1000006 1.3801080355235 200 1
0
172
connections
0.6649980050015
step
0.27075
link
1.8999943000043
enable
0.23326875638163
bias
0.42105073684495
node
0.52631342105618
disable
0.37999886000085
done
16
170 171 1 382 0
170 1000001 1.7547625659963 202 1
166 1000001 0.57454145939512 379 1
170 1000002 1.3694875942259 381 0
171 1000002 1.3694875942259 383 1
1000003 1000002 -1.2014644306772 21 0
127 1000003 -0.66133610034486 361 1
122 1000004 -0.46556093020417 20 0
64 1000004 -0.015198217719047 360 0
47 1000004 0.96194143498032 201 0
67 1000005 1.6596575823237 380 1
168 1000006 1.3801080355235 200 1
1000001 1000001 -1.4749595629749 552 1
95 1000006 -1.6447645496994 553 1
64 172 1 554 1
172 1000004 -0.015198217719047 555 1
0
172
connections
0.60016159975625
step
0.27075
link
1.8999943000043
enable
0.23326875638163
bias
0.42105073684495
node
0.47499857500107
disable
0.42105073684495
done
16
170 171 0.98120193334758 382 1
170 1000001 1.7449214682455 202 1
166 1000001 0.816222624897 379 1
170 1000002 1.2447427976318 381 0
171 1000002 1.192521355327 383 1
1000003 1000002 -1.1408726844081 21 0
127 1000003 -0.61389886928922 361 1
122 1000004 -1.8303170873135 20 0
64 1000004 -0.2697694860683 360 1
47 1000004 -0.19891964476455 201 0
67 1000005 1.6206319696646 380 0
168 1000006 1.3947085558641 200 1
14 1000001 0.020569475386822 556 1
92 1000001 -0.12372203741569 557 1
67 172 1 558 1
172 1000005 1.6206319696646 559 1
0
171
connections
0.6649980050015
step
0.29999955
link
1.8999943000043
enable
0.23326875638163
bias
0.42105073684495
node
0.52631342105618
disable
0.37999886000085
done
14
170 171 1.0124789998062 382 1
170 1000001 1.4503006073183 202 1
166 1000001 0.70159287561724 379 0
170 1000002 1.598824693379 381 0
171 1000002 1.2275309603336 383 1
1000003 1000002 -1.3837969920423 21 0
127 1000003 -0.9510265133076 361 1
122 1000004 -0.50153304336528 20 0
64 1000004 -0.93295083468123 360 1
47 1000004 0.90137754377117 201 0
67 1000005 1.5706199644841 380 1
168 1000006 0.39106418042543 200 1
40 1000004 0.50886562700278 560 1
111 1000002 -1.5431989501633 561 1
40000
9
1
40000
171
connections
0.7368398947385
step
0.315789
link
1.89999715
enable
0.23326910628529
bias
0.421051368422
node
0.5263142105275
disable
0.421051368422
done
9
47 171 1 389 1
165 1000001 -0.092593157750176 387 1
170 1000001 1.9311016452223 202 1
1000003 1000002 -1.1903763633839 21 0
47 1000004 0.52253791924802 201 0
171 1000004 0.52253791924802 390 1
150 1000004 1.8024842066713 388 1
122 1000004 -0.20715977224036 20 1
168 1000006 0.31069808993805 200 1
0
0
1
0
171
connections
0.6649990025
step
0.27075
link
1.71475
enable
0.23326910628529
bias
0.421051368422
node
0.5263142105275
disable
0.37999943
done
9
170 1000001 -0.66658528397473 202 1
1000003 1000002 -0.058412427137059 21 0
47 1000004 1.383566522721 201 1
122 1000004 -0.11858971678823 20 0
168 1000006 0.46815533158361 200 1
11 1000003 0.58272041993469 546 1
21 1000003 0.8799707022309 547 0
21 171 1 548 0
171 1000003 0.8799707022309 549 1
