78
20000
5
20000
76
2
20000
171
connections
0.736841
step
0.315789
link
2.10526
enable
0.19
bias
0.38
node
0.526315
disable
0.38
done
5
170 171 1 18 1
171 1000001 1.2115237891781 19 1
170 1000001 1.2115237891781 17 0
132 1000003 0.3961912900174 15 0
130 1000005 0.28962065492721 16 1
0
171
connections
0.77562094183
step
0.29999955
link
2.2160598338
enable
0.1999997
bias
0.361
node
0.49999925
disable
0.361
done
7
170 171 0.76839232714774 18 1
171 1000001 1.8991668446913 19 1
170 1000001 1.4239414520569 17 0
132 1000003 0.63580090405133 15 0
130 1000005 0.57103446053499 16 1
143 171 0.11981566820277 1468 1
44 1000003 0.46223334452345 1469 1
0
13
4
0
173
connections
0.7368398947385
step
0.285
link
1.89999715
enable
0.189999715
bias
0.34295
node
0.5263142105275
disable
0.34295
done
13
170 171 1.047317893053 18 0
172 171 1.047317893053 1215 1
170 172 1 1214 1
37 173 1 1235 1
68 1000001 1.0458693197424 1212 1
170 1000001 1.0701164876324 17 0
171 1000001 1.4807424166921 19 0
44 1000001 0.98361156041139 1234 1
16 1000001 0.50556962797937 1233 1
132 1000003 0.35355394438459 15 0
37 1000004 -1.5058442945647 1213 0
173 1000004 -1.5058442945647 1236 1
130 1000005 0.30762960035554 16 1
0
175
connections
0.77561977839859
step
0.27075
link
1.8049972925
enable
0.18049972925
bias
0.3609994585
node
0.55401412742756
disable
0.3258025
done
17
170 171 0.99525344559059 18 0
172 171 0.91314235408847 1215 1
170 172 0.88062607959227 1214 1
37 173 0.74422740581225 1235 1
68 1000001 0.90704863355968 1212 1
170 1000001 0.84216823939482 17 0
171 1000001 1.6787955417875 19 0
44 1000001 1.1852342524491 1234 0
16 1000001 0.20663338691214 1233 1
132 1000003 0.33088884687796 15 0
37 1000004 -1.4788329187902 1213 0
173 1000004 -1.6776710180975 1236 1
130 1000005 0.52207629214911 16 1
48 1000001 -1.261329996643 1473 1
89 1000002 1.4693441572314 1474 1
44 175 1 1475 1
175 1000001 1.1852342524491 1476 1
0
173
connections
0.77561977839859
step
0.29999955
link
1.9999940000045
enable
0.18049972925
bias
0.3609994585
node
0.49999850000112
disable
0.3609994585
done
16
170 171 1.047317893053 18 0
172 171 1.047317893053 1215 1
170 172 1 1214 1
37 173 1 1235 1
68 1000001 1.0458693197424 1212 1
170 1000001 1.0701164876324 17 0
171 1000001 1.4807424166921 19 0
44 1000001 0.98361156041139 1234 1
16 1000001 0.50556962797937 1233 1
132 1000003 0.35355394438459 15 0
37 1000004 -1.5058442945647 1213 0
173 1000004 -1.5058442945647 1236 1
130 1000005 0.30762960035554 16 1
18 1000006 -0.27448347422712 1477 1
50 1000001 -1.9177220984527 1478 1
170 1000006 -1.3215124973296 1479 1
0
174
connections
0.77561977839859
step
0.27075
link
1.9999940000045
enable
0.19999940000045
bias
0.3609994585
node
0.55401412742756
disable
0.3258025
done
17
170 171 0.94038787962483 18 0
172 171 1.290651635843 1215 1
170 172 1.2112572176275 1214 1
37 173 -0.070741904965361 1235 1
68 1000001 0.98982216101566 1212 1
170 1000001 1.3392304361171 17 0
171 1000001 1.6297800994217 19 0
44 1000001 0.88722499008148 1234 0
16 1000001 0.61831671346171 1233 1
132 1000003 0.41184860822321 15 1
37 1000004 -1.418332064272 1213 0
173 1000004 -1.7345362025819 1236 1
130 1000005 0.5266704570101 16 1
81 1000002 0.086489455854976 1480 1
52 172 1.8068788720359 1481 1
44 174 1 1482 1
174 1000001 0.88722499008148 1483 1
0
6
2
0
172
connections
0.7368398947385
step
0.285
link
2.10525684211
enable
0.210525684211
bias
0.37999943
node
0.4749992875
disable
0.37999943
done
11
170 171 1.2755247149312 18 1
143 171 -1.3339640491958 1340 1
130 172 1 1341 1
171 1000001 1.5398850845622 19 1
115 1000001 -1.3842585528123 1339 1
170 1000001 0.78763886488083 17 0
96 1000002 0.25515472884304 1325 1
132 1000003 -1.6801660206915 15 0
100 1000004 -0.99269188512833 1326 1
130 1000005 0.20697511784265 16 0
172 1000005 0.20697511784265 1342 1
0
172
connections
0.69999790000157
step
0.27075
link
1.9999940000045
enable
0.22160565097102
bias
0.3999988000009
node
0.451249323125
disable
0.3609994585
done
13
170 171 1.0282082608768 18 1
143 171 -1.1618894390698 1340 1
130 172 1.1647536927396 1341 1
171 1000001 -1.4269844660787 19 1
115 1000001 -1.5531271629994 1339 1
170 1000001 0.60657423430738 17 0
96 1000002 1.1398663289285 1325 1
132 1000003 -1.5740788216803 15 0
100 1000004 -1.0456817758721 1326 1
130 1000005 0.32172612689596 16 0
172 1000005 0.40681302640919 1342 1
34 1000003 0.74666585283975 1484 0
93 1000005 -1.280373546556 1485 1
0
1
1
0
172
connections
0.7368398947385
step
0.315789
link
2.10525684211
enable
0.171475
bias
0.421051368422
node
0.58317276571322
disable
0.37999943
done
13
170 171 1.0588556603595 18 1
101 171 -1.8399609363079 1429 1
4 171 0.17120883816034 1448 1
37 172 1 1451 1
37 1000001 1.2662129581591 1449 0
172 1000001 1.2662129581591 1452 1
170 1000001 1.2276664502396 17 1
171 1000001 1.4799738332774 19 1
132 1000003 0.36029193929868 15 0
28 1000004 1.1338847010712 1430 1
1000001 1000005 1.0840784936064 1450 1
130 1000005 0.10877466399121 16 1
143 1000006 0.10724204229865 1428 1
0
0
1
0
171
connections
0.7368398947385
step
0.3157885263165
link
2.10525684211
enable
0.210525684211
bias
0.37999943
node
0.58317276571322
disable
0.34295
done
10
170 171 1.2667326633966 18 1
134 171 -0.74373607593005 1444 1
170 1000001 0.96197612299732 17 0
56 1000001 0.66304513687551 1445 1
171 1000001 1.2556630588864 19 1
132 1000003 -0.81746879482406 15 0
130 1000005 0.0835325684821 16 0
60 1000005 -1.5952024903104 1470 1
124 1000004 -0.39887691885128 1471 1
170 1000004 0.59773552659688 1472 1
