148
20000
4
20000
146
4
20000
171
connections
0.736841
step
0.315789
link
2.10526
enable
0.19
bias
0.38
node
0.526315
disable
0.38
done
5
170 171 1 18 1
171 1000001 1.2115237891781 19 1
170 1000001 1.2115237891781 17 0
132 1000003 0.3961912900174 15 0
130 1000005 0.28962065492721 16 1
0
171
connections
0.69999895
step
0.29999955
link
1.999997
enable
0.1805
bias
0.361
node
0.49999925
disable
0.361
done
7
170 171 1.0937069427854 18 1
171 1000001 1.0856076598056 19 1
170 1000001 -0.98666341135899 17 0
132 1000003 0.27082449299142 15 0
130 1000005 0.23433035424512 16 1
101 1000002 -1.998779259621 2870 1
8 1000001 -0.76082644123661 2871 1
0
172
connections
0.77562094183
step
0.29999955
link
1.999997
enable
0.1805
bias
0.361
node
0.49999925
disable
0.3999994
done
7
170 171 1.0461530726508 18 1
171 1000001 -1.2828150273141 19 1
170 1000001 1.129297892436 17 0
132 1000003 0.33295398138829 15 0
130 1000005 0.44781921519974 16 0
164 1000005 0.76631977294229 2872 1
1000004 1000005 1.4966887417219 2873 1
0
172
connections
0.69999895
step
0.285
link
1.999997
enable
0.1999997
bias
0.361
node
0.55401495845
disable
0.361
done
8
170 171 1.0793150120548 18 1
171 1000001 1.2600834681234 19 1
170 1000001 1.460932493057 17 0
132 1000003 0.48444761497848 15 0
130 1000005 0.039081240272225 16 1
103 1000002 1.5872676778466 2878 1
50 1000005 -1.7713553270058 2879 1
170 1000002 0.080263679921873 2880 1
0
9
3
0
174
connections
0.77562094183
step
0.29999955
link
1.999997
enable
0.1805
bias
0.361
node
0.55401495845
disable
0.3999994
done
9
170 171 -1.9329813531907 18 1
109 171 1.7592699972533 2694 0
174 171 1.7592699972533 2697 0
109 174 1 2696 1
171 1000001 -1.469832453383 19 1
170 1000001 1.1079654863109 17 0
132 1000003 0.37322004239174 15 0
130 1000005 0.068157319408246 16 1
67 1000006 -0.4760277108066 2695 1
0
175
connections
0.77561977839859
step
0.29999955
link
1.9999940000045
enable
0.19999940000045
bias
0.3609994585
node
0.55401412742756
disable
0.3999988000009
done
13
170 171 -2.1777913134388 18 1
109 171 1.7285714746193 2694 0
174 171 1.8929683348689 2697 0
109 174 0.76897828165075 2696 1
170 1000001 0.95698149085665 17 0
171 1000001 -1.582326562421 19 1
138 1000001 -1.2214270392544 2861 1
132 1000003 0.095120541941587 15 0
130 1000005 0.12181793412885 16 1
12 1000006 -1.844779422869 2860 1
67 1000006 -0.22942326489303 2695 1
113 1000006 -1.5042573320719 2874 1
17 1000005 1.5583361308634 2875 1
0
174
connections
0.69999790000157
step
0.33240897507
link
1.9999940000045
enable
0.19999940000045
bias
0.3609994585
node
0.55401412742756
disable
0.3609994585
done
13
170 171 -1.6446203461908 18 1
109 171 2.0288837345633 2694 1
174 171 1.5093165460143 2697 0
109 174 1.0641647623315 2696 1
170 1000001 1.2311111068552 17 0
171 1000001 -1.4179426890627 19 1
138 1000001 -1.1756175773595 2861 1
132 1000003 0.60215382761482 15 0
130 1000005 -0.21608496925066 16 1
12 1000006 0.21503341776788 2860 1
67 1000006 -0.50154144634239 2695 1
58 1000001 1.1302224799341 2876 1
60 1000002 -1.0459913937803 2877 1
0
4
2
0
172
connections
0.7368398947385
step
0.3157885263165
link
1.89999715
enable
0.210525684211
bias
0.421051368422
node
0.5263142105275
disable
0.37999943
done
12
170 171 0.98482168807101 18 1
29 171 -1.9785242540524 2783 1
111 171 1.0116885891293 2804 1
6 172 1 2806 1
170 1000001 1.2420764773497 17 0
171 1000001 1.2231619632245 19 1
170 1000002 -0.56575212866604 2805 1
132 1000003 0.24822850079214 15 0
6 1000004 1.1756340220344 2803 0
172 1000004 1.1756340220344 2807 1
130 1000005 0.77828841537825 16 1
45 1000006 1.6713862724243 2782 1
0
173
connections
0.77561977839859
step
0.29999910000067
link
1.9999940000045
enable
0.19999940000045
bias
0.3999988000009
node
0.55401412742756
disable
0.3999988000009
done
16
170 171 0.91933221505533 18 1
29 171 -2.049268998634 2783 1
111 171 1.2315219089363 2804 1
6 172 0.74663914626549 2806 0
170 1000001 1.375170349743 17 0
171 1000001 1.1690420239875 19 1
170 1000002 -0.70296598747856 2805 1
132 1000003 0.30632030930388 15 0
6 1000004 1.0820004640124 2803 0
172 1000004 1.2648729278758 2807 1
130 1000005 0.85146852970991 16 1
45 1000006 1.664125940801 2782 1
100 1000005 0.21662038026063 2881 1
52 1000003 0.32502212591937 2882 1
52 173 1 2883 1
173 1000003 0.32502212591937 2884 1
0
2
1
0
171
connections
0.7368398947385
step
0.285
link
2.3326910628529
enable
0.171475
bias
0.37999943
node
0.58317276571322
disable
0.421051368422
done
10
170 171 0.73637913144322 18 1
73 171 1.5529299295022 2822 1
123 1000001 -1.5864131595813 2821 1
170 1000001 1.476536301767 17 0
171 1000001 0.99751503036592 19 1
132 1000003 0.42185842463454 15 0
76 1000005 1.7801446577349 2839 1
130 1000005 0.57011520737327 16 1
155 1000005 -0.84286019470809 2838 1
92 1000006 1.5124730674154 2823 1
