184
20000
5
20000
182
3
20000
171
connections
0.736841
step
0.315789
link
2.10526
enable
0.19
bias
0.38
node
0.526315
disable
0.38
done
5
170 171 1 18 1
171 1000001 1.2115237891781 19 1
170 1000001 1.2115237891781 17 0
132 1000003 0.3961912900174 15 0
130 1000005 0.28962065492721 16 1
0
171
connections
0.69999895
step
0.33240897507
link
2.2160598338
enable
0.1805
bias
0.361
node
0.55401495845
disable
0.361
done
8
170 171 1.2191949438257 18 1
171 1000001 1.3444285403727 19 1
170 1000001 0.88432915210631 17 0
132 1000003 0.3319803460799 15 0
130 1000005 0.40041012044861 16 0
119 1000006 0.72884304330577 3550 1
60 1000004 1.3420209356975 3551 1
170 1000006 -1.3408001953185 3552 1
0
172
connections
0.77562094183
step
0.29999955
link
1.999997
enable
0.1999997
bias
0.3999994
node
0.49999925
disable
0.361
done
9
170 171 1 18 1
171 1000001 1.2115237891781 19 0
170 1000001 1.2115237891781 17 0
132 1000003 0.3961912900174 15 0
130 1000005 0.28962065492721 16 1
157 1000006 -0.55879390850551 3553 1
61 1000005 1.1818597979675 3554 1
171 172 1 3555 1
172 1000001 1.2115237891781 3556 1
0
4
2
0
172
connections
0.77562094183
step
0.29999955
link
1.999997
enable
0.1805
bias
0.3999994
node
0.49999925
disable
0.361
done
9
170 171 1.2370643741615 18 1
155 172 1 3469 1
171 1000001 0.93650054986877 19 1
170 1000001 -1.3215124973296 17 0
2 1000003 -0.64998321481979 3467 1
132 1000003 0.36970122379223 15 0
155 1000004 1.4665364543596 3468 0
172 1000004 1.4665364543596 3470 1
130 1000005 0.91940061647389 16 0
0
173
connections
0.7368398947385
step
0.3157885263165
link
1.89999715
enable
0.189999715
bias
0.37999943
node
0.5263142105275
disable
0.37999943
done
14
170 171 1.2370643741615 18 1
155 172 1 3469 1
171 1000001 0.93650054986877 19 1
170 1000001 -1.3215124973296 17 0
2 1000003 -0.64998321481979 3467 1
132 1000003 0.36970122379223 15 1
155 1000004 1.4665364543596 3468 0
172 1000004 1.4665364543596 3470 1
130 1000005 0.91940061647389 16 0
150 1000006 -0.66768395031587 3562 1
138 1000004 1.8900112918485 3563 0
170 1000004 -0.68672750022889 3564 1
138 173 1 3565 1
173 1000004 1.8900112918485 3566 1
0
4
2
0
171
connections
0.7368398947385
step
0.2849995725
link
2.3326910628529
enable
0.189999715
bias
0.34295
node
0.58317276571322
disable
0.421051368422
done
10
170 171 0.87677697245651 18 1
56 171 2.0647810486762 3450 1
170 1000001 0.99430541936728 17 1
171 1000001 1.0625077768554 19 1
132 1000003 0.30383433147366 15 0
52 1000004 -1.8922086245308 3472 1
130 1000005 -0.074396713410977 16 1
99 1000005 0.14667195654164 3473 1
71 1000006 -1.5371575941327 3451 1
2 1000006 1.0254829554125 3471 1
0
172
connections
0.69999790000157
step
0.29999910000067
link
2.4554605934908
enable
0.18049972925
bias
0.3609994585
node
0.61386514837271
disable
0.3999988000009
done
14
170 171 0.81000572588817 18 1
56 171 2.0627027444158 3450 1
170 1000001 1.1011595560325 17 0
171 1000001 1.1355597138318 19 1
132 1000003 0.36110214270155 15 0
52 1000004 -1.6478934298679 3472 1
130 1000005 0.017369117434287 16 1
99 1000005 0.36344733087301 3473 1
71 1000006 -1.5244039472837 3451 1
2 1000006 0.94917165140215 3471 1
155 171 0.1699880977813 3567 1
20 1000002 0.19183935056612 3568 1
170 172 1 3569 1
172 1000001 1.1011595560325 3570 1
0
2
2
0
172
connections
0.77562094183
step
0.29999955
link
2.2160598338
enable
0.1999997
bias
0.361
node
0.49999925
disable
0.3999994
done
10
170 171 1.1540053233604 18 1
35 172 1 3515 1
170 1000001 1.0586171305109 17 0
171 1000001 1.394423993968 19 1
115 1000002 -1.3492233039338 3513 1
35 1000003 0.67122409741508 3512 0
172 1000003 0.67122409741508 3516 1
132 1000003 0.25148799439222 15 0
170 1000004 -0.14679403057955 3514 0
130 1000005 0.42895880463424 16 1
0
173
connections
0.7368398947385
step
0.3157885263165
link
2.10525684211
enable
0.210525684211
bias
0.34295
node
0.5263142105275
disable
0.421051368422
done
13
170 171 1.095053377333 18 1
35 172 0.96587398383475 3515 1
170 1000001 0.78006749898752 17 0
171 1000001 -0.90670491653188 19 1
115 1000002 -1.1940323301103 3513 1
35 1000003 0.55205770659799 3512 0
172 1000003 -1.7552415540025 3516 1
132 1000003 -1.0638142033143 15 0
170 1000004 0.1688017478343 3514 0
130 1000005 0.3220897300066 16 1
42 1000005 -1.0227973265786 3559 1
1 1000002 -0.87411114841151 3560 1
170 1000003 1.5811639759514 3561 1
0
0
1
0
173
connections
0.8164406473357
step
0.34990313457244
link
1.8999943000043
enable
0.1714747427875
bias
0.37999886000085
node
0.47499857500107
disable
0.37999886000085
done
17
170 171 1.0320519256398 18 1
86 171 0.60898390465682 3523 1
155 172 1 3469 1
29 172 -1.4128911733307 3522 1
171 173 1.0768657193552 3524 1
160 173 -0.91280861842708 3542 1
170 1000001 -1.591602148065 17 0
173 1000001 1.3264121800439 3525 1
171 1000001 0.93650054986877 19 1
2 1000003 -0.64998321481979 3467 1
63 1000003 1.6542863246559 3541 1
132 1000003 0.69296910994384 15 0
155 1000004 1.4341209868772 3468 0
172 1000004 1.7922494873986 3470 1
130 1000005 1.2278785934959 16 0
99 173 1.2125003814814 3557 1
167 1000002 -1.6387829218421 3558 1
