166
20000
4
20000
164
4
20000
171
connections
0.736841
step
0.315789
link
2.10526
enable
0.19
bias
0.38
node
0.526315
disable
0.38
done
5
170 171 1 18 1
171 1000001 1.2115237891781 19 1
170 1000001 1.2115237891781 17 0
132 1000003 0.3961912900174 15 0
130 1000005 0.28962065492721 16 1
0
171
connections
0.69999895
step
0.33240897507
link
1.999997
enable
0.1805
bias
0.361
node
0.55401495845
disable
0.361
done
7
170 171 1.041440799071 18 1
171 1000001 1.3905257229869 19 1
170 1000001 1.2793000385279 17 0
132 1000003 0.6389826349788 15 0
130 1000005 0.27066034808173 16 1
161 1000001 -0.77132480849635 3207 1
121 1000001 -1.4029358806116 3208 1
0
173
connections
0.69999895
step
0.29999955
link
1.999997
enable
0.1999997
bias
0.3999994
node
0.49999925
disable
0.3999994
done
9
170 171 1 18 1
171 1000001 1.2115237891781 19 1
170 1000001 1.2115237891781 17 0
132 1000003 0.3961912900174 15 0
130 1000005 0.28962065492721 16 1
134 1000003 0.28693502609333 3209 1
112 1000001 -0.066469313638722 3210 0
112 173 1 3211 1
173 1000001 -0.066469313638722 3212 1
0
172
connections
0.69999895
step
0.315789
link
2.2160598338
enable
0.1999997
bias
0.361
node
0.55401495845
disable
0.361
done
8
170 171 -0.87874996185186 18 1
171 1000001 1.117587957915 19 1
170 1000001 1.5146106833399 17 0
132 1000003 0.1134393300882 15 0
130 1000005 0.58937300537126 16 0
93 1000004 -1.83983886227 3217 1
8 1000005 -0.57539597766045 3218 1
170 1000006 1.0331736198004 3219 1
0
14
3
0
172
connections
0.7368398947385
step
0.285
link
1.89999715
enable
0.189999715
bias
0.421051368422
node
0.4749992875
disable
0.34295
done
11
170 171 1.00984977987 18 0
172 171 1.00984977987 2942 1
170 172 1 2941 1
170 1000001 1.258461839259 17 1
171 1000001 1.1245440014344 19 1
7 1000003 -0.4451429792169 2940 1
145 1000003 2.1702815332499 2922 1
132 1000003 0.4053030883816 15 0
76 1000004 0.072983336893826 2923 1
130 1000005 0.53774355342265 16 1
81 1000006 1.6131473738823 2939 1
0
173
connections
0.8164406473357
step
0.3157885263165
link
1.714747427875
enable
0.21052536842247
bias
0.37999886000085
node
0.47499857500107
disable
0.37999886000085
done
16
170 171 0.41732616566089 18 0
172 171 1.0422796144919 2942 1
170 172 1.0335092228768 2941 1
171 1000001 0.96241410311525 19 1
170 1000001 1.3880366168195 17 1
7 1000003 -0.324974299306 2940 1
145 1000003 1.9141488177151 2922 1
132 1000003 0.26184864189179 15 1
76 1000004 0.065935305197754 2923 1
46 1000005 0.73239921354447 3197 1
170 1000005 2.1733089679482 3199 1
130 1000005 0.48973968826617 16 1
103 1000006 1.3122309705855 3198 1
81 1000006 1.4066276335815 2939 1
126 172 0.10907315286721 3213 1
158 1000003 0.5739310892056 3214 1
0
172
connections
0.77561977839859
step
0.285
link
1.8049972925
enable
0.18049972925
bias
0.3999988000009
node
0.49999850000112
disable
0.3609994585
done
13
170 171 1.0960534298837 18 0
172 171 1.2343132644734 2942 1
170 172 1.253705404828 2941 1
170 1000001 1.3609129333476 17 1
171 1000001 1.3300811272011 19 1
7 1000003 -0.37162068544572 2940 1
145 1000003 1.9459212012085 2922 1
132 1000003 0.55553975942259 15 0
76 1000004 -0.19281197546312 2923 1
130 1000005 0.30787005264443 16 1
81 1000006 1.6987421796319 2939 1
39 1000001 1.6048463393048 3220 1
152 1000006 0.78975798821986 3221 1
0
11
2
0
173
connections
0.69999895
step
0.29999955
link
2.2160598338
enable
0.1805
bias
0.361
node
0.49999925
disable
0.3999994
done
10
170 171 1.8790246284371 18 1
1000004 171 -0.78975798821986 2999 1
130 173 1 3002 1
171 1000001 1.0358015270501 19 1
170 1000001 1.4729968306055 17 0
170 1000002 0.2831507309183 3001 1
132 1000003 -0.13519699697867 15 0
130 1000005 0.34803132168045 16 0
137 1000005 -0.84273812067019 3000 1
173 1000005 0.34803132168045 3003 1
0
173
connections
0.6649990025
step
0.3157885263165
link
2.3326910628529
enable
0.171475
bias
0.37999943
node
0.5263142105275
disable
0.37999943
done
12
170 171 1.8790246284371 18 1
1000004 171 -0.78975798821986 2999 1
130 173 1 3002 1
171 1000001 1.0358015270501 19 1
170 1000001 1.4729968306055 17 0
170 1000002 0.2831507309183 3001 1
132 1000003 -0.13519699697867 15 0
130 1000005 0.34803132168045 16 0
137 1000005 -0.84273812067019 3000 1
173 1000005 0.34803132168045 3003 1
35 1000005 -1.2364268929106 3215 1
72 173 -1.3328653828547 3216 1
0
0
1
0
172
connections
0.7368398947385
step
0.315789
link
1.89999715
enable
0.189999715
bias
0.34295
node
0.4749992875
disable
0.37999943
done
10
170 171 0.88870181186307 18 1
171 1000001 1.2115237891781 19 1
170 1000001 1.2115237891781 17 1
132 1000003 0.3961912900174 15 0
130 1000005 0.28962065492721 16 1
148 1000006 0.40314951017792 3189 1
117 1000006 -1.4764244514298 3190 1
129 171 -1.5197607348857 3204 1
45 1000003 -1.8813440351573 3205 1
170 1000006 0.25165562913907 3206 0
