98
20000
4
20000
96
4
20000
171
connections
0.736841
step
0.315789
link
2.10526
enable
0.19
bias
0.38
node
0.526315
disable
0.38
done
5
170 171 1 18 1
171 1000001 1.2115237891781 19 1
170 1000001 1.2115237891781 17 0
132 1000003 0.3961912900174 15 0
130 1000005 0.28962065492721 16 1
0
172
connections
0.77562094183
step
0.33240897507
link
2.2160598338
enable
0.1805
bias
0.361
node
0.49999925
disable
0.361
done
8
170 171 1 18 1
171 1000001 1.2115237891781 19 1
170 1000001 1.2115237891781 17 1
132 1000003 0.3961912900174 15 0
130 1000005 0.28962065492721 16 1
15 1000004 -0.95162816248054 1857 1
66 1000005 -0.72127445295572 1858 1
170 1000004 -0.0051881466109196 1859 1
0
172
connections
0.77562094183
step
0.29999955
link
1.999997
enable
0.1805
bias
0.361
node
0.55401495845
disable
0.3999994
done
8
170 171 0.79031068777581 18 1
171 1000001 1.4786366426969 19 1
170 1000001 0.98776207770013 17 0
132 1000003 0.59588275353404 15 0
130 1000005 0.35761884389325 16 1
51 1000004 -0.31012909329508 1860 0
85 1000006 0.86983855708487 1861 1
170 1000002 -1.6802880947295 1862 1
0
172
connections
0.77562094183
step
0.33240897507
link
1.999997
enable
0.1999997
bias
0.361
node
0.55401495845
disable
0.3999994
done
7
170 171 1 18 1
171 1000001 1.2115237891781 19 1
170 1000001 1.2115237891781 17 0
132 1000003 0.3961912900174 15 0
130 1000005 0.28962065492721 16 1
167 1000003 0.94271675771355 1871 1
2 1000006 -1.3865779595325 1872 1
0
11
2
0
173
connections
0.85941120772179
step
0.33240847645654
link
1.9999940000045
enable
0.18049972925
bias
0.44321130194205
node
0.49999850000112
disable
0.3999988000009
done
12
170 171 0.56481626675378 18 1
6 171 -0.11151463362529 1642 1
170 1000001 -1.6940824610126 17 0
171 1000001 0.75820467512092 19 0
89 1000002 0.07432380058743 1610 0
132 1000003 0.89601660988125 15 0
98 1000005 1.8205978888207 1611 1
130 1000005 0.25983561935065 16 1
51 1000005 0.50898770104068 1643 1
83 1000006 -2.1007109181984 1631 1
93 1000006 0.91329691457869 1632 1
170 1000006 -0.34662923062838 1644 1
0
173
connections
0.90464201958419
step
0.315789
link
2.1052536842247
enable
0.1714747427875
bias
0.46653751276326
node
0.47499857500107
disable
0.42105073684495
done
14
170 171 0.71580556278333 18 1
6 171 -0.42504847978149 1642 1
170 1000001 -1.4764408402661 17 0
171 1000001 0.63942360193753 19 0
89 1000002 0.0018601178883728 1610 0
132 1000003 1.1606695146025 15 0
98 1000005 1.6206120024411 1611 1
130 1000005 -0.0015598409295108 16 1
51 1000005 0.40369900128178 1643 1
83 1000006 -2.1948394976533 1631 1
93 1000006 1.147611253914 1632 1
170 1000006 -0.15475804312265 1644 1
90 1000006 1.773674733726 1863 1
104 1000004 0.078432569353313 1864 1
0
10
3
0
172
connections
0.7368398947385
step
0.315789
link
2.10525684211
enable
0.189999715
bias
0.421051368422
node
0.4749992875
disable
0.37999943
done
11
170 171 1.0110541087985 18 1
5 171 -1.5532090212714 1649 1
62 171 -1.0486770226142 1665 1
137 172 1 1667 1
170 1000001 1.0953448165838 17 0
171 1000001 0.91283155378887 19 1
137 1000002 -0.60615863521226 1666 0
172 1000002 -0.60615863521226 1668 1
34 1000002 -0.1270180364391 1650 1
132 1000003 0.59027908172857 15 0
130 1000005 0.1888615376751 16 1
0
172
connections
0.77561977839859
step
0.29999955
link
2.2160565097102
enable
0.18049972925
bias
0.44321130194205
node
0.451249323125
disable
0.3609994585
done
13
170 171 1.277471141345 18 1
5 171 -1.4973327660863 1649 1
62 171 -1.1523085697943 1665 1
137 172 0.98937041909391 1667 0
170 1000001 1.084660302443 17 0
171 1000001 -1.9733878597369 19 1
137 1000002 -0.78997439391308 1666 0
172 1000002 -0.47425478326212 1668 1
34 1000002 0.08091341227607 1650 1
132 1000003 0.71952782733695 15 0
130 1000005 1.8126163518174 16 1
112 1000006 -0.48835718863491 1865 1
159 171 -1.8375194555498 1866 1
0
173
connections
0.69999790000157
step
0.33240897507
link
1.9999940000045
enable
0.18049972925
bias
0.3999988000009
node
0.451249323125
disable
0.3609994585
done
15
170 171 1.1477935287933 18 0
5 171 -1.7561522735153 1649 1
62 171 -1.0245429562764 1665 1
137 172 0.79930885482925 1667 1
170 1000001 1.1658601150765 17 0
171 1000001 1.0998071639917 19 1
137 1000002 -0.36273832341061 1666 0
172 1000002 -0.30095754829612 1668 1
34 1000002 -0.10134198688003 1650 1
132 1000003 0.59832377050784 15 0
130 1000005 0.31397521575177 16 1
69 1000004 -1.8150578325755 1867 1
170 1000004 -1.4854579302347 1868 1
170 173 1 1869 1
173 171 1.1477935287933 1870 1
0
1
1
0
172
connections
0.69999895
step
0.285
link
1.999997
enable
0.1999997
bias
0.3999994
node
0.55401495845
disable
0.3999994
done
10
170 171 1.0062537003693 18 1
87 171 -0.78145695364238 1832 1
130 172 1 1834 1
170 1000001 1.3858880886258 17 0
171 1000001 1.452739188818 19 1
39 1000002 -1.9958494827113 1831 1
170 1000002 -0.84432508316294 1833 1
132 1000003 0.41356074709311 15 0
130 1000005 0.047204962309641 16 0
172 1000005 0.047204962309641 1835 1
