149
20000
5
20000
147
4
20000
171
connections
0.736841
step
0.315789
link
2.10526
enable
0.19
bias
0.38
node
0.526315
disable
0.38
done
5
170 171 1 18 1
171 1000001 1.2115237891781 19 1
170 1000001 1.2115237891781 17 0
132 1000003 0.3961912900174 15 0
130 1000005 0.28962065492721 16 1
0
172
connections
0.77562094183
step
0.33240897507
link
1.999997
enable
0.1999997
bias
0.3999994
node
0.55401495845
disable
0.3999994
done
7
170 171 0.94634009295438 18 1
171 1000001 -1.5034505080965 19 1
170 1000001 1.2499617788183 17 0
132 1000003 0.63583780077757 15 1
130 1000005 0.51520671341995 16 1
146 1000004 -1.2615741447188 2890 0
7 1000004 1.8018738364818 2891 1
0
171
connections
0.77562094183
step
0.315789
link
1.999997
enable
0.1805
bias
0.361
node
0.49999925
disable
0.3999994
done
7
170 171 1.1388461599475 18 1
171 1000001 -0.39777825251015 19 1
170 1000001 1.3078689728385 17 1
132 1000003 0.4900885716422 15 0
130 1000005 0.3184075973693 16 1
74 1000002 -1.6578264717551 2892 1
13 1000006 -0.29718924527726 2893 1
0
171
connections
0.69999895
step
0.33240897507
link
1.999997
enable
0.1805
bias
0.361
node
0.49999925
disable
0.361
done
7
170 171 1 18 1
171 1000001 1.2115237891781 19 1
170 1000001 1.2115237891781 17 0
132 1000003 0.3961912900174 15 0
130 1000005 0.28962065492721 16 1
17 171 1.6718649861141 2904 1
97 1000006 0.30634479812006 2905 1
0
10
1
0
174
connections
0.77562094183
step
0.29999955
link
1.999997
enable
0.1805
bias
0.361
node
0.55401495845
disable
0.3999994
done
9
170 171 -1.9329813531907 18 1
109 171 1.7592699972533 2694 0
174 171 1.7592699972533 2697 0
109 174 1 2696 1
170 1000001 1.1079654863109 17 0
171 1000001 -1.469832453383 19 1
132 1000003 0.37322004239174 15 0
130 1000005 0.068157319408246 16 1
67 1000006 -0.4760277108066 2695 1
0
5
3
0
172
connections
0.7368398947385
step
0.3157885263165
link
1.89999715
enable
0.210525684211
bias
0.421051368422
node
0.5263142105275
disable
0.37999943
done
12
170 171 0.98482168807101 18 1
29 171 -1.9785242540524 2783 1
111 171 1.0116885891293 2804 1
6 172 1 2806 1
170 1000001 1.2420764773497 17 0
171 1000001 1.2231619632245 19 1
170 1000002 -0.56575212866604 2805 1
132 1000003 0.24822850079214 15 0
172 1000004 1.1756340220344 2807 1
6 1000004 1.1756340220344 2803 0
130 1000005 0.77828841537825 16 1
45 1000006 1.6713862724243 2782 1
0
172
connections
0.69999790000157
step
0.33240847645654
link
1.9999940000045
enable
0.22160565097102
bias
0.44321130194205
node
0.55401412742756
disable
0.3609994585
done
14
170 171 0.98482168807101 18 1
29 171 -1.9785242540524 2783 1
111 171 1.0116885891293 2804 1
6 172 1 2806 0
170 1000001 1.2420764773497 17 0
171 1000001 1.2231619632245 19 1
170 1000002 -0.56575212866604 2805 1
132 1000003 0.24822850079214 15 0
172 1000004 1.1756340220344 2807 1
6 1000004 1.1756340220344 2803 0
130 1000005 0.77828841537825 16 1
45 1000006 1.6713862724243 2782 1
137 1000001 1.1769768364513 2898 1
89 1000005 0.53755302591021 2899 1
0
173
connections
0.77561977839859
step
0.29999910000067
link
1.8049972925
enable
0.19999940000045
bias
0.44321130194205
node
0.55401412742756
disable
0.3609994585
done
16
170 171 0.97221452962803 18 1
29 171 -2.1808888314417 2783 1
111 171 0.89901153832489 2804 1
6 172 0.68343150120548 2806 1
170 1000001 1.2281143011511 17 0
171 1000001 0.95031815148952 19 1
170 1000002 -0.85245740582052 2805 1
132 1000003 0.38584520272122 15 0
172 1000004 1.4228972958683 2807 1
6 1000004 0.9703396765247 2803 0
130 1000005 1.0324549553459 16 1
45 1000006 1.433022169256 2782 1
2 1000006 -1.2593768120365 2900 1
28 171 1.3378704184088 2901 0
28 173 1 2902 1
173 171 1.3378704184088 2903 1
0
0
1
0
173
connections
0.69999895
step
0.29999955
link
1.999997
enable
0.1999997
bias
0.361
node
0.55401495845
disable
0.3999994
done
10
170 171 1.1421031225181 18 0
171 1000001 -1.1061772112751 19 1
170 1000001 1.1325755754372 17 0
132 1000003 0.48632757255013 15 0
130 1000005 0.43780305541398 16 1
60 1000001 -1.2133548997467 2885 1
117 1000003 1.8312936796167 2886 1
170 1000005 1.0091250343333 2887 1
170 173 1 2888 0
173 171 1.1421031225181 2889 1
0
0
1
0
176
connections
0.8164406473357
step
0.3157885263165
link
2.1052536842247
enable
0.18999943000043
bias
0.342949485575
node
0.58317189095407
disable
0.37999886000085
done
17
170 171 -2.0854353067965 18 1
109 171 1.6327468548138 2694 0
174 171 2.1651187360241 2697 0
109 174 0.57661671803949 2696 1
171 1000001 -1.3520152978845 19 1
138 1000001 -1.3944086444931 2861 1
170 1000001 0.93397702867466 17 0
132 1000003 0.57197790459914 15 0
17 1000005 1.3428728878793 2875 1
130 1000005 0.12379400150991 16 1
67 1000006 -0.15902209344792 2695 0
12 1000006 -1.9953611865596 2860 1
113 1000006 -1.3349957613545 2874 1
144 174 0.24201178014466 2894 1
11 171 0.11517685476241 2895 1
67 176 1 2896 1
176 1000006 -0.15902209344792 2897 1
