175
20000
5
20000
173
2
20000
171
connections
0.736841
step
0.315789
link
2.10526
enable
0.19
bias
0.38
node
0.526315
disable
0.38
done
5
170 171 1 18 1
171 1000001 1.2115237891781 19 1
170 1000001 1.2115237891781 17 0
132 1000003 0.3961912900174 15 0
130 1000005 0.28962065492721 16 1
0
172
connections
0.69999895
step
0.315789
link
2.2160598338
enable
0.1999997
bias
0.361
node
0.49999925
disable
0.361
done
7
170 171 1.1909074465468 18 1
171 1000001 1.0741810651265 19 1
170 1000001 1.20397769747 17 0
132 1000003 1.909665211951 15 0
130 1000005 0.20298998013245 16 1
118 1000004 1.7042146061586 3373 1
78 1000001 -0.66096987823115 3374 1
0
9
3
0
172
connections
0.7368398947385
step
0.315789
link
1.89999715
enable
0.189999715
bias
0.34295
node
0.4749992875
disable
0.37999943
done
10
170 171 0.88870181186307 18 1
129 171 -1.5197607348857 3204 1
170 1000001 1.2115237891781 17 1
171 1000001 1.2115237891781 19 1
132 1000003 0.3961912900174 15 0
45 1000003 -1.8813440351573 3205 1
130 1000005 0.28962065492721 16 1
148 1000006 0.40314951017792 3189 1
117 1000006 -1.4764244514298 3190 1
170 1000006 0.25165562913907 3206 0
0
173
connections
0.69999790000157
step
0.315789
link
1.9999940000045
enable
0.18049972925
bias
0.3258025
node
0.451249323125
disable
0.3999988000009
done
14
170 171 1.0291670566215 18 1
129 171 -1.7398309828486 3204 1
170 1000001 -0.069887386700034 17 1
171 1000001 1.1569471386761 19 1
132 1000003 0.085972712759789 15 0
45 1000003 -2.1274545638295 3205 1
130 1000005 0.56088482262642 16 1
148 1000006 0.28633446855068 3189 1
117 1000006 -1.3666254439833 3190 1
170 1000006 0.45765525910215 3206 0
149 1000002 0.85677663502915 3384 1
64 171 -1.4852137821589 3385 1
129 173 1 3386 0
173 171 -1.7398309828486 3387 1
0
172
connections
0.69999790000157
step
0.315789
link
1.8049972925
enable
0.19999940000045
bias
0.3258025
node
0.49999850000112
disable
0.3609994585
done
13
170 171 -1.3282265694143 18 1
129 171 -1.2210877743156 3204 1
170 1000001 1.2416021445051 17 1
171 1000001 1.1593950407117 19 1
132 1000003 0.095802870540483 15 1
45 1000003 -2.1804410417493 3205 1
130 1000005 0.42777292138432 16 1
148 1000006 0.31567074333934 3189 1
117 1000006 -1.1710053041475 3190 1
170 1000006 0.11223122461623 3206 0
116 1000001 -0.2526322214423 3388 1
151 171 0.94772179326762 3389 1
170 1000002 1.4722739341411 3390 1
0
8
3
0
174
connections
0.7368398947385
step
0.315789
link
1.89999715
enable
0.210525684211
bias
0.37999943
node
0.4749992875
disable
0.37999943
done
11
170 171 1.26116416245 18 1
170 173 -1.1294900357067 3222 1
112 173 1.2381500283517 3211 1
173 1000001 0.08887609152501 3212 1
171 1000001 1.4877030357677 19 1
112 1000001 -0.3511487554857 3210 0
170 1000001 0.98171975753044 17 0
132 1000003 0.46863569789727 15 0
113 1000003 0.078554643391217 3223 1
134 1000003 0.40517640433973 3209 1
130 1000005 0.0024547614062931 16 1
0
175
connections
0.77561977839859
step
0.29999955
link
1.9999940000045
enable
0.19999940000045
bias
0.3999988000009
node
0.451249323125
disable
0.3999988000009
done
13
170 171 1.4502168895215 18 1
170 173 -0.93653704897458 3222 1
112 173 1.2259520305261 3211 1
173 1000001 0.40072653019044 3212 1
171 1000001 1.5521198028977 19 1
112 1000001 -0.20230715618305 3210 0
170 1000001 0.87052573504593 17 0
132 1000003 0.50718967308725 15 0
113 1000003 0.19515043395032 3223 0
134 1000003 0.26587042474593 3209 1
130 1000005 -0.049008523928037 16 1
36 1000003 0.0045777764213994 3391 1
155 171 1.5430768761254 3392 1
0
175
connections
0.69999790000157
step
0.315789
link
1.9999940000045
enable
0.22160565097102
bias
0.3999988000009
node
0.451249323125
disable
0.3999988000009
done
13
170 171 1.26116416245 18 1
170 173 -1.1294900357067 3222 0
112 173 1.2381500283517 3211 1
173 1000001 0.08887609152501 3212 1
171 1000001 1.4877030357677 19 1
112 1000001 -0.3511487554857 3210 0
170 1000001 0.98171975753044 17 0
132 1000003 0.46863569789727 15 0
113 1000003 0.078554643391217 3223 1
134 1000003 0.40517640433973 3209 1
130 1000005 0.0024547614062931 16 1
39 1000002 1.1750236518448 3393 1
11 1000005 1.2706076235237 3394 1
0
0
1
0
173
connections
0.6649990025
step
0.285
link
2.3326910628529
enable
0.189999715
bias
0.34295
node
0.5263142105275
disable
0.421051368422
done
11
170 171 0.57883718257241 18 1
127 171 1.3266537980285 3359 1
170 1000001 1.5677373055773 17 0
171 1000001 1.0043028157155 19 0
132 1000003 0.29619220356609 15 1
122 1000004 0.9303404339732 3360 1
130 1000005 0.053867116012259 16 1
5 1000002 1.4223456526383 3375 1
140 1000005 1.603259376812 3376 1
171 173 1 3377 1
173 1000001 1.0043028157155 3378 1
0
0
1
0
173
connections
0.69999895
step
0.29999955
link
1.999997
enable
0.1999997
bias
0.3999994
node
0.55401495845
disable
0.361
done
10
170 171 0.93641478088473 18 0
171 1000001 1.1429952507676 19 1
170 1000001 1.5112303619266 17 1
132 1000003 0.29114063427534 15 1
130 1000005 -0.024650934643889 16 1
48 1000005 1.2770775475326 3379 1
19 171 1.614734336375 3380 0
170 1000005 1.5258644367809 3381 1
19 173 1 3382 1
173 171 1.614734336375 3383 1
