36
40000
4
40000
14
2
40000
170
connections
0.69999895
step
0.285
link
1.805
enable
0.22160598338
bias
0.44321196676
node
0.49999925
disable
0.3999994
done
5
170 1000001 1.6575823236793 202 1
1000003 1000002 -1.3870662556841 21 0
122 1000004 -0.29377117221595 20 0
47 1000004 1.1698965422529 201 1
168 1000006 0.56978057191687 200 1
0
171
connections
0.6649990025
step
0.285
link
1.71475
enable
0.23326910628529
bias
0.46653821257058
node
0.4749992875
disable
0.421051368422
done
7
170 1000001 1.5971936704611 202 1
1000003 1000002 1.1123996704001 21 0
122 1000004 -0.11420560319834 20 1
47 1000004 1.3409382915738 201 1
168 1000006 0.49584078493606 200 1
59 1000003 1.6213263344218 627 1
103 1000006 0.15082247383038 628 1
40000
14
2
40000
171
connections
0.6649990025
step
0.27075
link
1.71475
enable
0.210525684211
bias
0.46653821257058
node
0.5263142105275
disable
0.421051368422
done
9
170 171 1 245 1
14 1000001 -0.67928098391675 244 0
170 1000001 1.7518205435347 202 0
171 1000001 1.7518205435347 246 1
1000003 1000002 -0.093081453901791 21 0
68 1000002 -1.2228766747032 243 1
122 1000004 -0.16370507675405 20 0
47 1000004 0.75850703451643 201 1
168 1000006 0.21051667836543 200 1
0
173
connections
0.631749052375
step
0.2572125
link
1.8049972925
enable
0.22160565097102
bias
0.44321130194205
node
0.49999850000112
disable
0.3999988000009
done
13
170 171 1.9136936552019 245 1
14 1000001 -0.43264993629261 244 0
170 1000001 1.6579768765069 202 0
171 1000001 -0.25824762718589 246 1
1000003 1000002 -0.25507658200323 21 0
68 1000002 -1.3211004978332 243 0
122 1000004 -0.21503454046754 20 0
47 1000004 0.62296553735466 201 1
168 1000006 -1.7890560625019 200 1
54 171 -0.28791161839656 629 1
111 1000001 -0.29670094912564 630 1
68 173 1 631 1
173 1000002 -1.3211004978332 632 1
40000
14
2
40000
171
connections
0.631749052375
step
0.285
link
1.8049972925
enable
0.22160565097102
bias
0.44321130194205
node
0.49999850000112
disable
0.3999988000009
done
12
170 171 1 382 1
166 1000001 0.57454145939512 379 1
170 1000001 1.7547625659963 202 1
1000003 1000002 -1.2014644306772 21 0
170 1000002 1.3694875942259 381 0
171 1000002 1.3694875942259 383 1
127 1000003 -0.66133610034486 361 1
64 1000004 -0.015198217719047 360 1
122 1000004 -0.46556093020417 20 0
47 1000004 0.96194143498032 201 0
67 1000005 1.6596575823237 380 1
168 1000006 1.3801080355235 200 1
0
171
connections
0.57015351976844
step
0.2572125
link
1.6290100564812
enable
0.24554569103
bias
0.4432106371251
node
0.49999775000337
disable
0.3999982000027
done
15
170 171 1.0907665681173 382 0
125 171 -0.38429228225043 622 1
166 1000001 0.94375738509781 379 1
170 1000001 1.8001377937407 202 1
170 1000002 1.2079006527146 381 0
171 1000002 1.2307120033113 383 1
1000003 1000002 -1.4104010166478 21 0
127 1000003 -0.55424206862087 361 1
64 1000004 0.11574333056124 360 1
47 1000004 0.78123830568865 201 1
122 1000004 0.53425702688681 20 0
67 1000005 1.8348254039888 380 1
168 1000006 1.5148488589892 200 1
86 1000003 -1.530869472335 633 1
33 1000003 -1.9068575090793 634 1
40000
14
4
40000
171
connections
0.7368398947385
step
0.315789
link
1.89999715
enable
0.23326910628529
bias
0.421051368422
node
0.5263142105275
disable
0.421051368422
done
9
47 171 1 389 1
165 1000001 -0.092593157750176 387 1
170 1000001 1.9311016452223 202 1
1000003 1000002 -1.1903763633839 21 0
150 1000004 1.8024842066713 388 1
171 1000004 0.52253791924802 390 1
47 1000004 0.52253791924802 201 0
122 1000004 -0.20715977224036 20 1
168 1000006 0.31069808993805 200 1
0
172
connections
0.69999790000157
step
0.33240897507
link
1.8049972925
enable
0.24554605934908
bias
0.3999988000009
node
0.55401412742756
disable
0.44321130194205
done
13
47 171 1.2897812547037 389 0
165 1000001 1.2584002197333 387 1
170 1000001 0.98007141331217 202 1
1000003 1000002 -1.5184028598251 21 1
150 1000004 1.8520609961598 388 1
171 1000004 0.5967661510235 390 1
47 1000004 0.39632862151415 201 0
122 1000004 -0.40979868569058 20 0
168 1000006 0.23993932041037 200 1
161 171 0.86703085421308 635 1
137 171 0.1974547563097 636 1
122 172 1 637 1
172 1000004 -0.40979868569058 638 1
0
172
connections
0.69999790000157
step
0.33240897507
link
1.8049972925
enable
0.22160565097102
bias
0.3999988000009
node
0.49999850000112
disable
0.3999988000009
done
13
47 171 0.94995655769462 389 1
165 1000001 -0.33416714753691 387 1
170 1000001 2.063519454347 202 1
1000003 1000002 -0.92611898884248 21 0
150 1000004 1.8330296769291 388 1
171 1000004 0.82702888231227 390 0
47 1000004 0.22735972327 201 0
122 1000004 -0.33588493733522 20 1
168 1000006 0.57197790459914 200 1
62 1000003 -1.4878994109928 639 1
165 1000006 -1.4731284524064 640 1
171 172 1 641 1
172 1000004 0.82702888231227 642 1
0
172
connections
0.69999790000157
step
0.29999955
link
1.8049972925
enable
0.24554605934908
bias
0.44321130194205
node
0.49999850000112
disable
0.3999988000009
done
13
47 171 1 389 1
165 1000001 -0.092593157750176 387 1
170 1000001 1.9311016452223 202 1
1000003 1000002 -1.1903763633839 21 0
150 1000004 1.8024842066713 388 1
171 1000004 0.52253791924802 390 1
47 1000004 0.52253791924802 201 0
122 1000004 -0.20715977224036 20 1
168 1000006 0.31069808993805 200 1
41 1000003 1.4839930417798 643 1
100 1000004 0.70430616168706 644 1
122 172 1 645 1
172 1000004 -0.20715977224036 646 1
