18
20000
6
20000
16
3
20000
171
connections
0.736841
step
0.315789
link
2.10526
enable
0.19
bias
0.38
node
0.526315
disable
0.38
done
5
170 171 1 18 1
171 1000001 1.2115237891781 19 1
170 1000001 1.2115237891781 17 0
132 1000003 0.3961912900174 15 0
130 1000005 0.28962065492721 16 1
0
171
connections
0.77562094183
step
0.285
link
2.2160598338
enable
0.1999997
bias
0.361
node
0.55401495845
disable
0.3999994
done
8
170 171 1.0330080568865 18 1
171 1000001 1.209305856502 19 1
170 1000001 -0.67281105990783 17 0
132 1000003 0.52696234015931 15 0
130 1000005 0.18962233344523 16 1
1000002 171 -1.1287575914792 308 1
53 171 -1.5123142185736 309 1
170 1000005 -1.0381786553545 310 1
0
171
connections
0.69999895
step
0.33240897507
link
2.2160598338
enable
0.1999997
bias
0.361
node
0.55401495845
disable
0.3999994
done
8
170 171 0.74026712885778 18 1
171 1000001 1.0541501989727 19 1
170 1000001 1.1052588270559 17 0
132 1000003 0.02508621478927 15 0
130 1000005 0.32722678519805 16 1
102 1000001 1.5347758415479 311 1
13 1000006 -1.2309335612049 312 1
170 1000002 0.56550798059023 313 1
0
12
1
0
170
connections
0.69999895
step
0.285
link
1.805
enable
0.22160598338
bias
0.3999994
node
0.49999925
disable
0.44321196676
done
5
170 1000002 -1.4894863734855 136 1
147 1000002 1.206640827662 134 1
170 1000003 -0.26291283913694 36 0
154 1000004 1.7567064424574 135 1
32 1000006 0.087021851252785 35 1
0
5
2
0
170
connections
0.69999895
step
0.29999955
link
1.999997
enable
0.22160598338
bias
0.3999994
node
0.49999925
disable
0.3999994
done
5
170 1000003 -0.24909207434309 36 1
154 1000005 -1.0544145023957 233 1
170 1000005 0.62166203802606 234 1
32 1000006 -0.17023224585711 35 1
57 1000006 0.38862269966735 232 1
0
171
connections
0.7368398947385
step
0.2849995725
link
1.89999715
enable
0.210525684211
bias
0.37999943
node
0.5263142105275
disable
0.421051368422
done
8
170 1000003 -0.23674994984657 36 1
154 1000005 -1.314695034854 233 1
170 1000005 0.45611753094905 234 0
32 1000006 0.10914857229141 35 1
57 1000006 -1.8533890804773 232 1
134 1000004 -1.7841731009857 322 1
170 171 1 323 1
171 1000005 0.45611753094905 324 1
0
2
2
0
171
connections
0.631749052375
step
0.285
link
1.9999940000045
enable
0.24554605934908
bias
0.3999988000009
node
0.49999850000112
disable
0.44321130194205
done
12
170 171 1 282 1
145 1000001 -1.3257049775689 261 1
147 1000002 1.0943138387204 134 1
170 1000002 -1.1342397447447 136 0
14 1000002 -1.6850924710837 260 1
130 1000003 0.43098239082003 280 1
170 1000003 -0.14537329004334 36 0
170 1000004 0.66939298684652 281 0
154 1000004 1.7294527072649 135 1
171 1000004 0.66939298684652 283 1
94 1000005 -0.97457808160649 279 1
32 1000006 1.336283455916 35 0
0
172
connections
0.60016159975625
step
0.27075
link
2.1052536842247
enable
0.25846914845263
bias
0.42105073684495
node
0.52631342105618
disable
0.46653751276326
done
16
170 171 1 282 1
145 1000001 -1.3257049775689 261 1
147 1000002 1.0943138387204 134 1
170 1000002 -1.1342397447447 136 0
14 1000002 -1.6850924710837 260 1
130 1000003 0.43098239082003 280 1
170 1000003 -0.14537329004334 36 0
170 1000004 0.66939298684652 281 0
154 1000004 1.7294527072649 135 1
171 1000004 0.66939298684652 283 1
94 1000005 -0.97457808160649 279 0
32 1000006 1.336283455916 35 0
169 1000006 -0.51838740195929 325 0
3 1000002 0.44477675710318 326 1
169 172 1 327 1
172 1000006 -0.51838740195929 328 1
0
0
1
0
171
connections
0.7368398947385
step
0.285
link
1.71475
enable
0.23326910628529
bias
0.421051368422
node
0.5263142105275
disable
0.46653821257058
done
9
170 1000002 -1.6294248786889 136 1
147 1000002 1.4799336222419 134 0
170 1000003 -0.077484969634083 36 0
154 1000004 -0.4239020966216 135 1
32 1000006 0.21003448591571 35 1
145 1000006 -1.8791467024751 314 0
24 1000003 -1.5783562730796 315 1
145 171 1 316 1
171 1000006 -1.8791467024751 317 1
0
0
1
0
171
connections
0.7368398947385
step
0.3157885263165
link
1.89999715
enable
0.23326910628529
bias
0.37999943
node
0.5263142105275
disable
0.37999943
done
9
170 1000003 -0.47029920482628 36 1
154 1000005 1.3804742576373 233 1
170 1000005 0.40450261349865 234 1
32 1000006 -0.092757226384523 35 1
57 1000006 0.41771799557328 232 1
156 1000002 0.93319498275704 318 0
58 1000003 0.79451887569811 319 1
156 171 1 320 1
171 1000002 0.93319498275704 321 0
