222
10000
2
10000
215
4
10000
172
connections
0.69999790000157
step
0.29999955
link
1.9999940000045
enable
0.19999940000045
bias
0.3999988000009
node
0.451249323125
disable
0.44321130194205
done
13
7 171 0.63949184228492 24 1
84 172 0.97342146996521 45 1
23 1000002 0.73064019042482 43 1
1000003 1000002 -1.1120258706244 21 1
172 1000003 0.63297497195196 46 1
84 1000003 0.49750961528825 22 0
48 1000004 -1.0716269417402 65 1
170 1000004 0.24382190664541 44 0
122 1000004 -0.41343833385266 20 0
7 1000005 0.92092488415632 23 0
171 1000005 0.90342791108585 25 1
106 1000006 1.3220222972182 42 1
67 1000006 -1.5325785088656 66 1
0
174
connections
0.6649980050015
step
0.3157885263165
link
1.8999943000043
enable
0.21052536842247
bias
0.37999886000085
node
0.42868685696875
disable
0.42105073684495
done
16
7 171 0.6400539093455 24 1
84 172 1.4404969105634 45 1
23 1000002 0.49374338066543 43 1
1000003 1000002 -0.82517907298302 21 1
172 1000003 0.73426327599633 46 1
84 1000003 0.24189698418096 22 0
48 1000004 -0.62448525322033 65 1
170 1000004 0.37152702955016 44 0
122 1000004 -0.65278304197578 20 0
7 1000005 1.2185758328329 23 0
171 1000005 0.78628458660273 25 1
106 1000006 1.0495634994188 42 1
67 1000006 -1.6970984811777 66 1
34 172 0.12213507492294 2159 1
79 172 1.5522324289682 2160 0
170 1000002 0.12933744315928 2161 1
0
174
connections
0.69999685000472
step
0.29999910000067
link
1.9999910000135
enable
0.22160531856255
bias
0.4432106371251
node
0.49999775000337
disable
0.4432106371251
done
18
7 171 0.56863117401631 24 1
84 172 1.6005451315338 45 1
38 172 1.1846675008393 2157 1
1000003 1000002 -1.1311952806349 21 1
23 1000002 0.73064019042482 43 1
84 1000003 0.49750961528825 22 0
172 1000003 0.68383078726638 46 1
48 1000004 -0.92965337010048 65 1
122 1000004 -0.41343833385266 20 0
170 1000004 0.24382190664541 44 0
171 1000005 0.90905536319948 25 1
7 1000005 0.92092488415632 23 0
67 1000006 -1.5325785088656 66 1
122 1000006 0.19635608996857 2156 1
106 1000006 1.3220222972182 42 1
51 1000005 -1.149388103885 2162 1
28 172 -1.4893642994476 2163 1
170 172 0.26606036561174 2164 1
0
173
connections
0.73683878947866
step
0.315789
link
2.1052536842247
enable
0.21052536842247
bias
0.42105073684495
node
0.47499857500107
disable
0.46653751276326
done
17
7 171 0.45685329316538 24 1
84 172 0.98763664910886 45 1
23 1000002 0.51176498125095 43 1
1000003 1000002 -1.130134563242 21 1
172 1000003 0.91738456633045 46 1
84 1000003 0.55729046696829 22 0
48 1000004 -1.1849532410962 65 0
170 1000004 0.26040788854793 44 0
122 1000004 -0.4653936089465 20 0
7 1000005 1.0467027167013 23 0
171 1000005 0.96980075092471 25 1
106 1000006 1.3696021883587 42 1
67 1000006 -1.3606374843898 66 1
133 1000002 -0.10394604327525 2165 1
76 1000001 0.69038972136601 2166 1
67 173 1 2167 1
173 1000006 -1.3606374843898 2168 1
0
14
1
0
174
connections
0.81643942267473
step
0.31578805263371
link
2.1052505263442
enable
0.21052505263442
bias
0.37999829000256
node
0.52631263158605
disable
0.46653681295699
done
26
7 171 1.1575522470185 24 1
128 172 -1.3839507656875 2005 1
84 172 0.67216954882858 45 1
1000003 173 -0.13351619031927 2009 1
5 174 1 2028 1
124 1000001 1.5157322916349 2025 1
63 1000001 -1.6018769320012 2006 1
173 1000002 -0.79932204876767 2010 1
23 1000002 0.86280220114315 43 1
174 1000002 -1.2141995993517 2029 1
5 1000002 -1.2141995993517 2020 1
1000003 1000002 -0.988934345428 21 1
154 1000002 0.48774681844539 2026 1
84 1000003 0.49333934694143 22 0
170 1000003 -0.017517624439222 2027 1
172 1000003 -1.2357007441758 46 1
122 1000004 0.33710745567187 20 1
48 1000004 -0.74350889831182 65 1
29 1000004 0.53177718676632 2007 1
170 1000004 0.2904644036379 44 1
7 1000005 0.80670952443091 23 0
170 1000005 -0.74757440185703 2008 1
171 1000005 0.44617463956515 25 1
154 1000006 -0.43524448121555 2021 1
67 1000006 -1.9658192693869 66 1
106 1000006 1.5088521236813 42 1
