121
20000
5
20000
119
3
20000
171
connections
0.736841
step
0.315789
link
2.10526
enable
0.19
bias
0.38
node
0.526315
disable
0.38
done
5
170 171 1 18 1
171 1000001 1.2115237891781 19 1
170 1000001 1.2115237891781 17 0
132 1000003 0.3961912900174 15 0
130 1000005 0.28962065492721 16 1
0
171
connections
0.69999895
step
0.29999955
link
1.999997
enable
0.1805
bias
0.3999994
node
0.49999925
disable
0.3999994
done
7
170 171 0.7080207022599 18 1
171 1000001 1.294811728457 19 1
170 1000001 -1.9082003234962 17 0
132 1000003 0.53637174932249 15 0
130 1000005 0.30330818589587 16 1
33 171 -0.64448988311411 2354 0
27 171 -0.3842280343028 2355 1
0
172
connections
0.69999895
step
0.33240897507
link
1.999997
enable
0.1805
bias
0.3999994
node
0.55401495845
disable
0.3999994
done
9
170 171 1 18 1
171 1000001 1.2115237891781 19 1
170 1000001 1.2115237891781 17 0
132 1000003 0.3961912900174 15 0
130 1000005 0.28962065492721 16 0
73 1000003 1.4896084475234 2361 1
24 1000006 0.69466231269265 2362 1
130 172 1 2363 0
172 1000005 0.28962065492721 2364 1
0
7
3
0
172
connections
0.6649990025
step
0.3157885263165
link
2.10525684211
enable
0.210525684211
bias
0.421051368422
node
0.4749992875
disable
0.37999943
done
10
170 171 1.070652027955 18 1
171 1000001 1.2115237891781 19 1
170 1000001 1.2115237891781 17 0
47 1000002 -1.042573320719 2216 1
132 1000003 0.26519409772027 15 1
109 1000003 0.9226966154973 2217 1
140 1000003 -1.3610644856105 2189 1
130 1000005 0.27753532517472 16 1
21 1000006 0.68037965025788 2190 1
170 1000006 -1.3484908597064 2191 1
0
172
connections
0.69999790000157
step
0.315789
link
1.9999940000045
enable
0.22160565097102
bias
0.44321130194205
node
0.49999850000112
disable
0.3999988000009
done
13
170 171 0.94364060698263 18 1
171 1000001 1.4982849114963 19 1
170 1000001 0.99253293108921 17 0
47 1000002 -0.85052865984069 2216 1
132 1000003 0.28941290801721 15 1
109 1000003 0.91189307934812 2217 1
140 1000003 -1.057572820246 2189 1
130 1000005 0.076894094943083 16 1
21 1000006 0.54941689135411 2190 1
170 1000006 -1.6641642107913 2191 1
71 1000004 0.35077974791711 2356 1
70 1000001 -1.7447431867428 2357 1
170 1000002 0.41621143223365 2358 1
0
173
connections
0.69999790000157
step
0.285
link
2.2160565097102
enable
0.22160565097102
bias
0.44321130194205
node
0.451249323125
disable
0.3999988000009
done
15
170 171 1.070652027955 18 1
171 1000001 1.2115237891781 19 1
170 1000001 1.2115237891781 17 0
47 1000002 -1.042573320719 2216 1
132 1000003 0.26519409772027 15 1
109 1000003 0.9226966154973 2217 1
140 1000003 -1.3610644856105 2189 1
130 1000005 0.27753532517472 16 1
21 1000006 0.68037965025788 2190 0
170 1000006 -1.3484908597064 2191 1
28 1000006 -1.9628894924772 2365 1
38 1000003 0.091006195257424 2366 1
170 1000005 0.38996551408429 2367 1
21 173 1 2368 1
173 1000006 0.68037965025788 2369 1
0
6
1
0
172
connections
0.69999895
step
0.285
link
1.999997
enable
0.1805
bias
0.3999994
node
0.49999925
disable
0.3999994
done
10
170 171 0.77894604327525 18 1
130 172 1 2239 1
170 1000001 1.3936291085543 17 0
171 1000001 0.19489120151372 19 1
137 1000002 1.5084078493606 2236 1
132 1000003 0.21497314371166 15 0
172 1000005 0.23740791039766 2240 1
130 1000005 0.23740791039766 16 0
10 1000005 0.91915646839808 2237 1
170 1000006 -1.5124362926115 2238 0
0
1
2
0
172
connections
0.7368398947385
step
0.3157885263165
link
2.10525684211
enable
0.210525684211
bias
0.34295
node
0.4749992875
disable
0.37999943
done
10
170 171 1.5076754051332 18 1
170 1000001 1.4512935571497 17 0
139 1000001 0.77828302865688 2333 1
171 1000001 -1.2348399304178 19 1
170 1000002 2.0563304218367 2316 1
18 1000003 1.8001647999512 2314 0
132 1000003 0.56613581417513 15 1
151 1000004 -1.5347537369944 2315 1
49 1000005 0.31635486922819 2332 1
130 1000005 -0.15507361083505 16 1
0
172
connections
0.69999790000157
step
0.29999910000067
link
1.9999940000045
enable
0.22160565097102
bias
0.3258025
node
0.49999850000112
disable
0.3609994585
done
12
170 171 1.5076754051332 18 1
170 1000001 1.4512935571497 17 1
139 1000001 0.77828302865688 2333 1
171 1000001 -1.2348399304178 19 1
170 1000002 2.0563304218367 2316 1
18 1000003 1.8001647999512 2314 0
132 1000003 0.56613581417513 15 0
151 1000004 -1.5347537369944 2315 1
49 1000005 0.31635486922819 2332 1
130 1000005 -0.15507361083505 16 1
125 1000002 1.5681020538957 2359 1
91 1000001 -1.8734092226936 2360 1
0
0
1
0
173
connections
0.7368398947385
step
0.2849995725
link
2.10525684211
enable
0.189999715
bias
0.34295
node
0.5263142105275
disable
0.34295
done
10
170 171 1.1019190035897 18 1
164 171 1.0874113808459 2337 1
170 1000001 1.208389390364 17 0
171 1000001 1.3621279663215 19 0
132 1000003 0.56217430404941 15 1
130 1000005 -0.30009912897564 16 1
135 1000006 1.6268759073224 2338 1
45 1000002 -0.90609454634236 2351 1
101 1000003 0.55793939024018 2352 1
170 1000005 -0.13068025757622 2353 1
