117
20000
5
20000
115
4
20000
171
connections
0.736841
step
0.315789
link
2.10526
enable
0.19
bias
0.38
node
0.526315
disable
0.38
done
5
170 171 1 18 1
171 1000001 1.2115237891781 19 1
170 1000001 1.2115237891781 17 0
132 1000003 0.3961912900174 15 0
130 1000005 0.28962065492721 16 1
0
173
connections
0.69999895
step
0.33240897507
link
1.999997
enable
0.1999997
bias
0.361
node
0.55401495845
disable
0.3999994
done
9
170 171 1.0739278553064 18 0
171 1000001 1.2299587502258 19 1
170 1000001 1.1574022070376 17 0
132 1000003 0.17853832941292 15 1
130 1000005 0.38734384157382 16 1
48 1000005 -0.10663167210913 2277 1
142 1000006 1.1180150761437 2278 1
170 173 1 2279 1
173 171 1.0739278553064 2280 1
0
172
connections
0.77562094183
step
0.33240897507
link
2.2160598338
enable
0.1999997
bias
0.3999994
node
0.49999925
disable
0.361
done
7
170 171 0.94076552612587 18 1
171 1000001 0.88926161534157 19 1
170 1000001 1.324707386543 17 0
132 1000003 0.39166206611862 15 1
130 1000005 0.52303836504366 16 1
167 1000002 1.6824854274117 2281 0
83 1000006 0.78072450941496 2282 1
0
172
connections
0.77562094183
step
0.315789
link
2.2160598338
enable
0.1999997
bias
0.361
node
0.55401495845
disable
0.361
done
9
170 171 0.91695444157231 18 1
171 1000001 1.4646889016694 19 1
170 1000001 0.40278328806421 17 0
132 1000003 0.43980056840724 15 0
130 1000005 0.41875230600909 16 0
46 1000001 -1.1846675008393 2289 1
8 1000006 1.8663289284951 2290 0
8 172 1 2291 1
172 1000006 1.8663289284951 2292 1
0
13
2
0
173
connections
0.7368398947385
step
0.3157885263165
link
2.3326910628529
enable
0.171475
bias
0.37999943
node
0.5263142105275
disable
0.37999943
done
11
170 171 0.93033938628614 18 1
123 173 1 1986 1
170 1000001 1.5020045158759 17 0
171 1000001 1.4209154732285 19 0
18 1000001 1.3848689230018 1985 1
123 1000002 0.023743400372326 1984 0
173 1000002 0.023743400372326 1987 1
38 1000003 0.59162775674242 1967 1
132 1000003 0.3713364479699 15 0
130 1000005 0.55664396187174 16 1
75 1000005 -1.2672627508586 1966 1
0
173
connections
0.77561977839859
step
0.33240847645654
link
2.2160565097102
enable
0.16290125
bias
0.3999988000009
node
0.55401412742756
disable
0.3609994585
done
13
170 171 1.1054658100988 18 1
123 173 1.037707519974 1986 1
170 1000001 1.3791837076097 17 0
171 1000001 1.3257082967539 19 0
18 1000001 1.3593146472917 1985 1
123 1000002 -0.18139078348423 1984 0
173 1000002 0.16056377214787 1987 1
38 1000003 0.66654571073978 1967 1
132 1000003 0.17220787396662 15 0
130 1000005 0.65927699377307 16 1
75 1000005 -1.4664116140844 1966 1
29 1000006 -0.89706106753746 2287 1
171 173 -1.7370525223548 2288 1
0
3
2
0
172
connections
0.6649990025
step
0.3157885263165
link
2.10525684211
enable
0.210525684211
bias
0.421051368422
node
0.4749992875
disable
0.37999943
done
10
170 171 1.070652027955 18 1
171 1000001 1.2115237891781 19 1
170 1000001 1.2115237891781 17 0
47 1000002 -1.042573320719 2216 1
132 1000003 0.26519409772027 15 1
109 1000003 0.9226966154973 2217 1
140 1000003 -1.3610644856105 2189 1
130 1000005 0.27753532517472 16 1
21 1000006 0.68037965025788 2190 1
170 1000006 -1.3484908597064 2191 1
0
172
connections
0.631749052375
step
0.29999910000067
link
1.9999940000045
enable
0.22160565097102
bias
0.44321130194205
node
0.451249323125
disable
0.3999988000009
done
12
170 171 -0.87325663014618 18 1
171 1000001 1.2089693975982 19 1
170 1000001 1.3996789911836 17 0
47 1000002 -0.19806512649922 2216 1
132 1000003 -0.18585772270882 15 1
109 1000003 0.91477708604692 2217 1
140 1000003 -1.0998848132048 2189 1
130 1000005 0.093848019552796 16 1
21 1000006 0.63818183379915 2190 1
170 1000006 -1.0948736512614 2191 1
74 1000003 1.561387981811 2293 1
155 1000006 -1.5442976165044 2294 1
0
2
1
0
172
connections
0.69999895
step
0.285
link
1.999997
enable
0.1805
bias
0.3999994
node
0.49999925
disable
0.3999994
done
10
170 171 0.77894604327525 18 1
130 172 1 2239 1
170 1000001 1.3936291085543 17 0
171 1000001 0.19489120151372 19 1
137 1000002 1.5084078493606 2236 1
132 1000003 0.21497314371166 15 0
172 1000005 0.23740791039766 2240 1
130 1000005 0.23740791039766 16 0
10 1000005 0.91915646839808 2237 1
170 1000006 -1.5124362926115 2238 0
0
0
1
0
175
connections
0.73683878947866
step
0.315789
link
2.3326875638163
enable
0.1714747427875
bias
0.42105073684495
node
0.58317189095407
disable
0.37999886000085
done
19
170 171 1.0121741364095 18 0
146 171 -1.3398399374676 2264 1
174 173 0.88945571955599 2267 1
123 173 1.1443652031828 1986 0
123 174 1.2917340256661 2266 1
171 1000001 1.3146025852165 19 0
170 1000001 1.531206633918 17 0
18 1000001 1.6782571135198 1985 1
78 1000002 1.6592238582415 2265 1
173 1000002 1.3401097849361 1987 0
123 1000002 -0.070191837766822 1984 0
132 1000003 0.7560773717871 15 0
38 1000003 0.33344523453475 1967 1
75 1000005 -1.6489150669881 1966 1
130 1000005 -1.6700338755455 16 1
136 173 1.9356669820246 2283 1
70 1000006 0.96603289895322 2284 1
173 175 1 2285 1
175 1000002 1.3401097849361 2286 1
