81
20000
5
20000
79
3
20000
171
connections
0.736841
step
0.315789
link
2.10526
enable
0.19
bias
0.38
node
0.526315
disable
0.38
done
5
170 171 1 18 1
171 1000001 1.2115237891781 19 1
170 1000001 1.2115237891781 17 0
132 1000003 0.3961912900174 15 0
130 1000005 0.28962065492721 16 1
0
171
connections
0.77562094183
step
0.285
link
1.999997
enable
0.1805
bias
0.3999994
node
0.49999925
disable
0.361
done
8
170 171 1 18 1
171 1000001 1.2115237891781 19 1
170 1000001 1.2115237891781 17 0
132 1000003 0.3961912900174 15 0
130 1000005 0.28962065492721 16 1
40 1000006 -0.69368572038942 1531 1
123 171 0.62984099856563 1532 1
170 1000005 -1.4567705313272 1533 1
0
171
connections
0.69999895
step
0.33240897507
link
1.999997
enable
0.1805
bias
0.361
node
0.55401495845
disable
0.361
done
7
170 171 0.79525100424702 18 1
171 1000001 1.2295913688955 19 1
170 1000001 1.287943260268 17 0
132 1000003 0.11929371091233 15 0
130 1000005 0.43910172575019 16 1
29 1000005 0.77217932676168 1543 1
108 1000003 1.5900753807184 1544 1
0
9
3
0
172
connections
0.7368398947385
step
0.285
link
2.10525684211
enable
0.210525684211
bias
0.37999943
node
0.4749992875
disable
0.37999943
done
11
170 171 1.2755247149312 18 1
143 171 -1.3339640491958 1340 1
130 172 1 1341 1
171 1000001 1.5398850845622 19 1
115 1000001 -1.3842585528123 1339 1
170 1000001 0.78763886488083 17 0
96 1000002 0.25515472884304 1325 1
132 1000003 -1.6801660206915 15 0
100 1000004 -0.99269188512833 1326 1
130 1000005 0.20697511784265 16 0
172 1000005 0.20697511784265 1342 1
0
172
connections
0.8164406473357
step
0.315789
link
2.1052536842247
enable
0.21052536842247
bias
0.37999886000085
node
0.52631342105618
disable
0.37999886000085
done
15
170 171 1.2755247149312 18 1
143 171 -1.3339640491958 1340 1
130 172 1 1341 0
171 1000001 1.5398850845622 19 1
170 1000001 0.78763886488083 17 0
115 1000001 -1.3842585528123 1339 1
146 1000001 -1.0694296090579 1514 1
96 1000002 0.25515472884304 1325 1
113 1000003 -1.7029938657796 1515 1
132 1000003 -1.6801660206915 15 0
100 1000004 -0.99269188512833 1326 1
130 1000005 0.20697511784265 16 0
172 1000005 0.20697511784265 1342 1
1000003 1000004 0.84383678701132 1534 1
84 172 1.4611651966918 1535 1
0
172
connections
0.69999790000157
step
0.315789
link
2.2160565097102
enable
0.19999940000045
bias
0.3609994585
node
0.451249323125
disable
0.3999988000009
done
14
170 171 1.342321600792 18 1
143 171 -1.0805676388745 1340 1
130 172 1.1305772625202 1341 1
171 1000001 1.4110040061296 19 1
115 1000001 -1.1762350668355 1339 1
170 1000001 0.65316808888669 17 0
96 1000002 0.29151667522202 1325 1
132 1000003 -1.6837800492874 15 0
100 1000004 -0.83721155623035 1326 1
130 1000005 -0.035955065665151 16 0
172 1000005 0.34599475116276 1342 1
1000003 1000006 1.684682760094 1540 1
102 1000005 1.1320535905026 1541 1
170 1000003 0.14313180944243 1542 1
0
4
2
0
172
connections
0.7368398947385
step
0.315789
link
2.10525684211
enable
0.171475
bias
0.421051368422
node
0.58317276571322
disable
0.37999943
done
13
170 171 1.0588556603595 18 1
101 171 -1.8399609363079 1429 1
4 171 0.17120883816034 1448 1
37 172 1 1451 1
171 1000001 1.4799738332774 19 1
172 1000001 1.2662129581591 1452 1
170 1000001 1.2276664502396 17 1
37 1000001 1.2662129581591 1449 0
132 1000003 0.36029193929868 15 0
28 1000004 1.1338847010712 1430 1
1000001 1000005 1.0840784936064 1450 1
130 1000005 0.10877466399121 16 1
143 1000006 0.10724204229865 1428 1
0
173
connections
0.77561977839859
step
0.33240897507
link
2.2160565097102
enable
0.16290125
bias
0.44321130194205
node
0.61386514837271
disable
0.3609994585
done
17
170 171 0.95959049049165 18 1
101 171 -2.0105834086643 1429 1
4 171 0.1772246016485 1448 1
37 172 1.2427101879498 1451 1
171 1000001 1.5876996216092 19 1
172 1000001 1.1744142333626 1452 1
170 1000001 -1.4832605975524 17 1
37 1000001 1.4336500178085 1449 0
132 1000003 0.25802395999998 15 0
28 1000004 1.0841658868124 1430 0
1000001 1000005 0.78739889291293 1450 1
130 1000005 -0.15943911486788 16 1
143 1000006 -0.14950830866563 1428 1
72 1000003 -1.5652943510239 1536 1
94 1000001 -0.48091067232276 1537 1
28 173 1 1538 1
173 1000004 1.0841658868124 1539 1
0
0
1
0
172
connections
0.7368398947385
step
0.285
link
2.10525684211
enable
0.171475
bias
0.421051368422
node
0.5263142105275
disable
0.421051368422
done
11
170 171 1 18 1
60 172 1 1512 1
170 1000001 1.2115237891781 17 0
171 1000001 1.2115237891781 19 1
60 1000002 -0.088198492385632 1510 0
172 1000002 -0.088198492385632 1513 1
132 1000003 0.3961912900174 15 1
130 1000005 0.28962065492721 16 1
28 1000006 -0.93905453657643 1511 1
28 1000005 0.30268257698294 1524 1
50 171 -0.29157383953368 1525 1
0
0
1
0
173
connections
0.6649990025
step
0.34990365942793
link
2.10525684211
enable
0.189999715
bias
0.37999943
node
0.5263142105275
disable
0.421051368422
done
14
170 171 1.1173891698383 18 1
60 172 0.67282026974662 1512 1
170 1000001 1.5457086404553 17 0
171 1000001 1.4810180563672 19 1
60 1000002 0.58967864009522 1510 0
172 1000002 -0.010811126442023 1513 0
132 1000003 0.73454077117143 15 1
130 1000005 0.46134222685203 16 0
28 1000006 -0.69187841411242 1511 1
82 171 -1.9626453444014 1526 1
127 1000003 1.2886745811335 1527 1
170 1000003 1.299417096469 1528 1
172 173 1 1529 1
173 1000002 -0.010811126442023 1530 1
