21
20000
5
20000
19
5
20000
171
connections
0.736841
step
0.315789
link
2.10526
enable
0.19
bias
0.38
node
0.526315
disable
0.38
done
5
170 171 1 18 1
171 1000001 1.2115237891781 19 1
170 1000001 1.2115237891781 17 0
132 1000003 0.3961912900174 15 0
130 1000005 0.28962065492721 16 1
0
171
connections
0.77562094183
step
0.315789
link
2.2160598338
enable
0.1805
bias
0.3999994
node
0.49999925
disable
0.361
done
7
170 171 0.80452894680624 18 1
171 1000001 0.91204128620258 19 1
170 1000001 1.3877052738731 17 0
132 1000003 0.38072324762719 15 0
130 1000005 0.5952518252205 16 1
83 1000001 1.0551469466231 364 1
11 1000003 1.8625446333201 365 1
0
172
connections
0.69999895
step
0.29999955
link
2.2160598338
enable
0.1999997
bias
0.3999994
node
0.49999925
disable
0.361
done
8
170 171 1.2841421562624 18 1
171 1000001 1.4453471024949 19 0
170 1000001 1.2713186151021 17 0
132 1000003 -0.729819635609 15 0
130 1000005 0.0083899601016269 16 1
78 1000004 -0.80452894680624 366 1
30 171 -0.059511093478195 367 1
97 1000004 -0.22382274849696 368 1
0
172
connections
0.77562094183
step
0.29999955
link
2.2160598338
enable
0.1999997
bias
0.3999994
node
0.55401495845
disable
0.361
done
7
170 171 0.89554445430006 18 1
171 1000001 1.1056216682989 19 1
170 1000001 1.188845518804 17 0
132 1000003 0.13557886926633 15 0
130 1000005 0.51996486338237 16 1
81 171 1.842402417066 374 1
61 1000006 -1.7236243781854 375 1
0
171
connections
0.69999895
step
0.315789
link
2.2160598338
enable
0.1805
bias
0.3999994
node
0.55401495845
disable
0.3999994
done
7
170 171 1 18 1
171 1000001 1.2115237891781 19 1
170 1000001 1.2115237891781 17 0
132 1000003 0.3961912900174 15 0
130 1000005 0.28962065492721 16 1
150 1000005 -1.6479384746849 380 1
133 1000003 0.50019837031159 381 1
0
8
2
0
170
connections
0.69999895
step
0.29999955
link
1.999997
enable
0.22160598338
bias
0.3999994
node
0.49999925
disable
0.3999994
done
5
170 1000003 -0.24909207434309 36 1
154 1000005 -1.0544145023957 233 1
170 1000005 0.62166203802606 234 1
32 1000006 -0.17023224585711 35 1
57 1000006 0.38862269966735 232 1
0
170
connections
0.7368398947385
step
0.315789
link
1.89999715
enable
0.210525684211
bias
0.37999943
node
0.4749992875
disable
0.37999943
done
7
170 1000003 -0.24909207434309 36 0
154 1000005 -1.0544145023957 233 1
170 1000005 0.62166203802606 234 1
32 1000006 -0.17023224585711 35 1
57 1000006 0.38862269966735 232 1
60 1000003 -1.4970549638356 378 1
1000001 1000005 -1.4003723258156 379 1
0
1
1
0
173
connections
0.7368398947385
step
0.3157885263165
link
1.89999715
enable
0.171475
bias
0.34295
node
0.58317276571322
disable
0.34295
done
12
170 171 1.2916088664395 18 1
171 173 1 351 1
171 1000001 1.3213944149841 19 0
173 1000001 1.3213944149841 352 1
1000004 1000001 0.36664611789785 330 1
170 1000001 1.1022073104028 17 1
136 1000002 -0.35824276748557 329 1
170 1000003 -0.04193243202002 350 1
132 1000003 0.14933191992797 15 0
151 1000004 -0.69380779442732 349 1
130 1000005 0.02308906452164 16 0
165 1000005 1.509262367626 348 1
0
0
1
0
172
connections
0.69999895
step
0.285
link
1.999997
enable
0.1805
bias
0.3999994
node
0.55401495845
disable
0.361
done
10
170 171 1 18 1
171 1000001 1.2115237891781 19 1
170 1000001 1.2115237891781 17 0
132 1000003 0.3961912900174 15 0
130 1000005 0.28962065492721 16 1
117 171 0.32746360667745 369 0
35 1000001 -0.40070802941984 370 0
170 1000002 1.4938810388501 371 1
35 172 1 372 1
172 1000001 -0.40070802941984 373 1
0
0
1
0
170
connections
0.69999790000157
step
0.315789
link
1.9999940000045
enable
0.22160565097102
bias
0.3609994585
node
0.55401412742756
disable
0.44321130194205
done
9
108 1000001 -0.43342678228095 359 1
23 1000002 -1.6385166019776 358 0
170 1000003 -0.28609008975494 36 1
154 1000005 -1.1276491778619 233 1
170 1000005 0.93644874742882 234 1
57 1000006 -1.8527787102878 232 1
32 1000006 1.8211615344707 35 1
48 1000004 0.32758568071535 376 1
36 1000006 -1.2243415631581 377 1
