77
20000
5
20000
75
3
20000
171
connections
0.736841
step
0.315789
link
2.10526
enable
0.19
bias
0.38
node
0.526315
disable
0.38
done
5
170 171 1 18 1
171 1000001 1.2115237891781 19 1
170 1000001 1.2115237891781 17 0
132 1000003 0.3961912900174 15 0
130 1000005 0.28962065492721 16 1
0
171
connections
0.69999895
step
0.33240897507
link
2.2160598338
enable
0.1999997
bias
0.3999994
node
0.55401495845
disable
0.361
done
7
170 171 1.2667326633966 18 1
171 1000001 1.2556630588864 19 1
170 1000001 0.96197612299732 17 0
132 1000003 -0.81746879482406 15 0
130 1000005 0.0835325684821 16 1
134 171 -0.74373607593005 1444 1
56 1000001 0.66304513687551 1445 1
0
171
connections
0.69999895
step
0.33240897507
link
2.2160598338
enable
0.1805
bias
0.361
node
0.49999925
disable
0.3999994
done
7
170 171 1.3052382030862 18 1
171 1000001 1.3957024213109 19 0
170 1000001 1.3083669536937 17 1
132 1000003 0.28237872581224 15 0
130 1000005 0.34114521269511 16 1
48 1000005 -0.85335856196783 1446 1
85 1000004 -0.42951750236518 1447 1
0
12
4
0
173
connections
0.7368398947385
step
0.285
link
1.89999715
enable
0.189999715
bias
0.34295
node
0.5263142105275
disable
0.34295
done
13
170 171 1.047317893053 18 0
172 171 1.047317893053 1215 1
170 172 1 1214 1
37 173 1 1235 1
16 1000001 0.50556962797937 1233 1
44 1000001 0.98361156041139 1234 1
171 1000001 1.4807424166921 19 0
170 1000001 1.0701164876324 17 0
68 1000001 1.0458693197424 1212 1
132 1000003 0.35355394438459 15 0
37 1000004 -1.5058442945647 1213 0
173 1000004 -1.5058442945647 1236 1
130 1000005 0.30762960035554 16 1
0
175
connections
0.73683878947866
step
0.315789
link
2.1052536842247
enable
0.1714747427875
bias
0.342949485575
node
0.58317189095407
disable
0.342949485575
done
19
170 171 1.2458581679942 18 1
172 171 0.87406618087304 1215 1
170 172 1.0016094474013 1214 1
37 173 1.3060937659536 1235 1
16 1000001 0.55808387282937 1233 1
171 1000001 1.4402942086474 19 0
44 1000001 0.96367175997192 1234 1
170 1000001 -0.33393353068636 17 0
68 1000001 1.250731735374 1212 1
27 1000002 0.91584476335948 1436 0
132 1000003 0.20537877195502 15 0
173 1000004 -1.4296991214026 1236 1
37 1000004 -1.418927579577 1213 0
130 1000005 0.11832196380047 16 1
47 1000005 -1.6021607104709 1435 1
94 1000004 -0.015686513870663 1453 1
164 173 -0.19550157170324 1454 1
27 175 1 1455 1
175 1000002 0.91584476335948 1456 1
0
174
connections
0.69999790000157
step
0.29999955
link
1.8049972925
enable
0.19999940000045
bias
0.3609994585
node
0.55401412742756
disable
0.3609994585
done
17
170 171 0.95536881377657 18 0
172 171 0.81609475284331 1215 1
170 172 0.80118746823786 1214 1
37 173 0.74250046254616 1235 1
16 1000001 0.26266401986602 1233 1
44 1000001 1.2212618890759 1234 1
171 1000001 1.3702075930235 19 0
170 1000001 1.2200384405499 17 0
68 1000001 0.95785712228309 1212 1
132 1000003 0.12540706531571 15 0
37 1000004 -1.4243691520295 1213 0
173 1000004 -1.6747731466735 1236 0
130 1000005 0.19982312734153 16 1
117 1000004 0.10065004425184 1457 1
133 173 0.50459303567614 1458 1
173 174 1 1459 1
174 1000004 -1.6747731466735 1460 1
0
173
connections
0.77561977839859
step
0.27075
link
1.9999940000045
enable
0.18049972925
bias
0.3609994585
node
0.49999850000112
disable
0.3609994585
done
16
170 171 0.78053407854448 18 0
172 171 1.2073286889757 1215 1
170 172 1.0216239738151 1214 1
37 173 0.85425094607379 1235 1
16 1000001 0.51957522049623 1233 1
44 1000001 0.88312659840693 1234 1
171 1000001 1.5264609673681 19 0
170 1000001 0.97485366985839 17 0
68 1000001 1.0745828501236 1212 1
132 1000003 0.53146215233772 15 0
37 1000004 -1.3215736640522 1213 0
173 1000004 -1.5370952482681 1236 1
130 1000005 0.32451067735374 16 1
70 172 -0.39887691885128 1461 1
25 1000005 -0.041444135868404 1462 1
170 1000006 -0.37165440839869 1463 1
0
5
1
0
172
connections
0.7368398947385
step
0.285
link
2.10525684211
enable
0.210525684211
bias
0.37999943
node
0.4749992875
disable
0.37999943
done
11
170 171 1.2755247149312 18 1
143 171 -1.3339640491958 1340 1
130 172 1 1341 1
170 1000001 0.78763886488083 17 0
171 1000001 1.5398850845622 19 1
115 1000001 -1.3842585528123 1339 1
96 1000002 0.25515472884304 1325 1
132 1000003 -1.6801660206915 15 0
100 1000004 -0.99269188512833 1326 1
130 1000005 0.20697511784265 16 0
172 1000005 0.20697511784265 1342 1
0
0
1
0
172
connections
0.7368398947385
step
0.315789
link
2.10525684211
enable
0.171475
bias
0.421051368422
node
0.58317276571322
disable
0.37999943
done
13
170 171 1.0588556603595 18 1
101 171 -1.8399609363079 1429 1
170 1000001 1.2276664502396 17 1
171 1000001 1.4799738332774 19 1
132 1000003 0.36029193929868 15 0
28 1000004 1.1338847010712 1430 1
130 1000005 0.10877466399121 16 1
143 1000006 0.10724204229865 1428 1
4 171 0.17120883816034 1448 1
37 1000001 1.2662129581591 1449 0
1000001 1000005 1.0840784936064 1450 1
37 172 1 1451 1
172 1000001 1.2662129581591 1452 1
0
0
1
0
172
connections
0.77562094183
step
0.33240897507
link
1.999997
enable
0.1999997
bias
0.3999994
node
0.55401495845
disable
0.3999994
done
9
170 171 1.0233022069685 18 1
171 1000001 0.92519170746938 19 1
170 1000001 1.3108904053105 17 0
132 1000003 0.29879273141737 15 0
130 1000005 1.3978087710196 16 1
18 1000001 0.077700125125889 1464 0
35 1000006 0.22540971098972 1465 1
18 172 1 1466 0
172 1000001 0.077700125125889 1467 1
