185
20000
4
20000
183
3
20000
171
connections
0.736841
step
0.315789
link
2.10526
enable
0.19
bias
0.38
node
0.526315
disable
0.38
done
5
170 171 1 18 1
171 1000001 1.2115237891781 19 1
170 1000001 1.2115237891781 17 0
132 1000003 0.3961912900174 15 0
130 1000005 0.28962065492721 16 1
0
172
connections
0.77562094183
step
0.33240897507
link
1.999997
enable
0.1805
bias
0.361
node
0.55401495845
disable
0.3999994
done
9
170 171 0.86482285247939 18 1
171 1000001 1.1780363772483 19 0
170 1000001 1.4892126491467 17 0
132 1000003 0.32654842939984 15 0
130 1000005 -0.0075661770890116 16 1
171 1000002 1.2530289620655 3571 1
120 1000002 0.94283883175146 3572 1
171 172 1 3573 1
172 1000001 1.1780363772483 3574 1
0
172
connections
0.77562094183
step
0.285
link
1.999997
enable
0.1805
bias
0.3999994
node
0.55401495845
disable
0.361
done
9
170 171 1.2317348246712 18 1
171 1000001 1.0580515457625 19 1
170 1000001 1.4523564867092 17 0
132 1000003 0.27377010406812 15 0
130 1000005 0.21411526841029 16 1
125 1000006 -0.97225867488632 3575 1
28 1000001 -0.66170232245857 3576 1
130 172 1 3577 1
172 1000005 0.21411526841029 3578 1
0
5
4
0
172
connections
0.77562094183
step
0.29999955
link
1.999997
enable
0.1805
bias
0.3999994
node
0.49999925
disable
0.361
done
9
170 171 1.2370643741615 18 1
155 172 1 3469 1
170 1000001 -1.3215124973296 17 0
171 1000001 0.93650054986877 19 1
132 1000003 0.36970122379223 15 0
2 1000003 -0.64998321481979 3467 1
155 1000004 1.4665364543596 3468 0
172 1000004 1.4665364543596 3470 1
130 1000005 0.91940061647389 16 0
0
173
connections
0.81644187199851
step
0.3157885263165
link
1.89999715
enable
0.171475
bias
0.421051368422
node
0.5263142105275
disable
0.37999943
done
13
170 171 1.9960936307871 18 1
155 172 0.74868564712194 3469 0
170 1000001 -1.1148385587067 17 0
171 1000001 0.86764136164491 19 1
132 1000003 0.41587398387348 15 0
2 1000003 -1.5480819116794 3467 1
155 1000004 1.410764848726 3468 0
172 1000004 1.1785807251866 3470 1
130 1000005 0.68443128574106 16 0
83 1000002 -1.2391125217444 3579 1
13 1000001 -1.2303231910154 3580 1
155 173 1 3581 1
173 172 0.74868564712194 3582 1
0
173
connections
0.81644187199851
step
0.3157885263165
link
1.89999715
enable
0.189999715
bias
0.37999943
node
0.5263142105275
disable
0.34295
done
13
170 171 1.039565235705 18 0
155 172 -0.48261970885342 3469 1
170 1000001 -1.2734893573829 17 0
171 1000001 0.94761246645689 19 1
132 1000003 0.14791584960107 15 0
2 1000003 -0.48320809204666 3467 1
155 1000004 1.3918562794755 3468 0
172 1000004 1.6251776156406 3470 1
130 1000005 0.66958969723655 16 0
34 1000005 1.3226111636708 3586 1
13 1000004 -1.9836420789209 3587 1
170 173 1 3588 1
173 171 1.039565235705 3589 1
0
172
connections
0.7368398947385
step
0.3157885263165
link
2.10525684211
enable
0.189999715
bias
0.37999943
node
0.5263142105275
disable
0.34295
done
12
170 171 1.3182594281554 18 1
155 172 0.76021197170077 3469 1
170 1000001 -0.65572069460128 17 0
171 1000001 1.0350429151017 19 1
132 1000003 0.28388022013463 15 0
2 1000003 -0.94786546097954 3467 1
155 1000004 1.2246474739214 3468 0
172 1000004 1.3425320911858 3470 1
130 1000005 0.62398554346813 16 0
1000005 171 1.0251167332987 3590 1
152 172 1.570299386578 3591 1
166 1000005 -1.5860469374676 3592 1
0
5
1
0
171
connections
0.7368398947385
step
0.2849995725
link
2.3326910628529
enable
0.189999715
bias
0.34295
node
0.58317276571322
disable
0.421051368422
done
10
170 171 0.87677697245651 18 1
56 171 2.0647810486762 3450 1
170 1000001 0.99430541936728 17 1
171 1000001 1.0625077768554 19 1
132 1000003 0.30383433147366 15 0
52 1000004 -1.8922086245308 3472 1
130 1000005 -0.074396713410977 16 1
99 1000005 0.14667195654164 3473 1
71 1000006 -1.5371575941327 3451 1
2 1000006 1.0254829554125 3471 1
0
3
2
0
172
connections
0.77562094183
step
0.29999955
link
2.2160598338
enable
0.1999997
bias
0.361
node
0.49999925
disable
0.3999994
done
10
170 171 1.1540053233604 18 1
35 172 1 3515 1
170 1000001 1.0586171305109 17 0
171 1000001 1.394423993968 19 1
115 1000002 -1.3492233039338 3513 1
35 1000003 0.67122409741508 3512 0
172 1000003 0.67122409741508 3516 1
132 1000003 0.25148799439222 15 0
170 1000004 -0.14679403057955 3514 0
130 1000005 0.42895880463424 16 1
0
172
connections
0.7368398947385
step
0.3157885263165
link
2.3326910628529
enable
0.189999715
bias
0.37999943
node
0.4749992875
disable
0.37999943
done
13
170 171 1.1442040925103 18 1
35 172 0.74916751687858 3515 0
170 1000001 1.0551380308679 17 0
171 1000001 1.1599750825724 19 1
115 1000002 1.6280404065065 3513 1
35 1000003 0.52759799775094 3512 0
172 1000003 0.6498387176154 3516 1
132 1000003 0.021067514162078 15 0
170 1000004 -0.014038912625209 3514 0
130 1000005 0.57426181105148 16 1
51 1000004 0.082094790490432 3583 1
91 1000005 1.741935483871 3584 1
170 1000002 0.66756187627796 3585 1
