53
20000
6
20000
51
1
20000
171
connections
0.736841
step
0.315789
link
2.10526
enable
0.19
bias
0.38
node
0.526315
disable
0.38
done
5
170 171 1 18 1
171 1000001 1.2115237891781 19 1
170 1000001 1.2115237891781 17 0
132 1000003 0.3961912900174 15 0
130 1000005 0.28962065492721 16 1
0
10
4
0
171
connections
0.7368398947385
step
0.315789
link
2.10525684211
enable
0.189999715
bias
0.421051368422
node
0.58317276571322
disable
0.37999943
done
9
170 171 1.1207731621754 18 1
41 1000001 0.096377452925199 793 1
170 1000001 1.1171977660146 17 0
171 1000001 -1.391464188818 19 1
132 1000003 0.39767397421186 15 0
29 1000005 -0.70682765681936 770 1
13 1000005 -1.190038758507 792 1
130 1000005 0.353666879635 16 1
150 1000006 -2.0292942074343 769 0
0
171
connections
0.73683878947866
step
0.2849995725
link
2.1052536842247
enable
0.18999943000043
bias
0.42105073684495
node
0.58317189095407
disable
0.37999886000085
done
14
170 171 1.9339579454939 18 1
171 1000001 0.75545518356883 19 1
57 1000001 0.45307500296419 974 1
41 1000001 0.27275937164609 793 1
170 1000001 1.4829876467244 17 0
86 1000001 -1.4908188693656 975 1
170 1000002 1.1661453038837 976 1
132 1000003 0.65228539685362 15 0
130 1000005 0.60643254559229 16 1
13 1000005 -1.4335637388411 792 1
29 1000005 -0.95844796483406 770 0
150 1000006 -0.95968504898221 769 0
152 1000001 1.7235023041475 1001 1
137 1000001 1.5153660695212 1002 1
0
172
connections
0.6649980050015
step
0.315789
link
2.1052536842247
enable
0.18999943000043
bias
0.42105073684495
node
0.58317189095407
disable
0.42105073684495
done
16
170 171 1.1493582008866 18 1
171 1000001 -1.4196434925855 19 1
57 1000001 0.057465145878475 974 1
41 1000001 -0.011962932580035 793 1
170 1000001 1.3457368876537 17 0
86 1000001 -1.6160351059603 975 1
170 1000002 0.75961558711509 976 1
132 1000003 0.79361586415143 15 0
130 1000005 -0.17306718705863 16 1
13 1000005 -1.5314483300287 792 0
29 1000005 -0.79007415523698 770 1
150 1000006 -2.2150731064684 769 0
83 1000005 0.48640400402844 1003 1
125 1000003 -1.7526779992065 1004 1
13 172 1 1005 1
172 1000005 -1.5314483300287 1006 1
0
172
connections
0.69999790000157
step
0.33240897507
link
2.2160565097102
enable
0.18049972925
bias
0.44321130194205
node
0.61386514837271
disable
0.3609994585
done
13
170 171 1.2438984934667 18 0
41 1000001 -0.043303908741686 793 1
170 1000001 1.3867709248187 17 0
171 1000001 -1.655823009624 19 1
132 1000003 0.50552149806113 15 0
29 1000005 -0.57187369108078 770 1
13 1000005 -0.88033692434462 792 1
130 1000005 0.077093928576513 16 1
150 1000006 -0.68001342814417 769 0
29 1000006 -1.8655964842677 1007 1
117 1000004 -0.3961912900174 1008 1
170 172 1 1009 1
172 171 1.2438984934667 1010 1
0
7
2
0
173
connections
0.7368398947385
step
0.285
link
2.10525684211
enable
0.189999715
bias
0.421051368422
node
0.5263142105275
disable
0.37999943
done
14
170 171 1.262289317009 18 1
31 171 -0.95736564226203 846 1
130 172 1 827 1
171 173 1 848 1
173 1000001 0.92766699632454 849 1
170 1000001 1.3170989167014 17 1
171 1000001 0.92766699632454 19 0
36 1000002 -1.0262153996399 825 0
170 1000002 -0.93160802026429 847 0
132 1000002 1.8717001861629 826 1
132 1000003 0.56021975517767 15 0
130 1000005 0.56767472144821 16 0
172 1000005 0.56767472144821 828 1
1000002 1000005 -0.53975035859249 845 1
0
174
connections
0.77561977839859
step
0.315789
link
1.9999940000045
enable
0.18049972925
bias
0.3999988000009
node
0.55401412742756
disable
0.3609994585
done
19
170 171 -0.24274422437208 18 0
31 171 -0.88318650065615 846 1
130 172 0.89145385580004 827 1
171 173 1.1139430935698 848 1
173 1000001 0.83199643133538 849 1
170 1000001 1.5651176524721 17 1
171 1000001 0.62849289045583 19 0
36 1000002 -1.0460973756218 825 0
170 1000002 -0.85420998385571 847 0
132 1000002 2.0321534184088 826 1
132 1000003 0.38731498974294 15 0
130 1000005 0.44981883958536 16 0
172 1000005 0.74391403060072 828 1
1000002 1000005 -0.60315487627796 845 1
101 1000002 0.36506241035188 1011 1
33 1000006 1.5071871089816 1012 1
170 172 1.86779381695 1013 0
170 174 1 1014 1
174 171 -0.24274422437208 1015 1
0
0
1
0
172
connections
0.77562094183
step
0.29999955
link
2.2160598338
enable
0.1999997
bias
0.361
node
0.55401495845
disable
0.3999994
done
9
170 171 1.1989223982315 18 1
171 1000001 1.2873591196219 19 1
170 1000001 1.4748096273492 17 0
132 1000003 1.6669820245979 15 0
130 1000005 0.73700415306485 16 0
72 1000004 -1.4131900997955 989 1
2 1000001 -0.88399914548173 990 1
130 172 1 991 1
172 1000005 0.73700415306485 992 1
0
0
1
0
171
connections
0.81644187199851
step
0.34990365942793
link
2.3326910628529
enable
0.171475
bias
0.37999943
node
0.58317276571322
disable
0.421051368422
done
10
170 171 1.0401422868847 18 1
125 171 0.7421491134373 970 1
170 1000001 0.88664212693818 17 0
171 1000001 1.1226670060537 19 1
132 1000003 0.3332033043547 15 0
130 1000005 0.52163840659279 16 1
55 1000006 -1.8444776757103 969 1
171 1000004 1.6738181707205 993 1
151 1000003 0.022400585955382 994 0
170 1000004 0.27961058381909 995 1
0
0
1
0
172
connections
0.7368398947385
step
0.315789
link
2.3326910628529
enable
0.171475
bias
0.37999943
node
0.5263142105275
disable
0.37999943
done
12
170 171 0.82608578250533 18 0
125 171 0.95535752577288 970 1
170 1000001 0.79528912144485 17 0
171 1000001 0.86156066806122 19 0
132 1000003 0.12510271910124 15 0
130 1000005 -1.1106906338694 16 1
55 1000006 -1.9826106673482 969 1
85 1000004 -1.0319528794214 996 1
159 1000003 1.5489364299448 997 0
32 171 -0.90792565691092 998 1
159 172 1 999 1
172 1000003 1.5489364299448 1000 1
