16
0
16
0
13
1
-1
170
connections
0.249999625
step
0.09025
link
1.805
enable
0.1999997
bias
0.3999994
node
0.45125
disable
0.44321196676
done
4
1000003 1000002 -1.4494703283792 21 1
37 1000004 -0.65889461958678 207 1
122 1000004 -0.35111835840938 20 1
89 1000006 1.2370372631001 208 1
0
13
2
-1
171
connections
0.225625
step
0.11080299169
link
1.805
enable
0.1999997
bias
0.3999994
node
0.55401495845
disable
0.3999994
done
7
170 171 1 214 1
48 1000001 1.4817957090976 211 1
20 1000002 -0.74373607593005 28 1
170 1000003 0.93234046449171 29 1
170 1000004 -1.2283700064089 213 0
171 1000004 -1.2283700064089 215 1
1000003 1000005 -1.1172826319163 212 1
0
171
connections
0.23749964375
step
0.1052628421055
link
1.89999715
enable
0.210525684211
bias
0.421051368422
node
0.5263142105275
disable
0.421051368422
done
9
170 171 1 214 1
48 1000001 1.4817957090976 211 1
20 1000002 -0.74373607593005 28 1
170 1000003 0.93234046449171 29 0
170 1000004 -1.2283700064089 213 0
171 1000004 -1.2283700064089 215 1
1000003 1000005 -1.1172826319163 212 1
138 1000001 -0.23895992919706 867 1
9 1000002 -0.89779351176489 868 1
0
10
4
-1
171
connections
0.277007479225
step
0.09999985
link
1.999997
enable
0.22160598338
bias
0.44321196676
node
0.49999925
disable
0.3999994
done
7
102 171 1 368 1
170 1000002 -0.38935514389477 367 0
170 1000003 -0.24909207434309 36 1
148 1000004 -0.17352824488052 366 1
171 1000004 1.4875331888791 369 1
102 1000004 1.4875331888791 365 1
32 1000006 -0.17023224585711 35 1
0
171
connections
0.29158638285661
step
0.0949998575
link
2.10525684211
enable
0.23326910628529
bias
0.421051368422
node
0.5263142105275
disable
0.37999943
done
9
102 171 1.007569952328 368 1
170 1000002 -0.32921011859989 367 0
170 1000003 -0.2790500664555 36 1
148 1000004 -0.082697514706336 366 1
171 1000004 1.4057539298531 369 1
102 1000004 1.4626256973241 365 1
32 1000006 -0.14307493315828 35 0
7 1000003 -0.89547410504471 869 1
9 1000003 1.6131473738823 870 1
0
171
connections
0.26315710526375
step
0.105263
link
1.89999715
enable
0.210525684211
bias
0.421051368422
node
0.5263142105275
disable
0.421051368422
done
10
102 171 0.97542781801813 368 1
170 1000002 -0.4502218103885 367 0
170 1000003 -0.21756810757775 36 1
148 1000004 -0.21284566353343 366 1
171 1000004 1.6712546159246 369 1
102 1000004 1.5759692717368 365 1
32 1000006 -0.11556564619892 35 1
109 1000002 -0.63777581102939 871 1
16 1000001 0.61824396496475 872 1
170 1000001 -1.6098513748589 873 1
0
172
connections
0.26315710526375
step
0.1052628421055
link
2.10525684211
enable
0.210525684211
bias
0.46653821257058
node
0.5263142105275
disable
0.421051368422
done
11
102 171 1 368 1
170 1000002 -0.38935514389477 367 0
170 1000003 -0.24909207434309 36 0
148 1000004 -0.17352824488052 366 1
171 1000004 1.4875331888791 369 1
102 1000004 1.4875331888791 365 1
32 1000006 -0.17023224585711 35 1
128 1000003 -0.44392223883786 920 1
7 171 1.9704580828272 921 1
148 172 1 922 1
172 1000004 -0.17352824488052 923 1
0
6
3
-1
171
connections
0.26315710526375
step
0.0857375
link
1.89999715
enable
0.189999715
bias
0.421051368422
node
0.4286875
disable
0.421051368422
done
8
122 171 1 569 1
1000003 1000002 -1.282937101352 21 1
129 1000004 -1.7484054078799 567 1
171 1000004 -0.40788507683035 570 1
37 1000004 -0.70777496375927 207 1
122 1000004 -0.40788507683035 20 0
170 1000006 -0.76229132969146 568 0
89 1000006 1.2560467219306 208 1
0
173
connections
0.26315671052809
step
0.08573737139375
link
1.8999943000043
enable
0.18999943000043
bias
0.46653751276326
node
0.42868685696875
disable
0.42105073684495
done
15
122 171 1 569 1
37 173 1 820 1
1000003 1000002 -1.282937101352 21 1
44 1000003 1.2745139927366 819 1
37 1000004 -0.70777496375927 207 0
122 1000004 -0.40788507683035 20 1
173 1000004 -0.70777496375927 821 1
129 1000004 -1.7484054078799 567 1
171 1000004 -0.40788507683035 570 1
53 1000005 1.7841731009857 818 1
89 1000006 1.2560467219306 208 1
170 1000006 -0.76229132969146 568 0
130 1000001 -1.4866786706137 874 1
26 1000004 0.27497177037873 875 0
170 1000001 -1.4534745323038 876 1
0
173
connections
0.23749928750053
step
0.08573737139375
link
1.8999943000043
enable
0.18999943000043
bias
0.46653751276326
node
0.47499857500107
disable
0.37999886000085
done
15
122 171 1 569 1
37 173 1 820 1
1000003 1000002 -1.282937101352 21 1
44 1000003 1.2745139927366 819 1
37 1000004 -0.70777496375927 207 1
122 1000004 -0.40788507683035 20 1
173 1000004 -0.70777496375927 821 1
129 1000004 -1.7484054078799 567 1
171 1000004 -0.40788507683035 570 1
53 1000005 1.7841731009857 818 1
89 1000006 1.2560467219306 208 1
170 1000006 -0.76229132969146 568 0
92 1000004 1.052827539903 877 1
39 1000001 1.5593127231666 878 1
170 171 1.8692587054048 879 1
0
4
1
-1
170
connections
0.249999625
step
0.09999985
link
1.805
enable
0.1805
bias
0.44321196676
node
0.49999925
disable
0.44321196676
done
3
27 1000005 1.4709311197241 42 1
87 1000006 -0.67647328104495 657 1
55 1000006 0.76400036622211 658 1
0
4
1
-1
171
connections
0.277007479225
step
0.09025
link
1.805
enable
0.1999997
bias
0.3999994
node
0.55401495845
disable
0.44321196676
done
5
27 171 1 661 1
81 1000001 -1.6054567094943 660 1
87 1000004 0.78719443342387 659 1
27 1000005 1.5115487151708 42 0
171 1000005 1.5115487151708 662 1
0
4
2
-1
171
connections
0.26315710526375
step
0.0857375
link
1.71475
enable
0.189999715
bias
0.37999943
node
0.4749992875
disable
0.46653821257058
done
8
37 171 1 671 1
1000003 1000002 -1.4929291173284 21 1
1000006 1000003 -1.3320108645894 670 1
171 1000004 -0.6940693140202 672 1
37 1000004 -0.6940693140202 207 0
122 1000004 -0.3762872482223 20 1
158 1000006 1.3609424115726 669 0
89 1000006 1.1904176446577 208 1
0
172
connections
0.27700706371378
step
0.090249864625
link
1.6290125
enable
0.19999940000045
bias
0.3999988000009
node
0.49999850000112
disable
0.49109211869817
done
12
37 171 1 671 1
1000003 1000002 -1.4929291173284 21 1
1000006 1000003 -1.3320108645894 670 1
171 1000004 -0.6940693140202 672 1
37 1000004 -0.6940693140202 207 0
122 1000004 -0.3762872482223 20 0
158 1000006 1.3609424115726 669 0
89 1000006 1.1904176446577 208 1
3 1000005 -0.2769249549852 893 1
8 1000005 0.42609942930387 894 1
122 172 1 895 1
172 1000004 -0.3762872482223 896 1
0
2
1
-1
170
connections
0.26315710526375
step
0.11080299169
link
1.89999715
enable
0.189999715
bias
0.421051368422
node
0.58317276571322
disable
0.37999943
done
5
49 1000001 -1.5696890163884 800 0
134 1000003 0.5768608661153 799 1
127 1000004 -1.0555131687368 709 1
27 1000005 1.3754083283486 42 1
170 1000005 -0.32197027497177 801 1
0
1
2
-1
170
connections
0.26315710526375
step
0.0949998575
link
1.89999715
enable
0.171475
bias
0.421051368422
node
0.4749992875
disable
0.421051368422
done
6
11 1000001 -1.5224463637196 829 1
170 1000002 -1.1343729972228 830 0
111 1000004 -1.1720938749351 828 1
27 1000005 1.4709311197241 42 1
87 1000006 -0.67647328104495 657 1
55 1000006 0.76400036622211 658 1
0
170
connections
0.27700706371378
step
0.105263
link
1.9999940000045
enable
0.16290125
bias
0.44321130194205
node
0.451249323125
disable
0.44321130194205
done
8
11 1000001 -1.5224463637196 829 1
170 1000002 -1.1343729972228 830 0
111 1000004 -1.1720938749351 828 1
27 1000005 1.4709311197241 42 1
87 1000006 -0.67647328104495 657 1
55 1000006 0.76400036622211 658 1
164 1000005 0.53938413647877 924 0
137 1000001 -0.66634113589892 925 1
0
1
1
-1
172
connections
0.24999925000056
step
0.105263
link
1.8049972925
enable
0.18049972925
bias
0.3999988000009
node
0.55401412742756
disable
0.44321130194205
done
11
27 171 0.93320311413923 661 1
24 171 0.093810580187384 784 0
85 172 0.91707651542711 785 1
95 172 -1.8365428632466 832 1
81 1000001 -1.7052842104862 660 0
168 1000001 0.77352214117863 831 1
85 1000002 -0.15887936033204 783 0
172 1000002 -1.279669893704 786 1
87 1000004 0.83721580166021 659 1
171 1000005 1.5640822348399 662 1
27 1000005 1.5306853981445 42 0
0
1
3
-1
171
connections
0.24999925000056
step
0.1052628421055
link
1.9999940000045
enable
0.18049972925
bias
0.3999988000009
node
0.55401412742756
disable
0.3609994585
done
10
91 171 1 842 1
49 1000001 -1.5609350491428 800 0
161 1000002 -1.7237464522233 840 1
134 1000003 -0.23944822534867 799 1
170 1000004 1.9892574846644 841 1
91 1000004 -1.18112735374 839 0
171 1000004 -1.18112735374 843 0
127 1000004 -1.1195729341846 709 1
27 1000005 1.4246779047326 42 1
170 1000005 -0.27437760534095 801 1
0
172
connections
0.26315671052809
step
0.099999700000225
link
2.1052536842247
enable
0.18999943000043
bias
0.37999886000085
node
0.58317189095407
disable
0.37999886000085
done
15
91 171 1 842 1
49 1000001 -1.5609350491428 800 0
161 1000002 -1.7237464522233 840 0
134 1000003 -0.23944822534867 799 1
170 1000004 1.9892574846644 841 1
91 1000004 -1.18112735374 839 0
171 1000004 -1.18112735374 843 0
127 1000004 -1.1195729341846 709 1
27 1000005 1.4246779047326 42 1
170 1000005 -0.27437760534095 801 1
26 1000002 1.0175481429487 897 1
137 1000004 -1.4725180822169 898 1
170 1000001 1.3167516098514 899 1
137 172 1 900 1
172 1000004 -1.4725180822169 901 1
0
172
connections
0.26315671052809
step
0.11080282548551
link
1.8999943000043
enable
0.1714747427875
bias
0.42105073684495
node
0.58317189095407
disable
0.342949485575
done
12
91 171 1 842 1
49 1000001 -1.5609350491428 800 0
161 1000002 -1.7237464522233 840 1
134 1000003 -0.23944822534867 799 0
170 1000004 1.9892574846644 841 1
91 1000004 -1.18112735374 839 0
171 1000004 -1.18112735374 843 0
127 1000004 -1.1195729341846 709 1
27 1000005 1.4246779047326 42 1
170 1000005 -0.27437760534095 801 1
25 1000004 0.27057710501419 918 1
74 1000004 -1.1744132816553 919 1
0
1
5
-1
171
connections
0.23749964375
step
0.0949998575
link
1.89999715
enable
0.189999715
bias
0.421051368422
node
0.5263142105275
disable
0.46653821257058
done
7
55 171 1 865 1
77 1000003 -1.2596209601123 863 1
55 1000005 -0.39912106692709 864 1
27 1000005 1.4709311197241 42 1
171 1000005 -0.39912106692709 866 0
55 1000006 0.76400036622211 658 1
87 1000006 -0.67647328104495 657 1
0
171
connections
0.2256246615625
step
0.099999700000225
link
1.8049972925
enable
0.19999940000045
bias
0.3999988000009
node
0.49999850000112
disable
0.44321130194205
done
10
55 171 1 865 1
77 1000003 -1.2596209601123 863 1
55 1000005 -0.39912106692709 864 1
27 1000005 1.4709311197241 42 1
171 1000005 -0.39912106692709 866 0
55 1000006 0.76400036622211 658 1
87 1000006 -0.67647328104495 657 1
151 1000001 1.2662129581591 902 1
12 1000006 -0.86898403881954 903 1
170 1000003 1.1009247108371 904 1
0
171
connections
0.24999925000056
step
0.099999700000225
link
1.8049972925
enable
0.19999940000045
bias
0.44321130194205
node
0.55401412742756
disable
0.49109211869817
done
10
55 171 0.90364419909949 865 1
77 1000003 -1.2735159957915 863 1
55 1000005 -0.33789196505312 864 1
27 1000005 1.3776088495649 42 1
171 1000005 -0.40539870549335 866 0
55 1000006 0.82839727987624 658 1
87 1000006 -0.72391416170243 657 1
100 1000002 -1.4872890408032 905 1
31 1000003 0.16351817377239 906 1
170 1000004 -1.0494094668416 907 1
0
171
connections
0.24999925000056
step
0.090249864625
link
1.9999940000045
enable
0.19999940000045
bias
0.3999988000009
node
0.55401412742756
disable
0.49109211869817
done
9
55 171 -0.27802362132633 865 1
77 1000003 -1.3011308850296 863 1
55 1000005 -0.32099008423666 864 1
27 1000005 1.559197894578 42 1
171 1000005 -0.40414764863859 866 0
55 1000006 0.6849329244731 658 1
87 1000006 -0.67393107013004 657 1
113 1000002 1.7894222846156 908 1
1000005 1000003 1.3732718894009 909 0
0
172
connections
0.2256246615625
step
0.105263
link
1.8049972925
enable
0.19999940000045
bias
0.3999988000009
node
0.49999850000112
disable
0.44321130194205
done
10
55 171 0.60835596789453 865 1
77 1000003 -1.1893353319803 863 0
55 1000005 -0.31804154005554 864 1
27 1000005 1.4176201823481 42 1
171 1000005 -0.49505505444502 866 0
55 1000006 0.67506313806574 658 0
87 1000006 -0.60697149555956 657 1
83 1000002 -1.8301950132756 915 1
55 172 1 916 1
172 1000006 0.67506313806574 917 1
0
0
1
0
171
connections
0.23749964375
step
0.0949998575
link
1.89999715
enable
0.171475
bias
0.421051368422
node
0.4749992875
disable
0.46653821257058
done
7
27 1000005 1.4709311197241 42 0
87 1000006 -0.67647328104495 657 1
55 1000006 0.76400036622211 658 1
49 1000002 0.25470748008667 880 1
117 1000003 0.80416272469253 881 1
27 171 1 882 1
171 1000005 1.4709311197241 883 1
0
0
1
0
172
connections
0.29158638285661
step
0.0949998575
link
1.71475
enable
0.210525684211
bias
0.37999943
node
0.5263142105275
disable
0.46653821257058
done
9
27 171 1.0860237669571 661 1
81 1000001 -1.6889001403457 660 1
87 1000004 0.75456332907613 659 1
27 1000005 1.4611567805045 42 0
171 1000005 0.079165013580737 662 0
156 1000006 -1.0315866573077 884 1
167 1000005 0.2003845332194 885 1
171 172 1 886 1
172 1000005 0.079165013580737 887 0
0
0
1
0
172
connections
0.26315710526375
step
0.0949998575
link
1.71475
enable
0.189999715
bias
0.37999943
node
0.58317276571322
disable
0.46653821257058
done
10
27 171 1 661 1
81 1000001 -1.6054567094943 660 1
87 1000004 0.78719443342387 659 1
27 1000005 1.5115487151708 42 0
171 1000005 1.5115487151708 662 0
169 1000003 -0.1116367076632 888 1
44 1000003 1.947874385815 889 1
170 171 0.23651844843898 890 1
171 172 1 891 1
172 1000005 1.5115487151708 892 1
0
0
1
0
171
connections
0.24999925000056
step
0.105263
link
1.9999940000045
enable
0.19999940000045
bias
0.44321130194205
node
0.61386514837271
disable
0.3999988000009
done
10
49 1000001 -1.5696890163884 800 0
134 1000003 0.5768608661153 799 1
127 1000004 -1.0555131687368 709 1
27 1000005 1.3754083283486 42 1
170 1000005 -0.32197027497177 801 1
19 1000002 -0.4606463820307 910 1
35 1000004 1.0716269417402 911 1
170 1000006 -0.80184331797235 912 1
134 171 1 913 1
171 1000003 0.5768608661153 914 1
