14
20000
4
20000
12
2
20000
171
connections
0.736841
step
0.315789
link
2.10526
enable
0.19
bias
0.38
node
0.526315
disable
0.38
done
5
170 171 1 18 1
171 1000001 1.2115237891781 19 1
170 1000001 1.2115237891781 17 0
132 1000003 0.3961912900174 15 0
130 1000005 0.28962065492721 16 1
0
172
connections
0.77562094183
step
0.285
link
2.2160598338
enable
0.1999997
bias
0.3999994
node
0.49999925
disable
0.3999994
done
9
170 171 1 18 1
171 1000001 1.2115237891781 19 1
170 1000001 1.2115237891781 17 0
132 1000003 0.3961912900174 15 0
130 1000005 0.28962065492721 16 1
132 1000005 -0.40656758323923 255 0
89 1000006 -0.81319620349742 256 1
132 172 1 257 1
172 1000005 -0.40656758323923 258 1
10000
9
2
10000
172
connections
0.69999895
step
0.315789
link
2.2160598338
enable
0.1999997
bias
0.3999994
node
0.55401495845
disable
0.3999994
done
11
170 171 1 18 1
171 172 1 93 1
146 1000001 -1.3206579790643 90 1
172 1000001 1.2115237891781 94 0
171 1000001 1.2115237891781 19 0
170 1000001 1.2115237891781 17 1
170 1000002 1.2304452650533 92 1
132 1000003 0.3961912900174 15 0
130 1000005 0.28962065492721 16 1
93 1000005 -1.5694448683126 89 1
117 1000006 -1.7451094088565 91 1
0
172
connections
0.7368398947385
step
0.315789
link
2.3326910628529
enable
0.210525684211
bias
0.421051368422
node
0.5263142105275
disable
0.421051368422
done
15
170 171 0.85699047911008 18 1
171 172 1.047849738609 93 1
146 1000001 -1.0454039237953 90 1
172 1000001 1.1463074384899 94 0
171 1000001 1.3024334738304 19 0
170 1000001 1.3867800825526 17 1
170 1000002 1.1255806113163 92 1
132 1000003 0.1534345798822 15 1
130 1000005 0.19327547126682 16 0
93 1000005 -1.6648455858333 89 1
117 1000006 -1.4911154791406 91 1
79 1000001 0.91610461745048 259 1
67 1000003 -1.3746147038179 260 1
23 172 -0.31086153752251 261 1
170 1000006 -0.011169774468215 262 1
20000
3
4
20000
170
connections
0.69999895
step
0.285
link
1.805
enable
0.22160598338
bias
0.44321196676
node
0.49999925
disable
0.3999994
done
5
170 1000001 1.6575823236793 202 1
1000003 1000002 -1.3870662556841 21 0
122 1000004 -0.29377117221595 20 0
47 1000004 1.1698965422529 201 1
168 1000006 0.56978057191687 200 1
0
171
connections
0.7368398947385
step
0.315789
link
1.89999715
enable
0.210525684211
bias
0.421051368422
node
0.5263142105275
disable
0.37999943
done
7
170 1000001 1.3695683381146 202 1
1000003 1000002 -1.2813727847224 21 1
122 1000004 -0.0033092846156194 20 0
47 1000004 1.1234345906247 201 1
168 1000006 0.47570981691946 200 1
37 1000003 1.0966521195105 263 1
153 1000003 0.094424268318735 264 1
0
170
connections
0.7368398947385
step
0.29999955
link
1.71475
enable
0.210525684211
bias
0.421051368422
node
0.5263142105275
disable
0.421051368422
done
7
170 1000001 1.8029081959639 202 1
1000003 1000002 -1.4421185123493 21 0
122 1000004 -0.29006317887661 20 1
47 1000004 0.9520954223777 201 1
168 1000006 0.81442573246101 200 1
143 1000005 1.2861110263375 265 1
32 1000001 1.4325998718223 266 1
0
170
connections
0.6649990025
step
0.27075
link
1.89999715
enable
0.23326910628529
bias
0.46653821257058
node
0.5263142105275
disable
0.421051368422
done
7
170 1000001 1.4723366725669 202 1
1000003 1000002 -1.5570586184271 21 0
122 1000004 -0.51998421430097 20 0
47 1000004 1.2873699987793 201 1
168 1000006 0.63346263771477 200 1
4 1000002 0.6502273628956 270 1
170 1000006 1.8751182592242 271 1
0
1
2
0
171
connections
0.69999895
step
0.27075
link
1.805
enable
0.1999997
bias
0.3999994
node
0.45125
disable
0.3999994
done
4
1000004 1000001 1.713980529191 243 1
1000003 1000002 -1.2415320368053 21 0
115 1000002 1.6218146305734 244 1
122 1000004 -0.26709031189917 20 0
0
171
connections
0.7368398947385
step
0.2572125
link
1.71475
enable
0.210525684211
bias
0.37999943
node
0.4286875
disable
0.37999943
done
7
1000004 1000001 1.8059402581103 243 1
1000003 1000002 -1.142554638432 21 0
115 1000002 1.5535140243995 244 1
122 1000004 -0.48866498268075 20 0
1000005 1000002 -1.730460524308 267 1
120 1000006 -1.1603747672964 268 1
170 1000004 -1.2018799401837 269 1
