30
40000
4
40000
8
1
40000
170
connections
0.69999895
step
0.285
link
1.805
enable
0.22160598338
bias
0.44321196676
node
0.49999925
disable
0.3999994
done
5
170 1000001 1.6575823236793 202 1
1000003 1000002 -1.3870662556841 21 0
122 1000004 -0.29377117221595 20 0
47 1000004 1.1698965422529 201 1
168 1000006 0.56978057191687 200 1
40000
8
3
40000
171
connections
0.6649990025
step
0.27075
link
1.71475
enable
0.210525684211
bias
0.46653821257058
node
0.5263142105275
disable
0.421051368422
done
9
170 171 1 245 1
14 1000001 -0.67928098391675 244 0
170 1000001 1.7518205435347 202 0
171 1000001 1.7518205435347 246 1
1000003 1000002 -0.093081453901791 21 0
68 1000002 -1.2228766747032 243 1
122 1000004 -0.16370507675405 20 0
47 1000004 0.75850703451643 201 1
168 1000006 0.21051667836543 200 1
0
171
connections
0.631749052375
step
0.2572125
link
1.6290125
enable
0.19999940000045
bias
0.44321130194205
node
0.49999850000112
disable
0.3999988000009
done
11
170 171 0.98922696615497 245 1
14 1000001 -0.58568850863674 244 0
170 1000001 1.9348843794824 202 0
171 1000001 1.0716269417402 246 1
1000003 1000002 -0.097296765419477 21 0
68 1000002 -1.378011128193 243 1
122 1000004 -0.29839880176702 20 0
47 1000004 0.66979709883419 201 1
168 1000006 0.075932849742118 200 1
13 1000002 -0.78133487960448 530 1
170 1000004 -0.95126194036683 531 1
0
172
connections
0.631749052375
step
0.2849995725
link
1.8049972925
enable
0.22160565097102
bias
0.44321130194205
node
0.55401412742756
disable
0.44321130194205
done
10
170 171 -1.2645039216285 245 0
14 1000001 -0.86302120941992 244 0
170 1000001 -0.018127994628742 202 0
171 1000001 1.9607320927115 246 1
1000003 1000002 -0.31984081101863 21 1
68 1000002 -0.93918176652631 243 1
122 1000004 -0.22604193811174 20 0
47 1000004 0.58537807884114 201 1
168 1000006 0.094166714031419 200 1
118 1000001 0.83114108706931 532 1
40000
8
2
40000
171
connections
0.631749052375
step
0.285
link
1.8049972925
enable
0.22160565097102
bias
0.44321130194205
node
0.49999850000112
disable
0.3999988000009
done
12
170 171 1 382 1
166 1000001 0.57454145939512 379 1
170 1000001 1.7547625659963 202 1
1000003 1000002 -1.2014644306772 21 0
170 1000002 1.3694875942259 381 0
171 1000002 1.3694875942259 383 1
127 1000003 -0.66133610034486 361 1
64 1000004 -0.015198217719047 360 1
122 1000004 -0.46556093020417 20 0
47 1000004 0.96194143498032 201 0
67 1000005 1.6596575823237 380 1
168 1000006 1.3801080355235 200 1
0
171
connections
0.6649980050015
step
0.285
link
1.8999943000043
enable
0.23326875638163
bias
0.46653751276326
node
0.47499857500107
disable
0.37999886000085
done
15
170 171 0.81947767571032 382 1
166 1000001 0.8578540910062 379 1
170 1000001 1.8038441114536 202 1
1000003 1000002 -1.0502188177129 21 0
170 1000002 1.4669113742485 381 0
171 1000002 1.0869055757317 383 1
127 1000003 -0.59889477217933 361 1
64 1000004 -0.23383419293802 360 1
122 1000004 -0.33235450300607 20 0
47 1000004 0.93897061067537 201 0
67 1000005 1.7237166966765 380 1
168 1000006 1.2618095950194 200 1
144 1000001 1.4158757286294 543 1
153 1000002 -0.55806146427808 544 1
170 1000003 -1.2049317911313 545 1
40000
8
4
40000
171
connections
0.7368398947385
step
0.315789
link
1.89999715
enable
0.23326910628529
bias
0.421051368422
node
0.5263142105275
disable
0.421051368422
done
9
47 171 1 389 1
165 1000001 -0.092593157750176 387 1
170 1000001 1.9311016452223 202 1
1000003 1000002 -1.1903763633839 21 0
150 1000004 1.8024842066713 388 1
171 1000004 0.52253791924802 390 1
47 1000004 0.52253791924802 201 0
122 1000004 -0.20715977224036 20 1
168 1000006 0.31069808993805 200 1
0
172
connections
0.77561977839859
step
0.285
link
1.9999940000045
enable
0.24554605934908
bias
0.3999988000009
node
0.55401412742756
disable
0.44321130194205
done
14
47 171 1 389 1
165 1000001 -0.092593157750176 387 1
170 1000001 1.9311016452223 202 1
1000003 1000002 -1.1903763633839 21 0
150 1000004 1.8024842066713 388 0
171 1000004 0.52253791924802 390 1
47 1000004 0.52253791924802 201 0
122 1000004 -0.20715977224036 20 1
168 1000006 0.31069808993805 200 1
74 1000006 -1.2483901486251 533 1
18 1000005 -1.7831965086825 534 1
170 1000002 1.3765678884243 535 1
150 172 1 536 1
172 1000004 1.8024842066713 537 1
0
171
connections
0.69999790000157
step
0.29999955
link
1.8049972925
enable
0.22160565097102
bias
0.3999988000009
node
0.55401412742756
disable
0.44321130194205
done
10
47 171 1 389 1
165 1000001 -0.092593157750176 387 1
170 1000001 1.9311016452223 202 0
1000003 1000002 -1.1903763633839 21 0
150 1000004 1.8024842066713 388 1
171 1000004 0.52253791924802 390 1
47 1000004 0.52253791924802 201 0
122 1000004 -0.20715977224036 20 1
168 1000006 0.31069808993805 200 1
56 1000004 1.3094271675771 538 1
0
172
connections
0.69999790000157
step
0.285
link
1.9999940000045
enable
0.22160565097102
bias
0.3999988000009
node
0.49999850000112
disable
0.3999988000009
done
13
47 171 1.0091761528367 389 1
165 1000001 -0.030604113895077 387 1
170 1000001 1.804905624836 202 0
1000003 1000002 -1.2304470137333 21 0
150 1000004 1.6699388103885 388 1
171 1000004 0.53458433790094 390 1
47 1000004 0.76145710623493 201 0
122 1000004 -0.059932531418806 20 0
168 1000006 0.38312446403394 200 1
59 1000006 1.7643971068453 539 1
140 1000004 -0.9838557084872 540 1
170 172 1 541 1
172 1000001 1.804905624836 542 1
