86
20000
3
20000
84
5
20000
171
connections
0.736841
step
0.315789
link
2.10526
enable
0.19
bias
0.38
node
0.526315
disable
0.38
done
5
170 171 1 18 1
171 1000001 1.2115237891781 19 1
170 1000001 1.2115237891781 17 0
132 1000003 0.3961912900174 15 0
130 1000005 0.28962065492721 16 1
0
173
connections
0.77562094183
step
0.33240897507
link
1.999997
enable
0.1999997
bias
0.3999994
node
0.49999925
disable
0.361
done
8
170 171 0.78879902182127 18 1
171 1000001 1.3265175328837 19 1
170 1000001 1.3889431612598 17 0
132 1000003 0.15607812644027 15 0
130 1000005 0.11556929882882 16 1
61 171 -1.6815088351085 1626 1
1000005 1000006 -1.5451521347697 1627 1
170 1000005 0.17084261604663 1628 1
0
171
connections
0.69999895
step
0.33240897507
link
2.2160598338
enable
0.1805
bias
0.361
node
0.49999925
disable
0.361
done
7
170 171 -1.3685110019227 18 1
171 1000001 1.0835899049468 19 1
170 1000001 0.93420013576194 17 0
132 1000003 0.19552043409956 15 0
130 1000005 -0.015032622160319 16 1
1000005 1000002 0.12347788933988 1629 1
134 1000004 1.50669881283 1630 1
0
172
connections
0.81644187199851
step
0.3157885263165
link
1.89999715
enable
0.189999715
bias
0.421051368422
node
0.5263142105275
disable
0.37999943
done
9
170 171 0.86644599271229 18 1
170 1000001 0.88399914548173 17 0
171 1000001 0.98030064896847 19 1
89 1000002 0.33429975280007 1610 0
132 1000003 0.61228197814771 15 0
130 1000005 -0.0019557990920741 16 0
98 1000005 1.8337351603748 1611 1
83 1000006 -1.9141819513535 1631 1
93 1000006 -0.28852198858608 1632 1
0
171
connections
0.77562094183
step
0.33240897507
link
2.2160598338
enable
0.1999997
bias
0.3999994
node
0.49999925
disable
0.3999994
done
7
170 171 0.9469233143844 18 1
171 1000001 1.4079440466111 19 1
170 1000001 1.462654017086 17 0
132 1000003 0.42714254533337 15 0
130 1000005 0.3096765814299 16 1
1000003 171 -0.29047517319254 1633 1
115 1000003 -1.4870448927274 1634 1
0
14
2
0
172
connections
0.7368398947385
step
0.285
link
2.10525684211
enable
0.210525684211
bias
0.37999943
node
0.4749992875
disable
0.37999943
done
11
170 171 1.2755247149312 18 1
143 171 -1.3339640491958 1340 1
130 172 1 1341 1
170 1000001 0.78763886488083 17 0
171 1000001 1.5398850845622 19 1
115 1000001 -1.3842585528123 1339 1
96 1000002 0.25515472884304 1325 1
132 1000003 -1.6801660206915 15 0
100 1000004 -0.99269188512833 1326 1
130 1000005 0.20697511784265 16 0
172 1000005 0.20697511784265 1342 1
0
172
connections
0.77561977839859
step
0.27075
link
2.2160565097102
enable
0.19999940000045
bias
0.3609994585
node
0.49999850000112
disable
0.3999988000009
done
13
170 171 1.4576965722877 18 1
143 171 -1.1772253563036 1340 1
130 172 0.93064959410382 1341 1
170 1000001 0.81792234368572 17 0
171 1000001 1.6685299635563 19 1
115 1000001 -1.3517110431227 1339 1
96 1000002 0.39987918485061 1325 1
132 1000003 -1.4685948133793 15 0
100 1000004 -0.9888826944792 1326 1
130 1000005 -1.2590105899228 16 0
172 1000005 0.31917685281991 1342 1
56 1000002 -1.2021240882595 1635 1
2 1000004 1.7601245155187 1636 1
0
9
3
0
172
connections
0.7368398947385
step
0.315789
link
2.10525684211
enable
0.171475
bias
0.421051368422
node
0.58317276571322
disable
0.37999943
done
13
170 171 1.0588556603595 18 1
101 171 -1.8399609363079 1429 1
4 171 0.17120883816034 1448 1
37 172 1 1451 1
37 1000001 1.2662129581591 1449 0
172 1000001 1.2662129581591 1452 1
170 1000001 1.2276664502396 17 1
171 1000001 1.4799738332774 19 1
132 1000003 0.36029193929868 15 0
28 1000004 1.1338847010712 1430 1
1000001 1000005 1.0840784936064 1450 1
130 1000005 0.10877466399121 16 1
143 1000006 0.10724204229865 1428 1
0
172
connections
0.69999790000157
step
0.285
link
1.9999940000045
enable
0.18049972925
bias
0.3999988000009
node
0.61386514837271
disable
0.3609994585
done
15
170 171 1.0588556603595 18 1
101 171 -1.8399609363079 1429 1
4 171 0.17120883816034 1448 1
37 172 1 1451 1
37 1000001 1.2662129581591 1449 0
172 1000001 1.2662129581591 1452 1
170 1000001 1.2276664502396 17 1
171 1000001 1.4799738332774 19 1
132 1000003 0.36029193929868 15 0
28 1000004 1.1338847010712 1430 1
1000001 1000005 1.0840784936064 1450 1
130 1000005 0.10877466399121 16 1
143 1000006 0.10724204229865 1428 1
49 172 0.62849818414869 1637 1
148 171 0.225043488876 1638 1
0
172
connections
0.77561977839859
step
0.285
link
1.9999940000045
enable
0.16290125
bias
0.44321130194205
node
0.55401412742756
disable
0.3609994585
done
16
170 171 0.87556744355602 18 1
101 171 -1.5595359660634 1429 1
4 171 0.34654728843043 1448 1
37 172 0.96631351664785 1451 1
37 1000001 1.2112517166662 1449 0
172 1000001 1.0351217688528 1452 1
170 1000001 1.2257442419202 17 1
171 1000001 -1.0652790917692 19 1
132 1000003 0.18436204031495 15 0
28 1000004 0.85579073458052 1430 1
1000001 1000005 1.2441610461745 1450 1
130 1000005 -0.043810406353953 16 1
143 1000006 0.37613376262703 1428 1
111 1000002 0.50776696066164 1639 1
137 1000003 -0.26984466078677 1640 1
170 1000005 -0.42316965239418 1641 1
