163
20000
4
20000
161
3
20000
171
connections
0.736841
step
0.315789
link
2.10526
enable
0.19
bias
0.38
node
0.526315
disable
0.38
done
5
170 171 1 18 1
171 1000001 1.2115237891781 19 1
170 1000001 1.2115237891781 17 0
132 1000003 0.3961912900174 15 0
130 1000005 0.28962065492721 16 1
0
172
connections
0.69999895
step
0.33240897507
link
2.2160598338
enable
0.1805
bias
0.361
node
0.55401495845
disable
0.361
done
8
170 171 1.0202674723655 18 1
171 1000001 1.2115237891781 19 1
170 1000001 1.2115237891781 17 0
132 1000003 0.3961912900174 15 0
130 1000005 0.28962065492721 16 1
1 1000003 -1.4717856379894 3153 1
136 1000006 -0.12848292489395 3154 1
29 1000002 -1.1559801019318 3155 1
0
172
connections
0.69999895
step
0.29999955
link
1.999997
enable
0.1999997
bias
0.3999994
node
0.55401495845
disable
0.3999994
done
7
170 171 0.87833204077425 18 1
171 1000001 1.3550551757973 19 1
170 1000001 1.2423688004379 17 0
132 1000003 0.42496714943846 15 0
130 1000005 0.15654489397107 16 1
167 1000004 1.5247657704398 3156 1
59 1000001 -1.7720877712333 3157 1
0
11
4
0
172
connections
0.7368398947385
step
0.285
link
1.89999715
enable
0.189999715
bias
0.421051368422
node
0.4749992875
disable
0.34295
done
11
170 171 1.00984977987 18 0
172 171 1.00984977987 2942 1
170 172 1 2941 1
171 1000001 1.1245440014344 19 1
170 1000001 1.258461839259 17 1
132 1000003 0.4053030883816 15 0
145 1000003 2.1702815332499 2922 1
7 1000003 -0.4451429792169 2940 1
76 1000004 0.072983336893826 2923 1
130 1000005 0.53774355342265 16 1
81 1000006 1.6131473738823 2939 1
0
172
connections
0.69999790000157
step
0.285
link
1.8049972925
enable
0.18049972925
bias
0.44321130194205
node
0.49999850000112
disable
0.3258025
done
13
170 171 1.00984977987 18 0
172 171 1.00984977987 2942 1
170 172 1 2941 1
171 1000001 1.1245440014344 19 1
170 1000001 1.258461839259 17 1
132 1000003 0.4053030883816 15 0
145 1000003 2.1702815332499 2922 1
7 1000003 -0.4451429792169 2940 1
76 1000004 0.072983336893826 2923 1
130 1000005 0.53774355342265 16 1
81 1000006 1.6131473738823 2939 1
16 1000004 0.088198492385632 3158 1
141 1000003 -1.2514419995727 3159 1
0
172
connections
0.77561977839859
step
0.315789
link
1.9999940000045
enable
0.18049972925
bias
0.3999988000009
node
0.49999850000112
disable
0.3609994585
done
13
170 171 0.98133268489639 18 0
172 171 0.73852778771325 2942 1
170 172 0.81404618198187 2941 1
171 1000001 1.2030599773553 19 1
170 1000001 1.4749276960356 17 1
132 1000003 0.41699326621296 15 0
145 1000003 2.442837113834 2922 1
7 1000003 -0.69840446580401 2940 1
76 1000004 0.33472574391919 2923 1
130 1000005 0.41755541843928 16 1
81 1000006 1.8933936073183 2939 1
78 1000004 1.301980651265 3160 1
152 1000002 1.9248023926511 3161 1
0
172
connections
0.77561977839859
step
0.315789
link
1.9999940000045
enable
0.18049972925
bias
0.44321130194205
node
0.451249323125
disable
0.3258025
done
13
170 171 1.00984977987 18 0
172 171 1.00984977987 2942 1
170 172 1 2941 1
171 1000001 1.1245440014344 19 1
170 1000001 1.258461839259 17 1
132 1000003 0.4053030883816 15 0
145 1000003 2.1702815332499 2922 1
7 1000003 -0.4451429792169 2940 1
76 1000004 0.072983336893826 2923 1
130 1000005 0.53774355342265 16 1
81 1000006 1.6131473738823 2939 1
1000003 171 0.18439283425398 3164 1
100 172 0.37079989013337 3165 1
0
8
2
0
173
connections
0.69999895
step
0.29999955
link
2.2160598338
enable
0.1805
bias
0.361
node
0.49999925
disable
0.3999994
done
10
170 171 1.8790246284371 18 1
1000004 171 -0.78975798821986 2999 1
130 173 1 3002 1
171 1000001 1.0358015270501 19 1
170 1000001 1.4729968306055 17 0
170 1000002 0.2831507309183 3001 1
132 1000003 -0.13519699697867 15 0
137 1000005 -0.84273812067019 3000 1
130 1000005 0.34803132168045 16 0
173 1000005 0.34803132168045 3003 1
0
173
connections
0.69999790000157
step
0.29999955
link
2.2160565097102
enable
0.18049972925
bias
0.3609994585
node
0.49999850000112
disable
0.3999988000009
done
14
170 171 2.1799358470519 18 1
1000004 171 -1.2572085858745 2999 1
130 173 1.6619769890439 3002 1
84 173 1.1246710377163 3146 1
170 1000001 1.1699128703452 17 0
171 1000001 1.0372755688467 19 1
170 1000002 0.29113769531388 3001 1
132 1000003 -0.11998955014649 15 0
159 1000005 -1.4015958765175 3145 1
173 1000005 0.55534174785465 3003 1
137 1000005 -0.62590387888577 3000 1
130 1000005 2.1113891068194 16 0
1000002 173 1.3014923551134 3162 1
54 1000001 0.080019531846065 3163 1
0
0
1
0
172
connections
0.81644187199851
step
0.29999955
link
2.10525684211
enable
0.171475
bias
0.421051368422
node
0.4749992875
disable
0.34295
done
12
170 171 0.86379015344554 18 1
130 172 0.73356465637532 3139 1
170 1000001 0.80432540483871 17 0
171 1000001 1.1419585574129 19 1
128 1000002 -0.30734908556322 3137 0
132 1000003 0.28765141013367 15 0
130 1000005 0.3859354807474 16 0
172 1000005 0.3718176394406 3140 1
163 1000006 1.4887203750618 3138 1
82 1000005 -0.31159398174993 3150 1
88 1000001 -1.9760734885708 3151 1
170 1000003 -0.8766747032075 3152 1
