143
20000
4
20000
141
4
20000
171
connections
0.736841
step
0.315789
link
2.10526
enable
0.19
bias
0.38
node
0.526315
disable
0.38
done
5
170 171 1 18 1
171 1000001 1.2115237891781 19 1
170 1000001 1.2115237891781 17 0
132 1000003 0.3961912900174 15 0
130 1000005 0.28962065492721 16 1
0
172
connections
0.69999895
step
0.33240897507
link
1.999997
enable
0.1999997
bias
0.3999994
node
0.55401495845
disable
0.3999994
done
9
170 171 1.0950247160094 18 0
171 1000001 1.0109746687778 19 1
170 1000001 1.1490227455853 17 0
132 1000003 0.10683610962488 15 0
130 1000005 0.15426090413041 16 1
147 1000002 -1.4586016418958 2778 1
27 1000002 -0.50325022125919 2779 1
170 172 1 2780 1
172 171 1.0950247160094 2781 1
0
171
connections
0.77562094183
step
0.29999955
link
1.999997
enable
0.1999997
bias
0.3999994
node
0.49999925
disable
0.361
done
7
170 171 1.0690236093463 18 1
171 1000001 0.92739994399396 19 1
170 1000001 1.0356916605808 17 0
132 1000003 0.16711054595935 15 0
130 1000005 0.46772335722373 16 1
45 1000006 1.6530655842769 2782 1
29 171 -1.8609576708274 2783 1
0
172
connections
0.77562094183
step
0.29999955
link
1.999997
enable
0.1999997
bias
0.3999994
node
0.49999925
disable
0.3999994
done
8
170 171 0.71717624136937 18 1
171 1000001 1.0866147691076 19 1
170 1000001 1.2231421683081 17 0
132 1000003 0.44466986960204 15 0
130 1000005 0.48380048389996 16 1
56 1000003 -0.5216834009827 2794 1
83 1000003 1.8658406323435 2795 1
170 1000004 -0.24127933591723 2796 1
0
13
2
0
174
connections
0.81644187199851
step
0.3157885263165
link
2.3326910628529
enable
0.171475
bias
0.421051368422
node
0.5263142105275
disable
0.37999943
done
11
170 171 1.3010392539127 18 1
59 171 0.27497548786369 2504 1
171 173 0.91784120649287 2506 1
171 1000001 1.1403455393465 19 1
1000006 1000001 0.16779076509903 2518 1
170 1000001 0.94582281772288 17 0
1 1000001 0.057606263943219 2505 1
173 1000001 1.1837452657861 2507 1
132 1000003 0.11470986144838 15 0
130 1000005 0.36043572713171 16 1
131 1000006 -0.82320627460555 2519 1
0
175
connections
0.85941120772179
step
0.29999910000067
link
2.4554605934908
enable
0.16290125
bias
0.44321130194205
node
0.55401412742756
disable
0.3609994585
done
16
170 171 1.2984116181298 18 1
59 171 0.10102966124201 2504 1
171 173 0.77974841724423 2506 1
171 1000001 0.93083965216383 19 1
1000006 1000001 -1.0013122959075 2518 1
170 1000001 0.88972691374314 17 0
1 1000001 0.27872135730289 2505 1
173 1000001 1.0522993879606 2507 1
132 1000003 0.10904259124053 15 0
130 1000005 0.49299857905315 16 1
131 1000006 -0.72838249828465 2519 1
141 1000002 0.45515305032502 2784 1
112 1000003 -1.4782555619984 2785 0
170 173 1.004486220893 2786 1
112 175 1 2787 1
175 1000003 -1.4782555619984 2788 1
0
4
3
0
174
connections
0.77562094183
step
0.29999955
link
1.999997
enable
0.1805
bias
0.361
node
0.55401495845
disable
0.3999994
done
9
170 171 -1.9329813531907 18 1
109 171 1.7592699972533 2694 0
174 171 1.7592699972533 2697 0
109 174 1 2696 1
170 1000001 1.1079654863109 17 0
171 1000001 -1.469832453383 19 1
132 1000003 0.37322004239174 15 0
130 1000005 0.068157319408246 16 1
67 1000006 -0.4760277108066 2695 1
0
175
connections
0.81644187199851
step
0.2849995725
link
2.10525684211
enable
0.189999715
bias
0.37999943
node
0.5263142105275
disable
0.37999943
done
11
170 171 -1.7595044870293 18 1
109 171 1.6751887305107 2694 0
174 171 1.6943759938224 2697 0
109 174 0.8738670003357 2696 1
170 1000001 0.89889737741531 17 0
171 1000001 -1.6842061971925 19 1
132 1000003 0.27838834162671 15 0
130 1000005 0.134338591638 16 1
67 1000006 -0.4763495280063 2695 1
105 1000002 -1.2457045197913 2789 1
74 1000006 -1.6852931302835 2790 0
0
174
connections
0.7368398947385
step
0.3157885263165
link
2.10525684211
enable
0.189999715
bias
0.37999943
node
0.58317276571322
disable
0.421051368422
done
12
170 171 -2.2487698795072 18 0
109 171 1.9741164469489 2694 0
174 171 1.4526562711033 2697 0
109 174 1.2027226066185 2696 1
170 1000001 1.2453080043485 17 0
171 1000001 -1.7422141520213 19 1
132 1000003 0.43178649261377 15 0
130 1000005 0.33149914141204 16 1
67 1000006 -0.514664027894 2695 1
131 1000001 -1.2730491042817 2791 1
86 174 -1.0519730216376 2792 1
170 1000004 -0.29389324625385 2793 1
0
1
1
0
171
connections
0.7368398947385
step
0.285
link
1.89999715
enable
0.210525684211
bias
0.37999943
node
0.4749992875
disable
0.37999943
done
9
170 171 0.86846254234403 18 1
40 171 -0.44062623981445 2759 1
162 171 -0.81527146214179 2760 1
171 1000001 1.7634441636046 19 1
170 1000001 1.581982548039 17 1
160 1000001 1.3008819849239 2741 1
132 1000003 -0.069521390623467 15 0
148 1000005 -0.40831675160985 2740 1
130 1000005 0.48257322836902 16 1
