207
10000
1
10000
200
5
10000
172
connections
0.69999790000157
step
0.29999955
link
1.9999940000045
enable
0.19999940000045
bias
0.3999988000009
node
0.451249323125
disable
0.44321130194205
done
13
7 171 0.63949184228492 24 1
84 172 0.97342146996521 45 1
23 1000002 0.73064019042482 43 1
1000003 1000002 -1.1120258706244 21 1
172 1000003 0.63297497195196 46 1
84 1000003 0.49750961528825 22 0
122 1000004 -0.41343833385266 20 0
170 1000004 0.24382190664541 44 0
48 1000004 -1.0716269417402 65 1
7 1000005 0.92092488415632 23 0
171 1000005 0.90342791108585 25 1
106 1000006 1.3220222972182 42 1
67 1000006 -1.5325785088656 66 1
0
172
connections
0.69999685000472
step
0.285
link
2.2160531856255
enable
0.18049945850041
bias
0.36099891700081
node
0.45124864625102
disable
0.3999982000027
done
18
7 171 -1.8114287240211 24 1
84 172 0.91192617739323 45 1
23 1000002 0.57490046497235 43 1
1000003 1000002 1.1645252845851 21 1
172 1000003 -1.2095857112339 46 1
84 1000003 0.69028336035933 22 0
122 1000004 -0.32971347200638 20 0
46 1000004 2.2267282631916 2011 1
170 1000004 0.20089187560323 44 1
103 1000004 1.647816400647 2012 1
48 1000004 -0.67294581533367 65 1
7 1000005 -1.2906277657399 23 0
171 1000005 1.0933645098107 25 1
67 1000006 -1.6370384018611 66 1
106 1000006 1.1686106229884 42 1
96 1000004 0.9106112857448 2015 1
141 172 -0.8584856715598 2016 1
170 1000005 1.0492873928037 2017 1
0
173
connections
0.69999685000472
step
0.285
link
1.9999910000135
enable
0.22160531856255
bias
0.3999982000027
node
0.45124864625102
disable
0.49109138205999
done
21
7 171 0.85727990402865 24 1
84 172 0.83395012188173 45 1
128 172 -1.7688172551653 2005 1
1000003 173 0.74552919095431 2009 1
63 1000001 -1.5763422040468 2006 1
173 1000002 -0.97763684010404 2010 1
23 1000002 -0.29450361644337 43 1
1000003 1000002 -1.2529910074065 21 0
172 1000003 0.84967721606794 46 1
84 1000003 -1.0982392345958 22 0
29 1000004 0.72929670094913 2007 1
48 1000004 -1.2178915539542 65 1
170 1000004 0.24884796724919 44 0
122 1000004 -0.95087149355348 20 0
170 1000005 -0.65109607226783 2008 1
7 1000005 1.0634084307315 23 0
171 1000005 0.61469669692129 25 1
106 1000006 1.8415478988006 42 1
67 1000006 -1.7071462279259 66 1
86 1000005 -1.5652943510239 2018 1
21 1000004 1.6154667806024 2019 1
0
173
connections
0.77561861496892
step
0.29999910000067
link
2.2160531856255
enable
0.22160531856255
bias
0.3999982000027
node
0.49999775000337
disable
0.49109138205999
done
21
7 171 1.064233489926 24 1
84 172 0.69899037925186 45 1
128 172 -1.4573779690633 2005 1
1000003 173 0.018127994628742 2009 1
63 1000001 -1.5373546683706 2006 1
173 1000002 -0.97008679697827 2010 1
23 1000002 0.91242507424753 43 1
1000003 1000002 -0.78546032720065 21 1
172 1000003 -1.4396951809597 46 1
84 1000003 0.40668965727714 22 0
29 1000004 0.32489153577942 2007 1
48 1000004 -0.79974301456041 65 1
170 1000004 0.03888058107242 44 1
122 1000004 -0.6882028784376 20 1
170 1000005 -0.60853591083416 2008 1
7 1000005 0.68627117811409 23 0
171 1000005 0.5585754103976 25 1
106 1000006 1.353044590281 42 1
67 1000006 -1.7062792914382 66 1
5 1000002 -1.1739249855037 2020 1
154 1000006 -0.2433545945616 2021 1
0
173
connections
0.69999685000472
step
0.33240847645654
link
1.9999910000135
enable
0.19999910000135
bias
0.3999982000027
node
0.45124864625102
disable
0.4432106371251
done
18
7 171 -1.8629108554338 24 1
84 172 0.70603194200564 45 1
23 1000002 0.64663101705219 43 1
1000003 1000002 -1.0540376641103 21 1
172 1000003 0.64302677507548 46 1
84 1000003 0.59720846793708 22 0
122 1000004 -0.25464297424949 20 0
46 1000004 1.9456770531327 2011 1
170 1000004 0.2294814626878 44 1
103 1000004 1.9414044618061 2012 1
48 1000004 -0.87883085210848 65 1
7 1000005 1.0435800120115 23 0
171 1000005 0.85159800006164 25 1
67 1000006 -1.4447914766009 66 1
106 1000006 1.1299490122215 42 1
80 171 0.44648579363384 2022 1
88 1000003 -1.0445265053255 2023 1
170 1000002 -1.0037537766655 2024 1
