61
580
3
580
23
7
580
180
connections
0.85940347304993
step
0.2572125
link
2.4554384944284
enable
0.16289978389425
bias
0.36099620951706
node
0.6801758479974
disable
0.36099620951706
done
56
57 171 -0.34201983269206 21 0
174 171 1.2478131079906 290 0
170 171 -1.1866568724673 396 1
172 171 -1.1744652089577 141 0
74 171 0.80343911519211 729 1
175 171 0.46593427241598 419 1
115 171 -1.4311911535808 59 0
144 171 2.1028910820786 122 1
171 171 -1.9777825251015 123 1
87 171 -1.3824792010079 450 1
165 171 0.39404437551436 271 1
125 172 0.24602625683615 707 1
170 172 0.27558214056825 272 1
115 172 -0.43525498214667 140 1
36 174 1.3731331894071 451 1
57 174 1.1771201025453 289 0
170 174 0.93297660412915 417 1
92 174 -0.28050081207179 435 1
174 175 -0.42901081232643 418 1
170 175 -0.64818822522055 681 1
180 175 1.8203495990631 795 1
10 175 1.8203495990631 728 0
170 176 0.61342669391611 436 1
176 177 0.5113727191229 775 1
170 177 0.45565526466451 682 1
171 178 -0.12491656811731 708 1
10 180 1 794 1
177 1000001 0.55387209749185 683 1
1000001 1000001 -1.6404928384503 286 1
32 1000001 -0.81295854947251 60 1
170 1000001 0.34677629319609 288 0
82 1000002 -0.60818023797666 415 1
54 1000002 0.088142408259773 680 1
125 1000002 1.8544860043403 138 1
88 1000002 0.010134285637989 776 1
8 1000002 -1.8449659718619 792 1
60 1000003 0.67049646366295 394 1
20 1000003 0.97396177865631 19 1
41 1000003 -1.6269417401654 793 1
171 1000004 0.096865749076815 22 1
57 1000004 -1.3814231632921 20 1
53 1000004 0.98466201460989 706 1
170 1000004 -0.05885447973571 452 1
178 1000004 -2.1431776564957 709 1
170 1000005 0.65588891870002 139 1
149 1000005 1.5309915463729 679 1
47 1000005 -0.62091353686636 270 1
151 1000005 -1.8251817732017 752 1
176 1000005 -0.82644699583422 751 1
85 1000006 0.7450298971345 434 1
96 1000006 -1.2412387548814 395 0
1000004 1000006 0.11920529801325 416 1
48 1000006 0.33392939504685 287 1
176 1000006 0.090883406704916 437 1
170 1000006 0.52546769615772 61 0
93 1000006 -1.4545801419874 137 0
0
196
connections
0.90463387783655
step
0.244351875
link
2.332666569707
enable
0.1714731995206
bias
0.3429463990412
node
0.64616705559753
disable
0.3429463990412
done
59
57 171 -0.39443687817608 21 0
174 171 1.2013618665167 290 1
170 171 -1.0152079401446 396 1
172 171 -1.0634639680942 141 0
74 171 0.54242183425831 729 1
175 171 0.896948697638 419 1
115 171 -1.3835318367948 59 0
144 171 2.0235533459988 122 1
171 171 -2.054047872116 123 1
87 171 -1.4152687512986 450 1
165 171 0.45716362892632 271 1
125 172 0.118171619644 707 1
170 172 0.43814284258934 272 1
115 172 -0.47935718829157 140 1
36 174 1.5193252166753 451 1
57 174 1.4150885672545 289 0
170 174 0.64463438180944 417 1
92 174 -0.50704476210154 435 1
174 175 -0.29596592564547 418 1
170 175 -0.75254505186778 681 1
180 175 1.3918408115253 795 1
10 175 2.3296049867725 728 1
170 176 0.79298248011106 436 1
176 177 0.31750646055864 775 1
170 177 0.48068181248701 682 1
171 178 -0.26365879762795 708 1
10 180 0.751426740318 794 1
177 1000001 0.72499372826748 683 1
1000001 1000001 -1.3000840616321 286 1
32 1000001 -0.93905327448167 60 1
170 1000001 0.5472645942116 288 0
82 1000002 -0.71919639335021 415 1
54 1000002 -0.061830447299937 680 1
125 1000002 1.6396052011503 138 1
88 1000002 1.5971109999199 776 1
8 1000002 -1.8919839647168 792 1
60 1000003 0.61946646761128 394 1
20 1000003 0.68832946608861 19 1
41 1000003 -1.7411868869594 793 1
171 1000004 0.22546611177023 22 1
57 1000004 -1.5180773613992 20 1
53 1000004 1.481307412946 706 1
170 1000004 0.11871021937086 452 1
178 1000004 -2.3476332171779 709 1
170 1000005 0.64177233496104 139 1
149 1000005 1.9128113594753 679 1
47 1000005 -0.5996827318453 270 1
151 1000005 -1.7526599682035 752 1
176 1000005 -0.54466131683498 751 1
85 1000006 -0.85872981963561 434 1
96 1000006 -1.381696153045 395 0
1000004 1000006 0.013245161538286 416 1
48 1000006 0.23535939828944 287 1
176 1000006 -0.026926307985168 437 0
170 1000006 0.34205650912122 61 0
93 1000006 -1.2422198909917 137 0
14 175 -0.37018951994385 1537 1
1000002 1000001 1.6078981902524 1538 1
111 174 1.3635059663686 1539 1
0
181
connections
0.90463387783655
step
0.244351875
link
2.5846682223901
enable
0.1714731995206
bias
0.3429463990412
node
0.64616705559753
disable
0.3429463990412
done
61
57 171 -0.34201983269206 21 0
174 171 1.2478131079906 290 1
170 171 -1.1866568724673 396 1
172 171 -1.1744652089577 141 0
74 171 0.80343911519211 729 1
175 171 0.46593427241598 419 1
115 171 -1.4311911535808 59 0
144 171 2.1028910820786 122 1
171 171 -1.9777825251015 123 1
87 171 -1.3824792010079 450 1
165 171 0.39404437551436 271 1
125 172 0.24602625683615 707 1
170 172 0.27558214056825 272 1
115 172 -0.43525498214667 140 1
36 174 1.3731331894071 451 1
57 174 1.1771201025453 289 0
170 174 0.93297660412915 417 1
92 174 -0.28050081207179 435 1
174 175 -0.42901081232643 418 1
170 175 -0.64818822522055 681 1
180 175 1.8203495990631 795 1
10 175 1.8203495990631 728 0
170 176 0.61342669391611 436 1
176 177 0.5113727191229 775 1
170 177 0.45565526466451 682 1
171 178 -0.12491656811731 708 1
10 180 1 794 1
177 1000001 0.55387209749185 683 1
1000001 1000001 -1.6404928384503 286 1
32 1000001 -0.81295854947251 60 1
170 1000001 0.34677629319609 288 0
82 1000002 -0.60818023797666 415 1
54 1000002 0.088142408259773 680 1
125 1000002 1.8544860043403 138 1
88 1000002 0.010134285637989 776 1
8 1000002 -1.8449659718619 792 1
60 1000003 0.67049646366295 394 1
20 1000003 0.97396177865631 19 1
41 1000003 -1.6269417401654 793 1
171 1000004 0.096865749076815 22 1
57 1000004 -1.3814231632921 20 1
53 1000004 0.98466201460989 706 1
170 1000004 -0.05885447973571 452 1
178 1000004 -2.1431776564957 709 1
170 1000005 0.65588891870002 139 1
149 1000005 1.5309915463729 679 1
47 1000005 -0.62091353686636 270 1
151 1000005 -1.8251817732017 752 1
176 1000005 -0.82644699583422 751 1
85 1000006 0.7450298971345 434 1
96 1000006 -1.2412387548814 395 0
1000004 1000006 0.11920529801325 416 1
48 1000006 0.33392939504685 287 1
176 1000006 0.090883406704916 437 1
170 1000006 0.52546769615772 61 0
93 1000006 -1.4545801419874 137 0
101 176 0.27301858577227 1540 1
68 174 0.15094454786828 1541 1
77 1000004 1.9766838587603 1542 0
77 181 1 1543 1
181 1000004 1.9766838587603 1544 1
0
196
connections
0.90463387783655
step
0.244351875
link
2.332666569707
enable
0.15475479469954
bias
0.37999544002394
node
0.64616705559753
disable
0.3429463990412
done
59
57 171 -0.09817505103292 21 0
174 171 1.0872062067828 290 0
170 171 -1.3740054901505 396 1
172 171 -1.2513271363732 141 0
74 171 0.76651824562441 729 1
175 171 0.62325998141818 419 1
115 171 -1.4298712194435 59 0
144 171 2.2793521074433 122 1
171 171 -1.7943116800249 123 1
87 171 -2.3382952669408 450 1
165 171 0.17257986313299 271 1
125 172 0.027899016032301 707 1
170 172 -0.32099368266854 272 1
115 172 -0.42797670125431 140 1
36 174 1.4650960582232 451 1
57 174 1.161631383884 289 0
170 174 1.9649647511216 417 1
92 174 -0.085247504075175 435 1
174 175 -0.57870774945067 418 1
170 175 -0.52674682733929 681 1
180 175 1.7376710127377 795 1
10 175 -0.66914883877071 728 1
170 176 0.78111798738591 436 1
176 177 0.70833460493789 775 1
170 177 0.42710889247602 682 1
171 178 -0.27899571813379 708 1
10 180 1.0320065385144 794 1
177 1000001 0.58625149875685 683 1
1000001 1000001 -1.7196217713897 286 1
32 1000001 -0.65720632127799 60 1
170 1000001 0.16704899013585 288 0
82 1000002 -0.37687855924883 415 1
54 1000002 0.20870385004953 680 1
125 1000002 0.62691122165593 138 1
88 1000002 1.6952484758866 776 1
8 1000002 -1.8688515596675 792 1
60 1000003 0.7501921479833 394 1
20 1000003 0.95513220974933 19 1
41 1000003 -1.4746720500618 793 1
171 1000004 0.18626332216865 22 1
57 1000004 -1.2052156845979 20 1
53 1000004 1.1687145255775 706 1
170 1000004 0.15058252729499 452 1
178 1000004 -0.68339312145805 709 1
170 1000005 0.75030522441537 139 1
149 1000005 -1.9899899288919 679 1
47 1000005 -0.4292844548059 270 1
151 1000005 -2.5444682051441 752 1
176 1000005 -0.45339942998999 751 1
85 1000006 0.60990443630501 434 1
96 1000006 1.0131201252403 395 1
1000004 1000006 0.32239312534333 416 1
48 1000006 0.1418379631756 287 1
176 1000006 1.5212256233406 437 1
170 1000006 1.8286080507828 61 0
93 1000006 -1.4540954204115 137 0
51 1000006 1.8714560380871 1545 1
145 1000006 -1.8328806421094 1546 1
1000006 172 -0.96847437971129 1547 1
0
196
connections
0.85940218394472
step
0.285
link
2.7206993109345
enable
0.14701705496456
bias
0.3999946000324
node
0.68017482773363
disable
0.36099566802274
done
64
57 171 -0.21386598768412 21 0
172 171 -1.2433454707493 141 0
144 171 0.47437404914591 122 1
74 171 0.61843609389835 729 1
174 171 1.1682655902708 290 0
175 171 0.62328519626848 419 1
115 171 -0.29816583758049 59 0
87 171 -2.2460513327807 450 1
170 171 -1.0565925275152 396 1
165 171 0.56535796509152 271 1
171 171 -0.63643299661245 123 1
82 172 1.3572801904355 1518 1
125 172 0.11755953917678 707 1
115 172 -0.76833786318934 140 1
170 172 0.013935794186987 272 1
57 174 1.2316660054323 289 0
36 174 1.6701246522546 451 1
170 174 0.91143583431883 417 1
92 174 -0.40577559318876 435 1
174 175 -0.63543672351375 418 1
180 175 1.6865109294984 795 1
170 175 -0.60327796857895 681 1
10 175 2.5490717963103 728 1
170 176 0.45394079459286 436 1
176 177 0.52288568473998 775 1
170 177 0.49993826385195 682 1
171 178 -0.52797497914715 708 1
10 180 1.9228492080447 794 1
47 196 -0.096865749076815 1521 1
1000001 1000001 -1.4504057392918 286 1
177 1000001 0.90618571383986 683 1
170 1000001 0.30279493720149 288 0
43 1000001 -0.83590197454756 1520 1
110 1000001 -0.2771198156682 1519 1
32 1000001 -0.69357421891509 60 1
125 1000002 1.2279603569891 138 1
8 1000002 -1.5314990027154 792 1
54 1000002 -0.21242679476643 680 1
82 1000002 -0.62793564730232 415 1
88 1000002 1.6909150975066 776 1
41 1000003 -1.6026592467841 793 1
60 1000003 0.91503017850251 394 1
20 1000003 0.51296666096074 19 1
171 1000004 -0.037243279957732 22 1
170 1000004 1.7750445280558 452 0
53 1000004 1.3838507661167 706 1
57 1000004 -1.5159021021826 20 1
178 1000004 -0.8551680073379 709 1
47 1000005 -0.66263364308985 270 0
170 1000005 0.56439443268894 139 1
196 1000005 -0.28412732322153 1522 1
149 1000005 1.4704474107045 679 1
151 1000005 -2.5971222737001 752 1
176 1000005 -0.3783868822476 751 1
85 1000006 0.99644622257244 434 1
1000004 1000006 -0.99852824488052 416 1
170 1000006 0.57283143862346 61 0
176 1000006 0.44599749748222 437 1
96 1000006 0.74805425288781 395 1
93 1000006 -1.3946828684919 137 0
48 1000006 0.28120605958357 287 1
72 196 1.766106143376 1548 1
54 171 -0.012756736960967 1549 1
104 1000004 -0.18305001983703 1550 1
0
181
connections
0.90463387783655
step
0.270749593875
link
2.5846682223901
enable
0.15475479469954
bias
0.3429463990412
node
0.71597350287751
disable
0.3429463990412
done
58
57 171 -0.4422237062515 21 0
174 171 1.3321026861368 290 0
170 171 -1.2048269324951 396 1
172 171 -0.053895687734611 141 0
74 171 0.7208021118551 729 1
175 171 0.6282088558112 419 1
115 171 -1.4598054864031 59 0
144 171 2.1642098703761 122 1
171 171 -2.0007946293204 123 1
87 171 1.633777886288 450 1
165 171 0.12509608818145 271 1
125 172 0.22159293828125 707 1
170 172 0.17840247890976 272 1
115 172 -0.61873210034469 140 1
36 174 0.64888454847865 451 1
57 174 1.4383839170152 289 0
170 174 1.0493922365674 417 1
92 174 -0.055511014665178 435 1
174 175 -0.26329887332795 418 1
170 175 -1.5479598376415 681 1
180 175 1.648457030278 795 1
10 175 1.9008547808961 728 0
170 176 0.42107524899237 436 1
176 177 0.7622583637906 775 1
170 177 0.35465815519662 682 1
171 178 -0.11178686125775 708 1
10 180 1.2558366649373 794 1
177 1000001 0.67779041956416 683 1
1000001 1000001 -1.555674436365 286 1
32 1000001 -0.76790109729806 60 1
170 1000001 0.12854552675935 288 0
82 1000002 -1.2488784447768 415 1
54 1000002 -0.044765920774908 680 1
125 1000002 1.8873144029262 138 1
88 1000002 1.0929898983734 776 1
8 1000002 -1.666314372107 792 1
60 1000003 0.83503507454685 394 1
20 1000003 0.88021947260107 19 1
41 1000003 -1.8488246969306 793 1
171 1000004 0.15661459130559 22 1
57 1000004 -1.413871469672 20 1
53 1000004 1.2305899348498 706 1
170 1000004 -0.13375743296539 452 1
178 1000004 -2.2359779949096 709 1
170 1000005 0.46535530606647 139 1
149 1000005 1.4810589985111 679 1
47 1000005 -0.78882340036115 270 1
151 1000005 -1.7533856606134 752 1
176 1000005 -0.66546142079023 751 1
85 1000006 0.9414797275852 434 1
96 1000006 -1.3421367098607 395 0
1000004 1000006 0.19891724393787 416 1
48 1000006 0.49712942033525 287 0
176 1000006 0.16942202451497 437 1
170 1000006 0.29839565449144 61 0
93 1000006 -1.0861537522507 137 0
75 176 1.1921140171514 1556 1
101 1000001 1.3698538163396 1557 1
0
181
connections
0.90463387783655
step
0.270749593875
link
2.332666569707
enable
0.15475479469954
bias
0.37999544002394
node
0.64616705559753
disable
0.3429463990412
done
60
57 171 -0.28433670897486 21 0
174 171 1.1178298363683 290 0
170 171 -1.4385836392649 396 1
172 171 -1.1606579464263 141 0
74 171 0.99392315058139 729 1
175 171 0.33773578158769 419 1
115 171 1.2377697073275 59 0
144 171 2.0522479270488 122 1
171 171 -1.8195567499889 123 1
87 171 -1.5002334190417 450 1
165 171 0.15550346467182 271 1
125 172 0.0012716647107985 707 1
170 172 0.22826066090511 272 1
115 172 -0.46856262742729 140 1
36 174 1.2059174073321 451 1
57 174 1.4418047468703 289 0
170 174 0.93648832559883 417 1
92 174 -0.34535611046117 435 1
174 175 -0.3658080887463 418 1
170 175 -0.88035019729934 681 1
180 175 2.0108336344524 795 1
10 175 2.0192452402315 728 0
170 176 0.88014400525652 436 1
176 177 0.55814884909898 775 1
170 177 0.4620259405542 682 1
171 178 -0.13748439954173 708 1
10 180 1.0447269372126 794 1
177 1000001 0.17145298623615 683 1
1000001 1000001 -1.7700629663702 286 1
32 1000001 -0.84800139830286 60 1
170 1000001 0.48041175514685 288 0
82 1000002 -0.8453825632237 415 1
54 1000002 -0.10959643054215 680 1
125 1000002 1.8956433799649 138 1
88 1000002 0.03936007113974 776 1
8 1000002 -1.630089932288 792 1
60 1000003 0.45816538929526 394 1
20 1000003 0.9310196222377 19 1
41 1000003 -1.6158447003212 793 1
171 1000004 -0.13215633086439 22 0
57 1000004 -1.1691251404206 20 1
53 1000004 0.92335975206041 706 1
170 1000004 -0.07328972069459 452 1
178 1000004 -2.0465598702723 709 1
170 1000005 0.85280147009731 139 1
149 1000005 1.3248576275399 679 1
47 1000005 -0.60009935714374 270 1
151 1000005 -1.707625864145 752 1
176 1000005 -1.0354729205834 751 1
85 1000006 0.98768571925209 434 1
96 1000006 -0.98409985656301 395 0
1000004 1000006 -1.3226111636708 416 1
48 1000006 0.4017428023448 287 1
176 1000006 0.074415498730647 437 1
170 1000006 0.69258432374407 61 0
93 1000006 -1.662432738622 137 0
106 1000006 -0.9839777825251 1558 1
75 174 -1.9498275704215 1559 1
171 181 1 1560 1
181 1000004 -0.13215633086439 1561 1
0
4
2
0
193
connections
0.8164296254531
step
0.315789
link
2.5846565914006
enable
0.12604855842712
bias
0.37999373004702
node
0.52630631586763
disable
0.37999373004702
done
87
57 171 -0.0073555382742263 21 0
115 171 -2.7801261715742 59 0
87 171 -1.4969099947426 450 0
175 171 -0.62377747604857 419 1
171 171 -2.175942387715 123 1
193 171 -1.0854889793918 1426 1
172 171 -1.2917292208319 141 0
170 171 -1.123686330276 396 1
74 171 0.86115105642778 729 1
144 171 2.2244545171649 122 1
174 171 2.0483508466989 290 0
165 171 -0.25204211970744 271 1
83 172 0.87053879829716 1242 1
2 172 -0.36564476584295 1244 0
125 172 0.37116611224708 707 1
192 172 -0.55573303257472 1375 1
170 172 0.16843009321018 272 1
115 172 -0.52603731296067 140 0
57 174 1.3437461440275 289 0
92 174 -0.47127664139617 435 1
170 174 1.608654903604 417 1
36 174 0.66664857624446 451 1
180 175 0.86617633594775 795 1
170 175 -0.74143500840765 681 1
174 175 -0.62825644620905 418 1
10 175 2.2498775049036 728 1
118 176 0.021002663751199 1243 1
82 176 -0.37144029053628 1345 1
1000004 176 -0.69488467718523 1343 1
170 176 0.38372478702644 436 1
170 177 -1.913146556986 682 1
176 177 0.44410251215482 775 1
80 178 0.50214490951262 1372 1
171 178 -0.02625737024442 708 1
125 178 1.7534235903965 1344 1
7 180 0.31432468477432 1373 1
10 180 -1.3077590212236 794 1
93 180 1.4394840868862 1422 1
84 188 -0.27045503097629 1421 1
133 188 -1.0770118858574 1279 1
178 188 0.27277443769646 1245 1
1000004 189 -0.88836195879904 1280 1
170 189 1.0691854609821 1440 1
151 190 1.1994365930209 1318 1
170 191 0.50494026273263 1346 1
22 192 -1.4096499526963 1439 1
2 192 0.9710492215949 1374 1
87 193 1.0340489680776 1425 1
32 1000001 0.75899533066805 60 0
191 1000001 0.87423322244942 1347 1
177 1000001 -1.2297183730583 683 1
1000001 1000001 0.20445076583148 286 1
170 1000001 -0.4664465807683 288 0
8 1000002 1.4978650178058 792 1
82 1000002 1.4670932916722 415 1
125 1000002 1.7096651514503 138 1
54 1000002 -1.4395580919828 680 1
170 1000002 0.57742328382214 1424 1
88 1000002 -0.21718743801468 776 1
41 1000003 1.7489479107944 793 1
60 1000003 0.87966121035123 394 1
20 1000003 1.1874465818588 19 1
53 1000004 1.4150087718356 706 1
178 1000004 -1.0600849410412 709 1
171 1000004 -0.039449673976387 22 1
19 1000004 -1.8609576708274 1317 1
188 1000004 -2.3055269530407 1246 1
57 1000004 -1.9152629194218 20 0
170 1000004 1.9117346585049 452 1
133 1000004 -0.51875924944448 1278 1
47 1000005 -1.11573288972 270 1
15 1000005 -0.022050270912809 1423 1
131 1000005 1.1021454512162 1438 1
140 1000005 -0.25741695038721 1316 1
170 1000005 0.44622883176725 139 1
151 1000005 -2.3363273613393 752 1
149 1000005 1.9577332025819 679 1
190 1000005 -1.5368477688644 1319 1
176 1000005 -1.2262479420334 751 1
189 1000006 0.76287524800132 1281 1
93 1000006 0.90429537141755 137 0
48 1000006 -0.59099479868302 287 1
1000004 1000006 -1.1588871077303 416 1
85 1000006 0.64806843444441 434 1
96 1000006 -0.80963520575086 395 0
170 1000006 -0.45607290795685 61 0
176 1000006 0.46368025868479 437 1
0
195
connections
0.77560814418044
step
0.33240897507
link
2.4554237618306
enable
0.11974613050576
bias
0.3999928000594
node
0.55400581727174
disable
0.36099404354467
done
92
57 171 0.25889018305248 21 0
115 171 -2.6684642681776 59 0
87 171 -1.7341217951535 450 0
175 171 -0.43188202106363 419 1
171 171 -2.241141901945 123 1
193 171 -0.79189334514089 1426 1
172 171 -1.5644269245844 141 0
170 171 -1.3102967339264 396 1
74 171 -1.4963225196081 729 1
144 171 1.9482451391179 122 1
174 171 1.8344716871359 290 0
165 171 -0.30872014771477 271 1
83 172 1.1166778699889 1242 1
2 172 -0.51378674597379 1244 0
125 172 0.69067112246558 707 1
192 172 -0.74524620972994 1375 1
170 172 -0.051312660444141 272 1
115 172 -0.25384684053099 140 0
57 174 1.1846479673246 289 0
92 174 -0.67070985288642 435 1
170 174 1.6829642923911 417 1
36 174 0.19953001495407 451 1
180 175 0.95545060105442 795 1
170 175 -0.90201430057303 681 1
174 175 -0.70669052968758 418 1
10 175 2.4877994291663 728 1
118 176 0.13337469099966 1243 1
82 176 0.030800076494495 1345 1
1000004 176 -0.58703984467896 1343 1
170 176 0.48548285927197 436 1
170 177 -1.7181310464797 682 1
176 177 -0.023392005990279 775 1
80 178 0.488235114597 1372 1
171 178 -0.41544167675304 708 1
125 178 1.5165868099002 1344 1
7 180 0.68504674335566 1373 1
10 180 -1.2026708357702 794 1
93 180 1.7516855961505 1422 1
84 188 1.0105899227882 1421 1
133 188 -0.75251571942276 1279 1
178 188 0.20745318794898 1245 1
1000004 189 -1.2108494891955 1280 1
170 189 1.1949483951519 1440 1
151 190 1.2483718494507 1318 1
170 191 0.44227690511651 1346 1
22 192 -1.4219148060811 1439 1
2 192 0.90866991351953 1374 1
87 193 0.90919649136382 1425 1
32 1000001 1.0853378191176 60 0
191 1000001 0.57359721743829 1347 1
177 1000001 -1.3331022612671 683 1
1000001 1000001 0.012669742942271 286 1
170 1000001 -0.42486375692687 288 0
8 1000002 1.6428303990261 792 1
82 1000002 1.3321393259336 415 1
125 1000002 1.8497365365775 138 1
54 1000002 -1.4048127463724 680 1
170 1000002 0.38795209551126 1424 1
88 1000002 -0.10895441836009 776 1
41 1000003 1.9755890104385 793 1
60 1000003 1.2012965921254 394 1
20 1000003 1.5141948553666 19 1
53 1000004 1.1687645076254 706 1
178 1000004 -0.89085065272691 709 1
171 1000004 0.070122436370336 22 1
19 1000004 -2.1674369806769 1317 1
188 1000004 -1.364238410596 1246 1
57 1000004 -2.2083513223499 20 0
170 1000004 -1.987304300058 452 1
133 1000004 -0.72320390640379 1278 0
47 1000005 -1.3464521291992 270 1
15 1000005 -0.85909604174932 1423 1
131 1000005 1.0678667584228 1438 0
140 1000005 0.016132901987511 1316 1
170 1000005 0.29390482977781 139 1
151 1000005 -2.2532124367887 752 1
149 1000005 1.9963335062453 679 1
190 1000005 1.5109714041566 1319 1
176 1000005 -1.3434488114747 751 1
189 1000006 1.018631425573 1281 1
93 1000006 1.0299974378286 137 0
48 1000006 -0.77839648319696 287 1
1000004 1000006 -0.73084102605879 416 1
85 1000006 0.30321411031852 434 1
96 1000006 -0.93314603284755 395 0
170 1000006 -0.55450621845535 61 0
176 1000006 0.39255628260471 437 1
143 175 1.8544877468184 1551 1
89 1000001 1.7922299874874 1552 1
188 171 1.1637928403577 1553 1
131 195 1 1554 1
195 1000005 1.0678667584228 1555 1
0
3
1
0
194
connections
0.63173957620318
step
0.315789
link
2.720687067806
enable
0.16289880649774
bias
0.3999928000594
node
0.6801717669515
disable
0.4432046538174
done
88
57 171 -0.29799086837776 21 0
144 171 2.1693297291557 122 1
74 171 1.1076387829218 729 1
172 171 -1.001756697597 141 0
175 171 -0.45292623480873 419 1
170 171 -1.3022288704684 396 1
171 171 -1.844108185607 123 1
87 171 -1.5531162541813 450 1
181 171 0.49918391409561 1257 1
9 171 0.039464785867127 1255 1
174 171 0.93911579375122 290 0
127 171 -1.4713813024506 1340 1
115 171 -1.1364124824305 59 0
165 171 -0.58699855481716 271 1
165 172 2.0091256431573 1384 1
170 172 -0.22963028464979 272 1
125 172 -1.9342986176233 707 1
115 172 -0.90480074020521 140 1
167 172 -1.0240698125395 1284 1
57 174 0.89587837362641 289 0
36 174 0.96671821435982 451 1
92 174 -0.57487063424594 435 1
170 174 1.5543376065072 417 1
136 174 -0.44795068208869 1449 1
53 174 -0.27189225922695 1338 1
10 175 2.1430330336364 728 1
170 175 -0.81265499745612 681 1
192 175 -0.41204881232718 1387 1
133 175 -1.4561928871282 1313 1
174 175 -0.70393993957335 418 1
1000001 175 -0.23133697906534 1382 1
180 175 1.7026473826242 795 1
162 176 2.2214180868082 1385 1
170 176 0.11424454975806 436 1
176 177 0.59754964968959 775 1
170 177 -1.839786706695 682 1
171 178 -1.957944886381 708 1
170 178 1.559833133903 1315 0
150 180 1.0429435521857 1383 1
140 180 1.9604480117191 1467 1
10 180 -1.1484917343753 794 1
90 180 -1.7629322183905 1448 1
135 181 -0.64113328104398 1408 1
170 181 1.2047391137028 1256 1
178 191 -0.53730887783441 1341 0
194 191 -0.53730887783441 1469 1
68 191 -1.1332067001239 1407 0
45 192 -1.6485488448744 1447 1
170 192 1.1757566477658 1386 1
178 194 1 1468 1
177 1000001 -0.92954070924111 683 1
1000001 1000001 -2.1668348596701 286 1
170 1000001 0.67949810819419 288 0
175 1000001 1.5253995976822 1254 1
32 1000001 -1.2677040471322 60 1
82 1000002 1.6043293354361 415 1
150 1000002 1.1220795036951 1339 1
125 1000002 2.08664122892 138 1
88 1000002 0.27404927808685 776 1
17 1000002 0.41692054604369 1285 1
8 1000002 0.74898438229541 792 1
54 1000002 -0.50758842180209 680 1
20 1000003 1.1669389945645 19 1
41 1000003 1.7297490613665 793 1
60 1000003 1.1938287603124 394 1
57 1000004 -1.4581027295548 20 1
191 1000004 -1.7151882998769 1342 1
53 1000004 1.5218963262265 706 1
51 1000004 -1.4325660809991 1409 1
171 1000004 0.033911009852901 22 1
178 1000004 -1.0360690339461 709 1
170 1000004 1.7898998352931 452 1
169 1000004 1.9501846778569 1286 1
152 1000005 0.23716470743222 1312 1
149 1000005 1.5082683910115 679 1
47 1000005 -1.2419822018977 270 1
70 1000005 -0.87519712481066 1314 1
176 1000005 -1.0370655061506 751 1
151 1000005 -0.34631236871878 752 1
170 1000005 -0.22589280281981 139 1
170 1000006 0.34841392557903 61 0
176 1000006 -0.43403424176763 437 1
93 1000006 -1.5281174009595 137 0
96 1000006 1.3893264898179 395 1
68 1000006 1.9644764549699 1466 1
1000004 1000006 -0.45100253303629 416 1
85 1000006 0.65063095535509 434 1
48 1000006 0.1140864871715 287 1
