351
79980
3
79980
29
4
79980
173
connections
0.69999580000945
step
0.3157885263165
link
1.999988000027
enable
0.1999988000027
bias
0.49109064542292
node
0.49999700000675
disable
0.36099837550244
done
22
53 171 0.39411603137303 4787 1
120 172 1.2858857181447 4805 1
171 1000001 -1.7070521566073 4788 1
170 1000001 0.21855852884762 202 1
118 1000001 0.97931724531652 4471 1
70 1000001 -1.294289986877 4803 1
53 1000001 1.9761955626087 4730 0
35 1000002 1.3034455397198 5709 1
93 1000002 -0.063534490452284 4472 1
1000003 1000002 2.0225662161245 21 0
55 1000002 0.4979322227195 4244 1
44 1000003 0.61197917158 4731 1
122 1000004 -0.18473946439711 20 1
172 1000004 1.6090487345027 4806 1
120 1000004 1.6090487345027 4785 0
47 1000004 -0.89301564955443 201 1
167 1000004 -1.5696890163884 4245 0
138 1000005 0.43729287891488 4786 1
170 1000006 1.3898978885052 4246 1
79 1000006 0.13962935270241 4804 1
168 1000006 0.60410019363689 200 1
76 1000006 0.45039216284677 5710 1
0
174
connections
0.77561628811482
step
0.31578805263371
link
2.2160465374709
enable
0.18049891700244
bias
0.44320930749418
node
0.55401163436773
disable
0.32580103389095
done
27
53 171 0.3794186039538 4787 0
120 172 1.2457256520045 4805 1
171 1000001 -1.6958368970313 4788 1
118 1000001 0.85360215607877 4471 1
170 1000001 0.092390035470656 202 1
53 1000001 -1.1132541886654 4730 0
70 1000001 -1.4428634580537 4803 1
35 1000002 1.4476226127573 5709 1
93 1000002 0.34735659082198 4472 1
55 1000002 0.22827868282486 4244 1
1000003 1000002 2.0018142348306 21 0
44 1000003 1.1517075106052 4731 1
167 1000004 -1.1713550956057 4245 0
172 1000004 1.601525702932 4806 1
120 1000004 1.4658483732786 4785 0
47 1000004 -0.84829558427647 201 1
122 1000004 -0.32909485355965 20 1
138 1000005 0.54884194418148 4786 1
168 1000006 0.46881587818578 200 1
76 1000006 0.4533236878209 5710 1
118 1000006 -0.13825926480954 6482 1
79 1000006 -0.10615837280698 4804 1
170 1000006 1.9316491666261 4246 1
137 1000006 -0.74964400122849 6483 1
30 1000006 0.71407208471938 6497 1
171 1000003 1.2873317667165 6498 1
170 1000003 -0.72530289620655 6499 1
0
174
connections
0.73683657896395
step
0.33240847645654
link
2.1052473684684
enable
0.18999886000256
bias
0.46653611315177
node
0.5263118421171
disable
0.34294845672731
done
24
53 171 0.39411603137303 4787 1
120 172 1.2858857181447 4805 1
171 1000001 -1.8685098466159 4788 1
170 1000001 0.056972661483752 202 1
118 1000001 0.97931724531652 4471 1
70 1000001 -1.1314315014859 4803 1
53 1000001 1.9761955626087 4730 0
35 1000002 1.5784500554436 5709 1
93 1000002 -0.063534490452284 4472 1
1000003 1000002 2.0225662161245 21 0
55 1000002 0.4979322227195 4244 1
44 1000003 0.61197917158 4731 1
122 1000004 -0.18473946439711 20 1
172 1000004 1.8688184560005 4806 1
120 1000004 1.6090487345027 4785 0
47 1000004 -0.89301564955443 201 1
167 1000004 -1.5696890163884 4245 0
138 1000005 0.27530416843446 4786 1
170 1000006 1.6428650546485 4246 1
79 1000006 -0.064071931391797 4804 1
168 1000006 0.60410019363689 200 1
76 1000006 0.45039216284677 5710 1
82 1000002 1.9127170628986 6500 1
1000003 1000005 1.6740623187963 6501 1
0
173
connections
0.66499601000898
step
0.29999910000067
link
1.8999886000256
enable
0.21052473684684
bias
0.46653611315177
node
0.5263118421171
disable
0.37999772000513
done
24
53 171 0.191879631339 4787 1
120 172 1.0453792220383 4805 1
171 1000001 -1.816305040921 4788 1
170 1000001 0.44547822529578 202 1
118 1000001 0.89489414582293 4471 1
70 1000001 -1.2003268299415 4803 1
53 1000001 1.8047766609909 4730 0
35 1000002 1.4552349949312 5709 1
93 1000002 -0.055999493067704 4472 1
1000003 1000002 2.1412492915756 21 1
55 1000002 0.68202237145798 4244 1
44 1000003 0.59455620678916 4731 1
122 1000004 0.091180603864264 20 1
172 1000004 1.449000995402 4806 1
120 1000004 1.8962667210783 4785 0
47 1000004 -1.1429523367983 201 1
167 1000004 -1.823489335341 4245 0
138 1000005 0.66033063260354 4786 1
170 1000006 1.2385112764104 4246 1
79 1000006 0.20041288567475 4804 1
168 1000006 0.37978066639556 200 1
76 1000006 0.41984017466652 5710 1
76 1000004 1.7459639271218 6508 1
130 1000005 -0.8706930753502 6509 1
180
2
1
180
185
connections
0.66499401502244
step
0.315789
link
2.3326735677224
enable
0.21052410527311
bias
0.57278052064228
node
0.5831683919306
disable
0.30951051792993
done
36
53 171 1.0491364276117 4787 1
1000004 171 -0.032682193104703 6361 1
103 172 0.47282675713812 6335 1
31 172 -0.69706628874777 6285 1
120 172 1.3499753176201 4805 1
76 185 1 6428 1
170 1000001 0.63361207694294 202 1
70 1000001 -1.8532896053534 4803 1
171 1000001 0.34675130466628 4788 1
118 1000001 0.23839714825141 4471 1
53 1000001 -1.5535771171635 4730 0
71 1000001 1.9303635619052 6360 0
139 1000001 -1.1757560960723 6284 1
134 1000001 -0.58455153050325 6426 1
97 1000001 1.563829462569 6425 1
1000003 1000002 1.7807650673168 21 0
93 1000002 -0.058802035306872 4472 1
23 1000002 1.3246637956786 6377 1
35 1000002 0.99120801866166 5709 1
55 1000002 0.18638667463413 4244 1
136 1000003 -1.1704253497619 6334 1
44 1000003 0.34603290779731 4731 1
96 1000003 -0.77401043733024 6424 1
47 1000004 -2.064394619863 201 1
94 1000004 -2.0431078727073 6378 1
167 1000004 -1.7866532550698 4245 0
120 1000004 1.9493267247595 4785 0
172 1000004 1.5053272888882 4806 1
122 1000004 -0.31697508996857 20 1
170 1000005 -0.33893856624042 6427 1
138 1000005 0.46873889263588 4786 1
168 1000006 0.1862666662342 200 1
76 1000006 -0.18084884963623 5710 0
79 1000006 -0.15998815354014 4804 1
170 1000006 0.50344128584785 4246 1
185 1000006 -0.18084884963623 6429 1
19980
2
5
19980
186
connections
0.63174431427132
step
0.33240797784382
link
1.9999790000945
enable
0.22160398893363
bias
0.54414149461017
node
0.45124593876523
disable
0.32580005648858
done
37
53 171 0.87876939644168 4787 1
37 171 -0.13983581041902 6431 1
170 171 -0.43794324934525 6399 1
1000004 171 -0.12969548531354 6361 1
112 171 -0.75374614703818 6447 1
120 172 1.1831199246101 4805 1
31 172 1.7477801985281 6285 1
103 172 0.72896008946974 6335 1
19 186 1.6613666188543 6446 1
47 186 0.67286721208747 6432 1
118 1000001 -0.046826439978766 4471 1
70 1000001 -1.9631219228119 4803 1
170 1000001 0.35678535529493 202 1
139 1000001 -1.462743851791 6284 1
53 1000001 1.7538618459025 4730 1
71 1000001 -0.022691955802621 6360 1
171 1000001 -1.27024140141 4788 0
93 1000002 -0.62939461671661 4472 1
1000003 1000002 1.8826902629807 21 1
35 1000002 1.4556883655552 5709 1
55 1000002 0.52770576676463 4244 1
44 1000003 1.034913548583 4731 1
57 1000003 -1.2558925776681 6398 1
168 1000003 0.15387432477798 6397 1
136 1000003 -1.1141687370924 6334 1
47 1000004 -2.2642599202717 201 0
83 1000004 -0.5449301746457 6430 1
120 1000004 2.1082811210774 4785 0
122 1000004 -0.32624427047819 20 1
172 1000004 2.3272026919389 4806 1
186 1000004 -2.3533294733425 6433 1
167 1000004 -1.4145248151461 4245 0
138 1000005 -0.12924717286072 4786 1
168 1000006 -0.4805984440437 200 1
76 1000006 -0.30788345990122 5710 1
170 1000006 0.72863295620699 4246 1
79 1000006 -1.7687224321546 4804 1
0
186
connections
0.66499301753142
step
0.34990260971774
link
1.8999800500898
enable
0.21052378948695
bias
0.51693441987966
node
0.42868364182697
disable
0.34294691346157
done
39
53 171 0.87876939644168 4787 1
37 171 -0.13983581041902 6431 1
170 171 -0.43794324934525 6399 1
1000004 171 -0.12969548531354 6361 1
112 171 -0.75374614703818 6447 1
120 172 1.1831199246101 4805 1
31 172 1.7477801985281 6285 1
103 172 0.72896008946974 6335 1
19 186 1.6613666188543 6446 1
47 186 0.67286721208747 6432 1
118 1000001 -0.046826439978766 4471 1
70 1000001 -1.9631219228119 4803 1
170 1000001 0.35678535529493 202 1
139 1000001 -1.462743851791 6284 1
53 1000001 1.7538618459025 4730 1
71 1000001 -0.022691955802621 6360 1
171 1000001 -1.27024140141 4788 0
93 1000002 -0.62939461671661 4472 1
1000003 1000002 1.8826902629807 21 1
35 1000002 1.4556883655552 5709 1
55 1000002 0.52770576676463 4244 1
44 1000003 1.034913548583 4731 1
57 1000003 -1.2558925776681 6398 1
168 1000003 0.15387432477798 6397 1
136 1000003 -1.1141687370924 6334 1
47 1000004 -2.2642599202717 201 0
83 1000004 -0.5449301746457 6430 1
120 1000004 2.1082811210774 4785 0
122 1000004 -0.32624427047819 20 1
172 1000004 2.3272026919389 4806 1
186 1000004 -2.3533294733425 6433 1
167 1000004 -1.4145248151461 4245 1
138 1000005 -0.12924717286072 4786 1
168 1000006 -0.4805984440437 200 1
76 1000006 -0.30788345990122 5710 1
170 1000006 0.72863295620699 4246 1
79 1000006 -1.7687224321546 4804 1
1000003 1000001 1.1131321146275 6502 1
8 1000005 1.5032807397687 6503 1
0
186
connections
0.66499301753142
step
0.31578757895163
link
1.8999800500898
enable
0.23326700687121
bias
0.5727796614715
node
0.47499501252244
disable
0.34294691346157
done
39
53 171 0.84356409763769 4787 1
37 171 -0.043163389859804 6431 1
170 171 -0.75195755291228 6399 1
1000004 171 0.086364627986931 6361 1
112 171 0.92220831934568 6447 1
120 172 1.3487187883793 4805 1
31 172 1.7757574726666 6285 1
103 172 0.8171516277548 6335 1
19 186 1.4991408332623 6446 1
47 186 0.11920529801325 6432 1
118 1000001 -1.5840937528611 4471 1
70 1000001 -1.6917626021374 4803 1
170 1000001 0.44738623513514 202 1
139 1000001 -1.2200267835242 6284 1
53 1000001 1.9603616919121 4730 1
71 1000001 -0.26338517716304 6360 1
171 1000001 -1.2661840702311 4788 0
93 1000002 -0.8015661642483 4472 1
1000003 1000002 1.7990668362842 21 1
35 1000002 1.423355001885 5709 1
55 1000002 0.3182954361564 4244 1
44 1000003 0.7589090173902 4731 1
57 1000003 -1.2243880274929 6398 1
168 1000003 0.4296861086464 6397 1
136 1000003 -1.3037068185537 6334 1
47 1000004 -2.4214935501615 201 0
83 1000004 -0.44858542453798 6430 1
120 1000004 2.3876587304475 4785 0
122 1000004 -0.32444208299494 20 1
172 1000004 2.5713268156739 4806 1
186 1000004 -2.4675804498881 6433 1
167 1000004 -1.5033524196017 4245 0
138 1000005 -0.42381327139451 4786 1
168 1000006 -0.28909433987341 200 1
76 1000006 -0.56484455544208 5710 1
170 1000006 0.68539009397499 4246 1
79 1000006 -1.9894277559734 4804 0
126 1000006 0.3137913144322 6504 1
170 186 0.1391033661916 6505 1
0
186
connections
0.66499301753142
step
0.31578757895163
link
1.8999800500898
enable
0.21052378948695
bias
0.5727796614715
node
0.47499501252244
disable
0.34294691346157
done
39
53 171 0.75131522817375 4787 1
37 171 -0.084430592016574 6431 1
170 171 -0.49494827054032 6399 1
1000004 171 -0.30310061572147 6361 1
112 171 -0.7029475896892 6447 1
120 172 -1.2724387340922 4805 1
31 172 1.9514852083337 6285 1
103 172 0.87584318803848 6335 1
19 186 1.409320580086 6446 1
47 186 1.7194738608966 6432 1
118 1000001 -0.23561280687484 4471 1
70 1000001 -1.8599346426875 4803 1
170 1000001 0.36963196446704 202 1
139 1000001 -1.7568280820137 6284 1
53 1000001 0.75972777489547 4730 1
71 1000001 -0.21143977323381 6360 1
171 1000001 -1.312655450147 4788 1
93 1000002 -0.59395123142186 4472 1
1000003 1000002 1.9234274099953 21 1
35 1000002 1.7449346379352 5709 1
55 1000002 0.5543530843647 4244 1
44 1000003 1.3336044398593 4731 1
57 1000003 -1.2751191232783 6398 1
168 1000003 -0.086645423990474 6397 1
136 1000003 -0.82208907904353 6334 1
47 1000004 1.7307046723838 201 0
83 1000004 -0.3665907127328 6430 1
120 1000004 2.2428862150811 4785 0
122 1000004 -0.23548919277845 20 1
172 1000004 2.0362987925689 4806 1
186 1000004 -2.6053176879135 6433 1
167 1000004 -1.7268429422583 4245 0
138 1000005 0.13783315721181 4786 1
168 1000006 -0.27005090422143 200 1
76 1000006 -0.081916134125931 5710 1
170 1000006 0.42487281029871 4246 1
79 1000006 -1.9585110851376 4804 1
120 1000005 -1.7713553270058 6506 1
32 172 0.94637897885067 6507 1
0
186
connections
0.60015709855776
step
0.34990260971774
link
2.1052378948695
enable
0.23326700687121
bias
0.5727796614715
node
0.42868364182697
disable
0.30951005366415
done
40
53 171 0.87876939644168 4787 1
37 171 -0.13983581041902 6431 1
170 171 -0.43794324934525 6399 1
1000004 171 -0.12969548531354 6361 1
112 171 -0.75374614703818 6447 1
120 172 1.1831199246101 4805 1
31 172 1.7477801985281 6285 1
103 172 0.72896008946974 6335 1
19 186 1.6613666188543 6446 1
47 186 0.67286721208747 6432 1
118 1000001 -0.046826439978766 4471 1
70 1000001 -1.9631219228119 4803 1
170 1000001 0.35678535529493 202 1
139 1000001 -1.462743851791 6284 1
53 1000001 1.7538618459025 4730 1
71 1000001 -0.022691955802621 6360 1
171 1000001 -1.27024140141 4788 0
93 1000002 -0.62939461671661 4472 1
1000003 1000002 1.8826902629807 21 1
35 1000002 1.4556883655552 5709 1
55 1000002 0.52770576676463 4244 1
44 1000003 1.034913548583 4731 1
57 1000003 -1.2558925776681 6398 1
168 1000003 0.15387432477798 6397 1
136 1000003 -1.1141687370924 6334 1
47 1000004 -2.2642599202717 201 0
83 1000004 -0.5449301746457 6430 1
120 1000004 2.1082811210774 4785 0
122 1000004 -0.32624427047819 20 1
172 1000004 2.3272026919389 4806 1
186 1000004 -2.3533294733425 6433 1
167 1000004 -1.4145248151461 4245 0
138 1000005 -0.12924717286072 4786 1
168 1000006 -0.4805984440437 200 1
76 1000006 -0.30788345990122 5710 1
170 1000006 0.72863295620699 4246 1
79 1000006 -1.7687224321546 4804 1
133 1000002 0.43220313119907 6510 1
160 1000005 -0.73787652211066 6511 1
170 1000004 1.8483840449232 6512 1
