145
20000
4
20000
143
3
20000
171
connections
0.736841
step
0.315789
link
2.10526
enable
0.19
bias
0.38
node
0.526315
disable
0.38
done
5
170 171 1 18 1
171 1000001 1.2115237891781 19 1
170 1000001 1.2115237891781 17 0
132 1000003 0.3961912900174 15 0
130 1000005 0.28962065492721 16 1
0
171
connections
0.69999895
step
0.29999955
link
2.2160598338
enable
0.1805
bias
0.361
node
0.55401495845
disable
0.3999994
done
8
170 171 1 18 1
171 1000001 1.2115237891781 19 1
170 1000001 1.2115237891781 17 0
132 1000003 0.3961912900174 15 0
130 1000005 0.28962065492721 16 1
123 1000001 -0.96823023163549 2821 1
73 171 1.7303384502701 2822 1
92 1000006 1.607165746025 2823 1
0
172
connections
0.77562094183
step
0.33240897507
link
2.2160598338
enable
0.1999997
bias
0.3999994
node
0.49999925
disable
0.3999994
done
9
170 171 0.93236577542065 18 1
171 1000001 0.88725080452551 19 0
170 1000001 1.4015224980647 17 1
132 1000003 0.18586274971385 15 0
130 1000005 0.32590798375882 16 1
137 171 0.36762596514786 2824 0
165 171 0.62654499954222 2825 1
171 172 1 2826 1
172 1000001 0.88725080452551 2827 1
0
6
4
0
174
connections
0.77562094183
step
0.29999955
link
1.999997
enable
0.1805
bias
0.361
node
0.55401495845
disable
0.3999994
done
9
170 171 -1.9329813531907 18 1
109 171 1.7592699972533 2694 0
174 171 1.7592699972533 2697 0
109 174 1 2696 1
170 1000001 1.1079654863109 17 0
171 1000001 -1.469832453383 19 1
132 1000003 0.37322004239174 15 0
130 1000005 0.068157319408246 16 1
67 1000006 -0.4760277108066 2695 1
0
174
connections
0.81644187199851
step
0.285
link
2.10525684211
enable
0.171475
bias
0.34295
node
0.58317276571322
disable
0.421051368422
done
11
170 171 -2.0719283120212 18 1
109 171 1.5229427472762 2694 0
174 171 1.6258374279 2697 0
109 174 1.1856714072085 2696 1
170 1000001 1.1283617691565 17 0
171 1000001 -1.6083619190039 19 0
132 1000003 0.25328642014985 15 0
130 1000005 0.10093923413953 16 1
67 1000006 -0.40892437513352 2695 1
162 1000005 -0.11957152012696 2830 1
122 174 0.29108554338206 2831 1
0
174
connections
0.81644187199851
step
0.3157885263165
link
1.89999715
enable
0.189999715
bias
0.37999943
node
0.58317276571322
disable
0.37999943
done
11
170 171 -1.9329813531907 18 1
109 171 1.7592699972533 2694 0
174 171 1.7592699972533 2697 0
109 174 1 2696 1
170 1000001 1.1079654863109 17 0
171 1000001 -1.469832453383 19 1
132 1000003 0.37322004239174 15 0
130 1000005 0.068157319408246 16 1
67 1000006 -0.4760277108066 2695 1
1000006 174 0.62056337168493 2832 1
118 1000004 0.062807092501602 2833 1
0
174
connections
0.81644187199851
step
0.2849995725
link
2.10525684211
enable
0.189999715
bias
0.37999943
node
0.58317276571322
disable
0.37999943
done
11
170 171 -2.0564808780153 18 1
109 171 1.5717027564024 2694 0
174 171 1.6739884393334 2697 0
109 174 0.76007223098201 2696 1
170 1000001 0.9439169943244 17 0
171 1000001 -1.4471052008746 19 1
132 1000003 0.24086619569437 15 0
130 1000005 -0.016202275723365 16 1
67 1000006 -0.43134730662152 2695 1
163 171 -0.49922177800836 2834 1
9 1000005 0.81002227851192 2835 1
0
1
1
0
172
connections
0.7368398947385
step
0.3157885263165
link
1.89999715
enable
0.210525684211
bias
0.421051368422
node
0.5263142105275
disable
0.37999943
done
12
170 171 0.98482168807101 18 1
29 171 -1.9785242540524 2783 1
111 171 1.0116885891293 2804 1
6 172 1 2806 1
170 1000001 1.2420764773497 17 0
171 1000001 1.2231619632245 19 1
170 1000002 -0.56575212866604 2805 1
132 1000003 0.24822850079214 15 0
172 1000004 1.1756340220344 2807 1
6 1000004 1.1756340220344 2803 0
130 1000005 0.77828841537825 16 1
45 1000006 1.6713862724243 2782 1
0
0
2
0
173
connections
0.7368398947385
step
0.29999955
link
1.89999715
enable
0.189999715
bias
0.421051368422
node
0.58317276571322
disable
0.34295
done
11
170 171 0.71531379158757 18 0
50 172 0.8347699856914 2799 1
50 1000001 1.5589798860546 2797 1
119 1000001 0.11118790167089 2798 1
172 1000001 1.6254490999893 2800 1
170 1000001 1.0628595182119 17 0
171 1000001 0.90192345174566 19 1
132 1000003 0.25796240615406 15 0
130 1000005 -0.22299557045961 16 0
96 172 1.5489364299448 2819 1
124 1000002 -1.5807977538377 2820 1
0
172
connections
0.7368398947385
step
0.29999955
link
1.89999715
enable
0.171475
bias
0.37999943
node
0.5263142105275
disable
0.37999943
done
11
170 171 0.45386821677755 18 1
50 172 0.87100760948668 2799 1
50 1000001 1.5020873660283 2797 0
119 1000001 0.18950438321329 2798 1
172 1000001 1.3770593239494 2800 0
170 1000001 -1.5347758415479 17 0
171 1000001 -0.080141605883969 19 1
132 1000003 0.43620244153722 15 0
130 1000005 -0.13345439796899 16 0
42 171 -1.9630115665151 2828 1
41 1000001 0.073915829950865 2829 1
