168
20000
8
20000
166
1
20000
171
connections
0.736841
step
0.315789
link
2.10526
enable
0.19
bias
0.38
node
0.526315
disable
0.38
done
5
170 171 1 18 1
171 1000001 1.2115237891781 19 1
170 1000001 1.2115237891781 17 0
132 1000003 0.3961912900174 15 0
130 1000005 0.28962065492721 16 1
0
13
1
0
173
connections
0.69999895
step
0.29999955
link
2.2160598338
enable
0.1805
bias
0.361
node
0.49999925
disable
0.3999994
done
10
170 171 1.8790246284371 18 1
1000004 171 -0.78975798821986 2999 1
130 173 1 3002 1
171 1000001 1.0358015270501 19 1
170 1000001 1.4729968306055 17 0
170 1000002 0.2831507309183 3001 1
132 1000003 -0.13519699697867 15 0
130 1000005 0.34803132168045 16 0
137 1000005 -0.84273812067019 3000 1
173 1000005 0.34803132168045 3003 1
0
2
2
0
172
connections
0.7368398947385
step
0.315789
link
1.89999715
enable
0.189999715
bias
0.34295
node
0.4749992875
disable
0.37999943
done
10
170 171 0.88870181186307 18 1
129 171 -1.5197607348857 3204 1
171 1000001 1.2115237891781 19 1
170 1000001 1.2115237891781 17 1
45 1000003 -1.8813440351573 3205 1
132 1000003 0.3961912900174 15 0
130 1000005 0.28962065492721 16 1
117 1000006 -1.4764244514298 3190 1
148 1000006 0.40314951017792 3189 1
170 1000006 0.25165562913907 3206 0
0
172
connections
0.77561977839859
step
0.285
link
1.9999940000045
enable
0.19999940000045
bias
0.3258025
node
0.49999850000112
disable
0.3999988000009
done
12
170 171 0.98442082794632 18 1
129 171 -1.5291456343272 3204 1
171 1000001 1.4382312997833 19 1
170 1000001 1.0759167760247 17 1
45 1000003 -2.1514882351146 3205 1
132 1000003 0.13805001983703 15 0
130 1000005 0.3527578051088 16 1
117 1000006 -1.3918559831538 3190 1
148 1000006 0.14655644398328 3189 1
170 1000006 0.33243186742759 3206 1
83 1000005 0.28046510208441 3254 1
135 1000005 0.83504745628223 3255 1
0
1
2
0
174
connections
0.7368398947385
step
0.315789
link
1.89999715
enable
0.210525684211
bias
0.37999943
node
0.4749992875
disable
0.37999943
done
11
170 171 1.26116416245 18 1
170 173 -1.1294900357067 3222 1
112 173 1.2381500283517 3211 1
170 1000001 0.98171975753044 17 0
171 1000001 1.4877030357677 19 1
112 1000001 -0.3511487554857 3210 0
173 1000001 0.08887609152501 3212 1
134 1000003 0.40517640433973 3209 1
113 1000003 0.078554643391217 3223 1
132 1000003 0.46863569789727 15 0
130 1000005 0.0024547614062931 16 1
0
174
connections
0.77561977839859
step
0.33240897507
link
1.9999940000045
enable
0.19999940000045
bias
0.3999988000009
node
0.49999850000112
disable
0.3609994585
done
13
170 171 -1.1069063386944 18 1
170 173 -0.06854457228309 3222 1
112 173 1.2052712940092 3211 1
170 1000001 0.77524617528002 17 0
171 1000001 1.3122720104713 19 1
112 1000001 -0.42768996209306 3210 0
173 1000001 0.89461958677938 3212 1
134 1000003 0.56865705967141 3209 1
113 1000003 0.050930825552672 3223 1
132 1000003 0.31377797505284 15 0
130 1000005 -0.21485328189869 16 1
104 171 1.7397381511887 3256 1
97 1000002 0.240302743614 3257 1
0
0
1
0
172
connections
0.77562094183
step
0.285
link
1.999997
enable
0.1805
bias
0.3999994
node
0.49999925
disable
0.3999994
done
10
170 171 0.9590769676809 18 1
171 1000001 -0.66158024842067 19 1
170 1000001 0.52656636249886 17 0
132 1000003 0.40702002014222 15 0
130 1000005 0.030157322916349 16 1
27 171 -1.3395794549394 3242 1
144 1000003 -1.7897885067293 3243 1
170 1000004 -0.48420667134617 3244 0
170 172 1 3245 1
172 1000004 -0.48420667134617 3246 1
0
0
1
0
172
connections
0.69999895
step
0.33240897507
link
1.999997
enable
0.1805
bias
0.3999994
node
0.55401495845
disable
0.361
done
10
170 171 1 18 1
171 1000001 1.2115237891781 19 1
170 1000001 1.2115237891781 17 0
132 1000003 0.3961912900174 15 0
130 1000005 0.28962065492721 16 1
78 1000005 -1.6437879573962 3247 1
122 171 -1.6280404065065 3248 0
170 1000002 -1.8937955870235 3249 1
122 172 1 3250 1
172 171 -1.6280404065065 3251 1
0
0
1
0
174
connections
0.631749052375
step
0.29999910000067
link
2.2160565097102
enable
0.18049972925
bias
0.3999988000009
node
0.49999850000112
disable
0.44321130194205
done
16
170 171 1.7560384560592 18 1
1000004 171 -0.63238366252902 2999 1
130 173 -1.8010193182165 3002 1
137 174 1.1720048552419 3234 1
170 1000001 1.4478282913464 17 0
171 1000001 -1.6943266090884 19 1
12 1000001 -0.12494641998613 3233 1
170 1000002 0.16499867593894 3001 1
132 1000003 -0.25644361953517 15 0
173 1000005 0.38728105896805 3003 0
130 1000005 0.30559546156194 16 0
137 1000005 -0.56015282993497 3000 0
174 1000005 -0.72802854323226 3235 1
21 1000006 -1.6608687189218 3232 1
44 174 -1.7403485213782 3252 1
167 174 -1.3995178075503 3253 1
0
0
1
0
171
connections
0.69999895
step
0.29999955
link
2.2160598338
enable
0.1805
bias
0.3999994
node
0.49999925
disable
0.361
done
9
170 171 0.21613208410901 18 1
171 1000001 1.2767386942549 19 0
170 1000001 1.4593001440977 17 0
132 1000003 0.23495309076052 15 1
130 1000005 0.43637479131291 16 1
6 1000005 -1.7109286782434 3258 1
25 1000005 -0.14349803155614 3259 1
132 1000005 -1.4147770622883 3260 1
170 1000005 0.75582140568255 3261 1
