71
20000
5
20000
69
3
20000
171
connections
0.736841
step
0.315789
link
2.10526
enable
0.19
bias
0.38
node
0.526315
disable
0.38
done
5
170 171 1 18 1
171 1000001 1.2115237891781 19 1
170 1000001 1.2115237891781 17 0
132 1000003 0.3961912900174 15 0
130 1000005 0.28962065492721 16 1
0
171
connections
0.77562094183
step
0.29999955
link
2.2160598338
enable
0.1999997
bias
0.3999994
node
0.49999925
disable
0.3999994
done
7
170 171 1.1356210008286 18 1
171 1000001 1.4238132745094 19 1
170 1000001 1.0551563367275 17 0
132 1000003 0.61499951919462 15 0
130 1000005 0.11289128349712 16 1
96 1000002 0.22138126773888 1325 1
100 1000004 -1.1679433576464 1326 1
0
171
connections
0.69999895
step
0.33240897507
link
2.2160598338
enable
0.1999997
bias
0.3999994
node
0.49999925
disable
0.3999994
done
7
170 171 1.0204008438022 18 1
171 1000001 0.98853475505803 19 1
170 1000001 1.2333448806841 17 0
132 1000003 0.62695110800248 15 1
130 1000005 0.61904710981927 16 1
11 1000004 1.2717062898648 1335 1
169 1000005 1.3536179692984 1336 1
0
14
2
0
173
connections
0.6649990025
step
0.34990365942793
link
1.89999715
enable
0.171475
bias
0.34295
node
0.58317276571322
disable
0.421051368422
done
11
170 171 0.75037117680754 18 1
96 171 -0.042054506057924 1074 1
147 172 1 1054 1
171 1000001 1.4573585220762 19 1
170 1000001 1.070523626072 17 0
69 1000002 1.9306619464705 1053 1
147 1000002 -0.34345530564287 1052 1
172 1000002 -0.34345530564287 1055 1
132 1000003 0.59385933650438 15 0
130 1000005 0.10686520932993 16 1
15 1000005 -0.18622394482253 1075 1
0
173
connections
0.69999790000157
step
0.36831908902363
link
1.9999940000045
enable
0.18049972925
bias
0.3609994585
node
0.55401412742756
disable
0.44321130194205
done
13
170 171 0.47692232648014 18 1
96 171 -0.1689041083905 1074 1
147 172 1.2405365210735 1054 1
171 1000001 1.2056039324933 19 1
170 1000001 1.4275572032887 17 0
69 1000002 1.7672580768109 1053 1
147 1000002 -0.57499938702956 1052 1
172 1000002 -0.089407643939849 1055 1
132 1000003 0.28441824633038 15 0
130 1000005 0.34960487812675 16 1
15 1000005 -0.11139255958739 1075 0
9 1000005 1.3278603473006 1333 1
1000006 172 -1.4636066774499 1334 1
0
12
2
0
172
connections
0.69999895
step
0.29999955
link
2.2160598338
enable
0.1805
bias
0.361
node
0.49999925
disable
0.3999994
done
9
170 171 1.7947935422834 18 1
6 171 -0.071474349192785 1110 0
172 171 -0.071474349192785 1112 1
6 172 1 1111 1
171 1000001 1.0117590813486 19 0
170 1000001 1.4186312393735 17 0
132 1000003 0.34377582861568 15 0
130 1000004 0.62630085146641 1109 1
130 1000005 -0.24331794049771 16 1
0
172
connections
0.6649990025
step
0.3157885263165
link
2.10525684211
enable
0.171475
bias
0.34295
node
0.4749992875
disable
0.37999943
done
11
170 171 1.7947935422834 18 1
6 171 -0.071474349192785 1110 0
172 171 -0.071474349192785 1112 1
6 172 1 1111 1
171 1000001 1.0117590813486 19 0
170 1000001 1.4186312393735 17 0
132 1000003 0.34377582861568 15 0
130 1000004 0.62630085146641 1109 1
130 1000005 -0.24331794049771 16 1
96 1000004 1.4312570574053 1337 1
56 1000002 0.21076082644124 1338 1
0
6
1
0
173
connections
0.7368398947385
step
0.285
link
1.89999715
enable
0.189999715
bias
0.34295
node
0.5263142105275
disable
0.34295
done
13
170 171 1.047317893053 18 0
172 171 1.047317893053 1215 1
170 172 1 1214 1
37 173 1 1235 1
16 1000001 0.50556962797937 1233 1
44 1000001 0.98361156041139 1234 1
171 1000001 1.4807424166921 19 0
170 1000001 1.0701164876324 17 0
68 1000001 1.0458693197424 1212 1
132 1000003 0.35355394438459 15 0
37 1000004 -1.5058442945647 1213 0
173 1000004 -1.5058442945647 1236 1
130 1000005 0.30762960035554 16 1
0
0
2
0
173
connections
0.7368398947385
step
0.33240897507
link
2.10525684211
enable
0.171475
bias
0.421051368422
node
0.5263142105275
disable
0.421051368422
done
13
170 171 0.98096296954403 18 1
1000001 172 0.95515060643988 1311 1
1000001 1000001 -0.16849211624778 1309 1
172 1000001 0.35079102276047 1312 1
170 1000001 0.8578334962768 17 0
171 1000001 1.6784036402786 19 1
34 1000002 1.4485953933924 1310 1
132 1000003 0.12953593271634 15 0
130 1000005 0.10001294924005 16 1
7 171 -0.1821955015717 1327 1
22 171 0.49568163090915 1328 0
22 173 1 1329 1
173 171 0.49568163090915 1330 1
0
172
connections
0.7368398947385
step
0.315789
link
2.10525684211
enable
0.189999715
bias
0.37999943
node
0.5263142105275
disable
0.421051368422
done
11
170 171 1.114241853267 18 1
1000001 172 1.1488497911008 1311 1
1000001 1000001 -0.11155615164647 1309 0
172 1000001 -0.22593292864772 1312 0
170 1000001 1.0362578583941 17 0
171 1000001 1.4537118921476 19 1
34 1000002 1.6057231606494 1310 1
132 1000003 0.10508369597461 15 0
130 1000005 0.12165988061159 16 1
127 171 1.9477523117771 1331 1
111 1000004 1.2378917813654 1332 1
