68
20000
6
20000
66
2
20000
171
connections
0.736841
step
0.315789
link
2.10526
enable
0.19
bias
0.38
node
0.526315
disable
0.38
done
5
170 171 1 18 1
171 1000001 1.2115237891781 19 1
170 1000001 1.2115237891781 17 0
132 1000003 0.3961912900174 15 0
130 1000005 0.28962065492721 16 1
0
171
connections
0.77562094183
step
0.29999955
link
2.2160598338
enable
0.1999997
bias
0.3999994
node
0.55401495845
disable
0.361
done
6
170 171 0.99854426928159 18 1
171 1000001 0.94192062902158 19 0
170 1000001 0.28241828669088 17 0
132 1000003 0.34315325195624 15 0
130 1000005 -0.009298541457869 16 1
107 1000003 0.037293618579668 1289 1
0
11
2
0
173
connections
0.6649990025
step
0.34990365942793
link
1.89999715
enable
0.171475
bias
0.34295
node
0.58317276571322
disable
0.421051368422
done
11
170 171 0.75037117680754 18 1
96 171 -0.042054506057924 1074 1
147 172 1 1054 1
170 1000001 1.070523626072 17 0
171 1000001 1.4573585220762 19 1
172 1000002 -0.34345530564287 1055 1
147 1000002 -0.34345530564287 1052 1
69 1000002 1.9306619464705 1053 1
132 1000003 0.59385933650438 15 0
130 1000005 0.10686520932993 16 1
15 1000005 -0.18622394482253 1075 1
0
174
connections
0.69999790000157
step
0.36831908902363
link
1.9999940000045
enable
0.18049972925
bias
0.3609994585
node
0.55401412742756
disable
0.44321130194205
done
15
170 171 1.1058535581782 18 1
96 171 0.018745626774767 1074 1
147 172 0.99358164617351 1054 1
170 1000001 0.322946867275 17 0
171 1000001 0.2830286568804 19 1
172 1000002 -0.68266137118033 1055 1
147 1000002 -0.46200938236434 1052 1
69 1000002 1.7206322770346 1053 1
132 1000003 0.83799283345265 15 0
130 1000005 -0.25695765985027 16 0
15 1000005 -0.26822375421697 1075 1
126 1000006 0.59956663716544 1290 1
32 1000004 -0.28351695303201 1291 1
130 174 1 1292 1
174 1000005 -0.25695765985027 1293 1
0
9
1
0
172
connections
0.69999895
step
0.29999955
link
2.2160598338
enable
0.1805
bias
0.361
node
0.49999925
disable
0.3999994
done
9
170 171 1.7947935422834 18 1
6 171 -0.071474349192785 1110 0
172 171 -0.071474349192785 1112 1
6 172 1 1111 1
170 1000001 1.4186312393735 17 0
171 1000001 1.0117590813486 19 0
132 1000003 0.34377582861568 15 0
130 1000004 0.62630085146641 1109 1
130 1000005 -0.24331794049771 16 1
0
3
3
0
173
connections
0.7368398947385
step
0.285
link
1.89999715
enable
0.189999715
bias
0.34295
node
0.5263142105275
disable
0.34295
done
13
170 171 1.047317893053 18 0
172 171 1.047317893053 1215 1
170 172 1 1214 1
37 173 1 1235 1
68 1000001 1.0458693197424 1212 1
170 1000001 1.0701164876324 17 0
171 1000001 1.4807424166921 19 0
44 1000001 0.98361156041139 1234 1
16 1000001 0.50556962797937 1233 1
132 1000003 0.35355394438459 15 0
37 1000004 -1.5058442945647 1213 0
173 1000004 -1.5058442945647 1236 1
130 1000005 0.30762960035554 16 1
0
173
connections
0.77561977839859
step
0.29999955
link
1.8049972925
enable
0.19999940000045
bias
0.3609994585
node
0.49999850000112
disable
0.3258025
done
15
170 171 1.0222774935886 18 0
172 171 1.1630530629358 1215 1
170 172 0.92465906866817 1214 1
37 173 0.94410543373669 1235 1
68 1000001 1.171620649411 1212 1
170 1000001 1.4676351207007 17 0
171 1000001 1.2800987771081 19 0
44 1000001 1.098998819808 1234 1
16 1000001 -1.8753624073 1233 1
132 1000003 0.6078307320719 15 0
37 1000004 -1.4130712167684 1213 0
173 1000004 -1.488641036578 1236 1
130 1000005 0.15087761526231 16 1
145 173 0.95834223456526 1294 1
130 1000002 -1.4017151402326 1295 1
0
173
connections
0.77561977839859
step
0.315789
link
1.9999940000045
enable
0.19999940000045
bias
0.3609994585
node
0.49999850000112
disable
0.3609994585
done
15
170 171 1.1326186053245 18 0
172 171 1.0686647552924 1215 1
170 172 0.098941007721183 1214 1
37 173 0.68617703155614 1235 1
68 1000001 0.93369950953703 1212 1
170 1000001 0.80031720619068 17 0
171 1000001 1.4841058726386 19 0
44 1000001 1.0282616790368 1234 1
16 1000001 0.38775229575488 1233 1
132 1000003 0.52181347839747 15 0
37 1000004 -1.7162000336619 1213 0
173 1000004 -1.581700345439 1236 1
130 1000005 0.61836859773095 16 1
137 172 -1.5554063539537 1296 1
30 1000005 1.4169743949705 1297 1
0
1
1
0
174
connections
0.7368398947385
step
0.34990365942793
link
2.10525684211
enable
0.189999715
bias
0.34295
node
0.5263142105275
disable
0.421051368422
done
12
170 171 0.77587589306028 18 1
145 174 1 1269 1
171 1000001 1.7749820738588 19 1
140 1000001 1.1031220435194 1266 1
170 1000001 1.4791054156828 17 0
115 1000002 -1.3259046692678 1252 1
132 1000003 0.90908340819642 15 0
47 1000004 -0.0088503677480392 1267 0
145 1000004 0.92093907885849 1253 0
174 1000004 0.92093907885849 1270 1
130 1000005 0.42190398258383 16 1
170 1000005 1.2201910458693 1268 1
0
0
1
0
172
connections
0.69999895
step
0.33240897507
link
2.2160598338
enable
0.1999997
bias
0.3999994
node
0.49999925
disable
0.3999994
done
10
170 171 -1.1708731345561 18 1
171 1000001 1.1071051490708 19 1
170 1000001 1.0295799136973 17 0
132 1000003 0.38822775824976 15 0
130 1000005 0.46977907615186 16 0
147 1000003 -0.52925199133274 1284 1
86 1000005 0.27814569536424 1285 1
93 1000002 0.96823023163549 1286 1
130 172 1 1287 1
172 1000005 0.46977907615186 1288 0
