105
20000
6
20000
103
3
20000
171
connections
0.736841
step
0.315789
link
2.10526
enable
0.19
bias
0.38
node
0.526315
disable
0.38
done
5
170 171 1 18 1
171 1000001 1.2115237891781 19 1
170 1000001 1.2115237891781 17 0
132 1000003 0.3961912900174 15 0
130 1000005 0.28962065492721 16 1
0
171
connections
0.69999895
step
0.29999955
link
2.2160598338
enable
0.1999997
bias
0.361
node
0.55401495845
disable
0.3999994
done
7
170 171 1.1136293958876 18 1
171 1000001 1.0772944302942 19 1
170 1000001 1.3226445673498 17 0
132 1000003 0.40138248069246 15 0
130 1000005 0.13631115253914 16 1
19 1000002 1.3520310068056 2009 1
1000004 1000006 0.84408093508713 2010 1
0
172
connections
0.77562094183
step
0.33240897507
link
1.999997
enable
0.1999997
bias
0.3999994
node
0.55401495845
disable
0.361
done
9
170 171 1.1136502501819 18 0
171 1000001 1.4509674074092 19 1
170 1000001 1.3312202367275 17 0
132 1000003 0.11093453871293 15 0
130 1000005 0.16270123334145 16 1
81 1000003 -0.25348673970763 2011 1
91 171 1.968260750145 2012 1
170 172 1 2013 1
172 171 1.1136502501819 2014 1
0
4
3
0
175
connections
0.81644187199851
step
0.2849995725
link
2.3326910628529
enable
0.210525684211
bias
0.37999943
node
0.4749992875
disable
0.34295
done
11
170 171 1.306322823086 18 1
107 171 -0.75859666248398 1900 1
138 175 1 1916 1
171 1000001 0.88390518212355 19 1
170 1000001 0.97627175398335 17 0
54 1000002 -0.45332193975646 1915 1
132 1000003 0.33045955475791 15 1
175 1000004 -0.35766254358646 1917 1
138 1000004 -0.35766254358646 1899 0
88 1000004 0.62654499954222 1914 1
130 1000005 0.08841426290376 16 1
0
176
connections
0.77561977839859
step
0.270749593875
link
2.2160565097102
enable
0.19999940000045
bias
0.3999988000009
node
0.49999850000112
disable
0.3258025
done
16
170 171 1.306322823086 18 1
107 171 -0.75859666248398 1900 1
138 175 1 1916 0
171 1000001 0.88390518212355 19 1
170 1000001 0.97627175398335 17 0
54 1000002 -0.45332193975646 1915 1
132 1000003 0.33045955475791 15 1
175 1000004 -0.35766254358646 1917 1
138 1000004 -0.35766254358646 1899 0
88 1000004 0.62654499954222 1914 1
130 1000005 0.08841426290376 16 1
19 1000001 0.44282357249672 2019 1
25 171 -0.31879634998627 2020 1
170 1000003 0.040223395489364 2021 1
138 176 1 2022 1
176 175 1 2023 1
0
175
connections
0.77561977839859
step
0.285
link
2.4554605934908
enable
0.19999940000045
bias
0.3999988000009
node
0.49999850000112
disable
0.3258025
done
14
170 171 1.4092088059346 18 1
107 171 -0.55660822899907 1900 1
138 175 0.80307367168188 1916 1
171 1000001 0.7380869808845 19 1
170 1000001 0.95912843906285 17 0
54 1000002 -0.39418576616718 1915 0
132 1000003 0.45340260721923 15 1
175 1000004 -0.1946227474501 1917 1
138 1000004 -0.62304036273377 1899 0
88 1000004 0.49356471449934 1914 1
130 1000005 0.053544882124317 16 1
133 171 -0.19818720053713 2024 1
24 1000005 -0.63167210913419 2025 1
170 1000004 -1.055269020661 2026 1
0
4
1
0
175
connections
0.69999895
step
0.33240897507
link
1.999997
enable
0.1805
bias
0.3999994
node
0.55401495845
disable
0.3999994
done
9
170 171 0.96292139030485 18 1
2 175 1 1924 1
170 1000001 1.1427127879299 17 0
171 1000001 -1.0671102023377 19 1
39 1000002 -1.8011413922544 1923 1
132 1000003 0.505841067477 15 0
2 1000005 -1.1395001068148 1922 0
130 1000005 -0.1258706830667 16 1
175 1000005 -1.1395001068148 1925 1
0
1
1
0
173
connections
0.7368398947385
step
0.3157885263165
link
2.3326910628529
enable
0.171475
bias
0.37999943
node
0.5263142105275
disable
0.37999943
done
11
170 171 0.93033938628614 18 1
123 173 1 1986 1
170 1000001 1.5020045158759 17 0
171 1000001 1.4209154732285 19 0
18 1000001 1.3848689230018 1985 1
123 1000002 0.023743400372326 1984 0
173 1000002 0.023743400372326 1987 1
38 1000003 0.59162775674242 1967 1
132 1000003 0.3713364479699 15 0
130 1000005 0.55664396187174 16 1
75 1000005 -1.2672627508586 1966 1
0
0
1
0
178
connections
0.85940991860498
step
0.24435150847219
link
2.2160531856255
enable
0.19999910000135
bias
0.3999982000027
node
0.55401329640637
disable
0.36099891700081
done
22
170 171 1.460486424717 18 1
107 171 -0.89799492133803 1900 1
170 175 -1.5195669926566 1972 1
20 175 -0.57345777335135 1996 1
138 175 0.99238615405285 1916 1
54 176 1.1812632256976 1973 1
171 1000001 -1.1983430440831 19 1
170 1000001 0.6860417528571 17 0
54 1000002 -0.36218374042847 1915 0
176 1000002 -0.18822115643729 1974 1
120 1000003 1.9708673289896 1971 1
132 1000003 0.21981663467179 15 0
175 1000004 -0.29353770391995 1917 1
138 1000004 -0.091553028603712 1899 0
88 1000004 0.4067427377478 1914 0
89 1000004 -0.46699875773308 1995 1
130 1000005 -0.032430373309253 16 1
18 1000006 -0.034747799005692 1970 1
21 1000005 -0.78145695364238 2015 1
89 1000006 -1.4513992736595 2016 1
132 178 1 2017 1
178 1000003 0.21981663467179 2018 1
0
0
1
0
172
connections
0.69999895
step
0.315789
link
2.2160598338
enable
0.1999997
bias
0.361
node
0.49999925
disable
0.3999994
done
10
170 171 1 18 1
171 1000001 1.2115237891781 19 1
170 1000001 1.2115237891781 17 0
132 1000003 0.3961912900174 15 0
130 1000005 0.28962065492721 16 1
153 1000003 -1.0634479812006 2027 1
98 1000005 0.43281350138859 2028 0
170 1000003 0.32685323648793 2029 0
98 172 1 2030 1
172 1000005 0.43281350138859 2031 1
