202
10000
2
10000
195
4
10000
172
connections
0.69999790000157
step
0.29999955
link
1.9999940000045
enable
0.19999940000045
bias
0.3999988000009
node
0.451249323125
disable
0.44321130194205
done
13
7 171 0.63949184228492 24 1
84 172 0.97342146996521 45 1
23 1000002 0.73064019042482 43 1
1000003 1000002 -1.1120258706244 21 1
172 1000003 0.63297497195196 46 1
84 1000003 0.49750961528825 22 0
48 1000004 -1.0716269417402 65 1
170 1000004 0.24382190664541 44 0
122 1000004 -0.41343833385266 20 0
7 1000005 0.92092488415632 23 0
171 1000005 0.90342791108585 25 1
106 1000006 1.3220222972182 42 1
67 1000006 -1.5325785088656 66 1
0
173
connections
0.73683878947866
step
0.3157885263165
link
1.8999943000043
enable
0.18999943000043
bias
0.42105073684495
node
0.42868685696875
disable
0.46653751276326
done
16
7 171 -1.8758507034516 24 1
84 172 1.195977835767 45 1
23 1000002 0.97164253051078 43 1
1000003 1000002 -0.70838324158503 21 1
172 1000003 -0.029358806115909 46 1
84 1000003 0.74880469337604 22 0
48 1000004 -1.2990212798986 65 1
170 1000004 0.13882248667354 44 0
122 1000004 -0.63104107855618 20 0
7 1000005 1.0601370568496 23 0
171 1000005 0.95788883098131 25 1
106 1000006 1.4440991813654 42 1
67 1000006 -1.8115714605651 66 1
10 172 -0.99252296517838 1964 1
51 171 1.5771355327006 1965 1
170 1000003 0.7054048280282 1966 0
0
174
connections
0.69999685000472
step
0.29999910000067
link
1.9999910000135
enable
0.18049945850041
bias
0.3999982000027
node
0.45124864625102
disable
0.4432106371251
done
19
7 171 0.86335359325744 24 1
72 171 1.7400585099796 1960 1
84 172 1.0060763735067 45 1
23 1000002 0.11358989226966 43 1
151 1000002 1.3384899155584 1959 1
1000003 1000002 -0.87944555958299 21 1
84 1000003 0.24541222405565 22 0
172 1000003 0.40116622495294 46 1
48 1000004 -1.2022210169279 65 1
170 1000004 0.16917690825356 44 0
122 1000004 -0.19268946150803 20 0
7 1000005 1.2116585924763 23 0
171 1000005 0.83796938349022 25 0
67 1000006 -1.5928808964218 66 1
106 1000006 0.15021210364086 42 1
149 1000004 -0.15485091708121 1967 1
52 1000006 -1.4224677266762 1968 1
171 174 1 1969 1
174 1000005 0.83796938349022 1970 1
0
172
connections
0.73683878947866
step
0.2849995725
link
1.8999943000043
enable
0.18999943000043
bias
0.42105073684495
node
0.42868685696875
disable
0.46653751276326
done
15
7 171 0.70407272627834 24 1
84 172 1.2241170685298 45 1
23 1000002 0.65821392496849 43 1
1000003 1000002 -1.1798597176634 21 1
172 1000003 -0.46626178777429 46 0
84 1000003 0.3538834688393 22 1
48 1000004 -0.86304590752518 65 1
170 1000004 0.097290707637028 44 0
122 1000004 -0.38707541676389 20 0
7 1000005 0.9573424142951 23 0
171 1000005 0.72833326116375 25 1
106 1000006 1.6038906753428 42 1
67 1000006 -1.4346156137252 66 1
116 1000004 1.7054353465377 1971 1
9 1000006 1.1423078096866 1972 1
0
11
1
0
174
connections
0.66499700750449
step
0.33240897507
link
2.1052505263442
enable
0.17147448557539
bias
0.37999829000256
node
0.3868898884143
disable
0.42105010526884
done
22
7 171 1.191453396213 24 1
53 172 -1.759941061481 1852 1
84 172 0.96348081379025 45 1
106 173 0.75453047365432 1839 1
32 173 -0.96395764030885 1872 1
167 1000001 0.41178266626408 1837 1
1000003 1000002 -1.286289887923 21 1
23 1000002 -0.69502853480636 43 1
108 1000003 -1.8727891741061 1851 1
170 1000003 1.0547913133911 1838 1
84 1000003 0.3925022339246 22 0
172 1000003 0.83416979782623 46 1
48 1000004 -1.3056909502288 65 1
170 1000004 0.61906470830147 44 0
122 1000004 -0.43052412232124 20 0
7 1000005 1.2018856255983 23 0
171 1000005 -1.3499557481613 25 1
117 1000005 1.7968688009278 1871 1
41 1000005 1.4628166030525 1836 1
106 1000006 1.0643234354862 42 0
173 1000006 1.6220344195082 1840 1
67 1000006 -1.5567907619655 66 1
