113
20000
4
20000
111
4
20000
171
connections
0.736841
step
0.315789
link
2.10526
enable
0.19
bias
0.38
node
0.526315
disable
0.38
done
5
170 171 1 18 1
171 1000001 1.2115237891781 19 1
170 1000001 1.2115237891781 17 0
132 1000003 0.3961912900174 15 0
130 1000005 0.28962065492721 16 1
0
173
connections
0.69999895
step
0.33240897507
link
2.2160598338
enable
0.1999997
bias
0.3999994
node
0.49999925
disable
0.3999994
done
9
170 171 1.0383568326285 18 1
171 1000001 1.4206958420657 19 1
170 1000001 1.1602021239394 17 0
132 1000003 0.33702819765223 15 1
130 1000005 0.04857418571617 16 1
138 1000004 -0.4300057985168 2181 1
6 1000006 -1.5939817499313 2182 0
6 173 1 2183 0
173 1000006 -1.5939817499313 2184 1
0
172
connections
0.69999895
step
0.29999955
link
1.999997
enable
0.1999997
bias
0.3999994
node
0.49999925
disable
0.361
done
8
170 171 1.070652027955 18 1
171 1000001 1.2115237891781 19 1
170 1000001 1.2115237891781 17 0
132 1000003 0.26519409772027 15 1
130 1000005 0.27753532517472 16 1
140 1000003 -1.3610644856105 2189 1
21 1000006 0.68037965025788 2190 1
170 1000006 -1.3484908597064 2191 1
0
172
connections
0.69999895
step
0.33240897507
link
2.2160598338
enable
0.1805
bias
0.3999994
node
0.55401495845
disable
0.3999994
done
8
170 171 1.070652027955 18 1
171 1000001 1.2115237891781 19 1
170 1000001 1.2115237891781 17 0
132 1000003 0.26519409772027 15 1
130 1000005 0.28962065492721 16 1
171 171 -0.52876369518113 2192 1
102 1000006 1.7375408185064 2193 1
170 1000004 -1.4597003082369 2194 1
0
12
3
0
175
connections
0.81644187199851
step
0.2849995725
link
2.3326910628529
enable
0.210525684211
bias
0.37999943
node
0.4749992875
disable
0.34295
done
11
170 171 1.306322823086 18 1
107 171 -0.75859666248398 1900 1
138 175 1 1916 1
171 1000001 0.88390518212355 19 1
170 1000001 0.97627175398335 17 0
54 1000002 -0.45332193975646 1915 1
132 1000003 0.33045955475791 15 1
175 1000004 -0.35766254358646 1917 1
138 1000004 -0.35766254358646 1899 0
88 1000004 0.62654499954222 1914 1
130 1000005 0.08841426290376 16 1
0
175
connections
0.85941120772179
step
0.29999910000067
link
2.2160565097102
enable
0.22160565097102
bias
0.3609994585
node
0.49999850000112
disable
0.3258025
done
14
170 171 1.526375875502 18 1
107 171 -0.98394160856743 1900 1
138 175 0.78871794089433 1916 1
171 1000001 0.70292791201298 19 1
170 1000001 1.1241060222322 17 1
54 1000002 -0.55195441463385 1915 1
132 1000003 1.6057008575701 15 1
175 1000004 -0.36578349459511 1917 1
138 1000004 -0.44983121754827 1899 0
88 1000004 0.85291536446781 1914 1
130 1000005 0.23954452028805 16 1
45 1000005 -1.5678579058199 2195 1
97 1000001 -1.1882076479385 2196 1
82 1000004 1.4101382488479 2197 1
0
176
connections
0.85941120772179
step
0.29999910000067
link
2.2160565097102
enable
0.19999940000045
bias
0.3609994585
node
0.451249323125
disable
0.3258025
done
16
170 171 1.0992706167041 18 1
107 171 -0.70788420742542 1900 1
138 175 1.0777761880705 1916 1
171 1000001 0.88988374019419 19 1
170 1000001 0.95820790241619 17 1
54 1000002 -0.53216016877059 1915 1
132 1000003 0.10366803566502 15 1
175 1000004 1.5101168858913 1917 1
138 1000004 -0.45276098566865 1899 0
88 1000004 0.20587786492508 1914 1
130 1000005 -0.089358573325162 16 1
10 1000006 -0.063539536729026 2203 1
152 1000006 1.7537766655477 2204 1
4 1000001 0.059877315591907 2205 0
4 176 1 2206 1
176 1000001 0.059877315591907 2207 1
0
9
2
0
173
connections
0.7368398947385
step
0.3157885263165
link
2.3326910628529
enable
0.171475
bias
0.37999943
node
0.5263142105275
disable
0.37999943
done
11
170 171 0.93033938628614 18 1
123 173 1 1986 1
170 1000001 1.5020045158759 17 0
171 1000001 1.4209154732285 19 0
18 1000001 1.3848689230018 1985 1
123 1000002 0.023743400372326 1984 0
173 1000002 0.023743400372326 1987 1
38 1000003 0.59162775674242 1967 1
132 1000003 0.3713364479699 15 0
130 1000005 0.55664396187174 16 1
75 1000005 -1.2672627508586 1966 1
0
175
connections
0.8164406473357
step
0.315789
link
2.1052536842247
enable
0.18999943000043
bias
0.42105073684495
node
0.58317189095407
disable
0.37999886000085
done
18
170 171 0.79763004595869 18 1
123 173 1.1557446421739 1986 1
110 173 -0.16254158146916 2172 1
170 1000001 1.5857501064916 17 0
18 1000001 1.2731440468365 1985 1
171 1000001 1.4623442255556 19 0
123 1000002 0.2444739616662 1984 0
173 1000002 0.01877195009307 1987 1
44 1000003 -0.79293191320536 2171 1
38 1000003 0.46675554613696 1967 1
132 1000003 0.10365635254708 15 0
75 1000005 -0.97570504525479 1966 1
130 1000005 0.73873820607821 16 1
115 1000004 -0.21430097354045 2198 1
118 1000002 0.50251777703177 2199 0
170 1000006 -1.7471846675008 2200 1
118 175 1 2201 1
175 1000002 0.50251777703177 2202 1
0
0
1
0
175
connections
0.7368398947385
step
0.2849995725
link
1.89999715
enable
0.171475
bias
0.37999943
node
0.5263142105275
disable
0.37999943
done
11
170 171 1.3481854879306 18 1
23 171 1.0242566544474 2165 1
170 1000001 1.3077370607948 17 0
171 1000001 1.5262257616571 19 1
132 1000003 0.43260332683271 15 0
125 1000003 1.3366299166525 2166 1
130 1000005 -0.35724967192602 16 0
8 171 -0.81893368327891 2185 1
30 1000006 0.86068300424207 2186 1
130 175 1 2187 1
175 1000005 -0.35724967192602 2188 1
