150
20000
5
20000
148
4
20000
171
connections
0.736841
step
0.315789
link
2.10526
enable
0.19
bias
0.38
node
0.526315
disable
0.38
done
5
170 171 1 18 1
171 1000001 1.2115237891781 19 1
170 1000001 1.2115237891781 17 0
132 1000003 0.3961912900174 15 0
130 1000005 0.28962065492721 16 1
0
171
connections
0.69999895
step
0.29999955
link
2.2160598338
enable
0.1999997
bias
0.3999994
node
0.49999925
disable
0.3999994
done
7
170 171 1.1388461599475 18 1
171 1000001 1.2115237891781 19 1
170 1000001 1.3078689728385 17 1
132 1000003 0.3961912900174 15 1
130 1000005 0.28962065492721 16 1
66 1000005 0.89413129062777 2906 1
1 1000005 1.5729850154118 2907 1
0
171
connections
0.69999895
step
0.33240897507
link
2.2160598338
enable
0.1805
bias
0.361
node
0.49999925
disable
0.361
done
7
170 171 1 18 1
171 1000001 1.2115237891781 19 1
170 1000001 1.2115237891781 17 0
132 1000003 0.3961912900174 15 0
130 1000005 0.28962065492721 16 1
1000005 171 -0.82955412457656 2916 1
71 1000005 0.98898281807916 2917 0
0
172
connections
0.77562094183
step
0.29999955
link
1.999997
enable
0.1999997
bias
0.3999994
node
0.55401495845
disable
0.3999994
done
9
170 171 1 18 1
171 1000001 1.2115237891781 19 1
170 1000001 1.2115237891781 17 0
132 1000003 0.3961912900174 15 0
130 1000005 0.28962065492721 16 1
6 1000004 0.33307901242103 2918 1
162 1000004 -0.66451002533036 2919 0
162 172 1 2920 1
172 1000004 -0.66451002533036 2921 1
0
11
3
0
174
connections
0.77562094183
step
0.29999955
link
1.999997
enable
0.1805
bias
0.361
node
0.55401495845
disable
0.3999994
done
9
170 171 -1.9329813531907 18 1
109 171 1.7592699972533 2694 0
174 171 1.7592699972533 2697 0
109 174 1 2696 1
171 1000001 -1.469832453383 19 1
170 1000001 1.1079654863109 17 0
132 1000003 0.37322004239174 15 0
130 1000005 0.068157319408246 16 1
67 1000006 -0.4760277108066 2695 1
0
174
connections
0.81644187199851
step
0.315789
link
1.89999715
enable
0.171475
bias
0.34295
node
0.5263142105275
disable
0.421051368422
done
12
170 171 -1.9329813531907 18 1
109 171 1.7592699972533 2694 0
174 171 1.7592699972533 2697 0
109 174 1 2696 1
171 1000001 -1.469832453383 19 1
170 1000001 1.1079654863109 17 0
132 1000003 0.37322004239174 15 0
130 1000005 0.068157319408246 16 1
67 1000006 -0.4760277108066 2695 1
56 174 1.5528427991577 2910 1
44 1000002 -1.2190923795282 2911 0
170 1000004 -1.3862117374187 2912 1
0
175
connections
0.7368398947385
step
0.3157885263165
link
2.10525684211
enable
0.189999715
bias
0.37999943
node
0.5263142105275
disable
0.421051368422
done
12
170 171 -1.8934776705414 18 1
109 171 1.8225009467196 2694 0
174 171 1.4714877411928 2697 0
109 174 0.72547879964216 2696 1
171 1000001 -1.7507914336895 19 1
170 1000001 1.1395086805806 17 0
132 1000003 0.4946994080407 15 0
130 1000005 0.30125699548531 16 1
67 1000006 -0.32503864126101 2695 1
16 1000001 1.7178868984039 2913 1
29 1000003 1.7386394848476 2914 1
170 1000002 0.67708365123447 2915 1
0
6
1
0
172
connections
0.7368398947385
step
0.3157885263165
link
1.89999715
enable
0.210525684211
bias
0.421051368422
node
0.5263142105275
disable
0.37999943
done
12
170 171 0.98482168807101 18 1
29 171 -1.9785242540524 2783 1
111 171 1.0116885891293 2804 1
6 172 1 2806 1
170 1000001 1.2420764773497 17 0
171 1000001 1.2231619632245 19 1
170 1000002 -0.56575212866604 2805 1
132 1000003 0.24822850079214 15 0
6 1000004 1.1756340220344 2803 0
172 1000004 1.1756340220344 2807 1
130 1000005 0.77828841537825 16 1
45 1000006 1.6713862724243 2782 1
0
1
1
0
173
connections
0.69999895
step
0.29999955
link
1.999997
enable
0.1999997
bias
0.361
node
0.55401495845
disable
0.3999994
done
10
170 171 1.1421031225181 18 0
173 171 1.1421031225181 2889 1
170 173 1 2888 0
171 1000001 -1.1061772112751 19 1
170 1000001 1.1325755754372 17 0
60 1000001 -1.2133548997467 2885 1
117 1000003 1.8312936796167 2886 1
132 1000003 0.48632757255013 15 0
170 1000005 1.0091250343333 2887 1
130 1000005 0.43780305541398 16 1
0
0
1
0
171
connections
0.81644187199851
step
0.33240897507
link
1.89999715
enable
0.171475
bias
0.34295
node
0.5263142105275
disable
0.37999943
done
9
170 171 1.1388461599475 18 1
170 1000001 1.3078689728385 17 1
171 1000001 -0.39777825251015 19 1
74 1000002 -1.6578264717551 2892 1
132 1000003 0.4900885716422 15 0
130 1000005 0.3184075973693 16 1
13 1000006 -0.29718924527726 2893 1
149 1000001 -1.4831385235145 2908 1
164 171 0.79500717184973 2909 0
