74
20000
4
20000
72
4
20000
171
connections
0.736841
step
0.315789
link
2.10526
enable
0.19
bias
0.38
node
0.526315
disable
0.38
done
5
170 171 1 18 1
171 1000001 1.2115237891781 19 1
170 1000001 1.2115237891781 17 0
132 1000003 0.3961912900174 15 0
130 1000005 0.28962065492721 16 1
0
172
connections
0.77562094183
step
0.29999955
link
1.999997
enable
0.1999997
bias
0.361
node
0.55401495845
disable
0.361
done
7
170 171 1.1041076352138 18 1
171 1000001 1.3395640036241 19 1
170 1000001 1.1463821284143 17 0
132 1000003 0.58024509273507 15 0
130 1000005 -0.66121402630696 16 1
169 1000001 -1.7700125125889 1391 1
30 1000003 -1.8839075899533 1392 1
0
171
connections
0.69999895
step
0.29999955
link
2.2160598338
enable
0.1805
bias
0.361
node
0.55401495845
disable
0.3999994
done
7
170 171 1 18 1
171 1000001 1.2115237891781 19 1
170 1000001 1.2115237891781 17 1
132 1000003 0.3961912900174 15 0
130 1000005 0.28962065492721 16 1
143 1000003 0.29865413373211 1393 1
106 1000005 1.1419415875729 1394 1
0
172
connections
0.77562094183
step
0.33240897507
link
1.999997
enable
0.1999997
bias
0.361
node
0.55401495845
disable
0.361
done
9
170 171 1.0263658841581 18 0
171 1000001 1.4464631932629 19 1
170 1000001 1.1001922666097 17 0
132 1000003 0.44148704714156 15 0
130 1000005 0.42727309130298 16 1
115 1000006 -0.59138767662587 1403 0
154 1000006 0.094912564470351 1404 1
170 172 1 1405 1
172 171 1.0263658841581 1406 1
0
9
3
0
173
connections
0.7368398947385
step
0.285
link
1.89999715
enable
0.189999715
bias
0.34295
node
0.5263142105275
disable
0.34295
done
13
170 171 1.047317893053 18 0
172 171 1.047317893053 1215 1
170 172 1 1214 1
37 173 1 1235 1
68 1000001 1.0458693197424 1212 1
170 1000001 1.0701164876324 17 0
171 1000001 1.4807424166921 19 0
44 1000001 0.98361156041139 1234 1
16 1000001 0.50556962797937 1233 1
132 1000003 0.35355394438459 15 0
37 1000004 -1.5058442945647 1213 0
173 1000004 -1.5058442945647 1236 1
130 1000005 0.30762960035554 16 1
0
174
connections
0.69999790000157
step
0.29999955
link
1.8049972925
enable
0.18049972925
bias
0.3258025
node
0.49999850000112
disable
0.3258025
done
16
170 171 1.047317893053 18 0
172 171 1.047317893053 1215 1
170 172 1 1214 1
37 173 1 1235 1
68 1000001 1.0458693197424 1212 1
170 1000001 1.0701164876324 17 0
171 1000001 1.4807424166921 19 0
44 1000001 0.98361156041139 1234 1
16 1000001 0.50556962797937 1233 1
132 1000003 0.35355394438459 15 0
37 1000004 -1.5058442945647 1213 0
173 1000004 -1.5058442945647 1236 0
130 1000005 0.30762960035554 16 1
96 1000003 -1.3112582781457 1395 1
41 1000006 -1.3475142674032 1396 1
170 1000003 -0.60579241309854 1397 1
0
173
connections
0.77561977839859
step
0.27075
link
1.9999940000045
enable
0.18049972925
bias
0.3609994585
node
0.55401412742756
disable
0.3609994585
done
15
170 171 1.047317893053 18 1
172 171 1.047317893053 1215 1
170 172 1 1214 1
37 173 1 1235 1
68 1000001 1.0458693197424 1212 1
170 1000001 1.0701164876324 17 0
171 1000001 1.4807424166921 19 0
44 1000001 0.98361156041139 1234 1
16 1000001 0.50556962797937 1233 1
132 1000003 0.35355394438459 15 0
37 1000004 -1.5058442945647 1213 0
173 1000004 -1.5058442945647 1236 1
130 1000005 0.30762960035554 16 1
138 173 -1.6613666188543 1401 1
1000001 1000002 -0.29401532029176 1402 1
0
2
2
0
172
connections
0.7368398947385
step
0.285
link
2.10525684211
enable
0.210525684211
bias
0.37999943
node
0.4749992875
disable
0.37999943
done
11
170 171 1.2755247149312 18 1
143 171 -1.3339640491958 1340 1
130 172 1 1341 1
170 1000001 0.78763886488083 17 0
171 1000001 1.5398850845622 19 1
115 1000001 -1.3842585528123 1339 1
96 1000002 0.25515472884304 1325 1
132 1000003 -1.6801660206915 15 0
100 1000004 -0.99269188512833 1326 1
130 1000005 0.20697511784265 16 0
172 1000005 0.20697511784265 1342 1
0
172
connections
0.69999790000157
step
0.27075
link
1.9999940000045
enable
0.22160565097102
bias
0.3999988000009
node
0.451249323125
disable
0.3999988000009
done
14
170 171 1.2755247149312 18 1
143 171 -1.3339640491958 1340 1
130 172 1 1341 1
170 1000001 0.78763886488083 17 0
171 1000001 1.5398850845622 19 1
115 1000001 -1.3842585528123 1339 1
96 1000002 0.25515472884304 1325 1
132 1000003 -1.6801660206915 15 0
100 1000004 -0.99269188512833 1326 0
130 1000005 0.20697511784265 16 0
172 1000005 0.20697511784265 1342 1
140 1000006 0.5033722952971 1398 1
129 1000003 0.59114352855007 1399 1
170 1000002 0.34540849024934 1400 1
0
1
1
0
172
connections
0.77562094183
step
0.315789
link
2.2160598338
enable
0.1805
bias
0.361
node
0.49999925
disable
0.3999994
done
10
170 171 0.7265577777337 18 1
80 172 1 1366 1
170 1000001 0.98254857475509 17 0
27 1000001 -0.1238441114536 1363 1
171 1000001 0.92208346699423 19 1
80 1000002 1.4947355571154 1365 0
172 1000002 1.4947355571154 1367 1
132 1000003 0.11636910260323 15 0
152 1000005 -0.24445326090274 1364 1
130 1000005 0.071863385265664 16 1
