11
20000
7
20000
9
2
20000
171
connections
0.736841
step
0.315789
link
2.10526
enable
0.19
bias
0.38
node
0.526315
disable
0.38
done
5
170 171 1 18 1
171 1000001 1.2115237891781 19 1
170 1000001 1.2115237891781 17 0
132 1000003 0.3961912900174 15 0
130 1000005 0.28962065492721 16 1
0
171
connections
0.69999895
step
0.33240897507
link
2.2160598338
enable
0.1999997
bias
0.3999994
node
0.49999925
disable
0.3999994
done
7
170 171 1.3164616222818 18 1
171 1000001 1.4823751709157 19 1
170 1000001 1.2969516885606 17 0
132 1000003 0.44615357531113 15 1
130 1000005 0.55462873182634 16 1
47 1000004 0.50117496261483 200 1
119 171 -0.20587786492508 201 1
0
11
1
0
170
connections
0.736841
step
0.285
link
1.9
enable
0.210526
bias
0.421052
node
0.475
disable
0.421052
done
2
1000003 1000002 -1.3870662556841 21 1
122 1000004 -0.29377117221595 20 0
0
11
1
0
170
connections
0.736841
step
0.315789
link
1.9
enable
0.210526
bias
0.421052
node
0.526315
disable
0.421052
done
2
170 1000003 -0.24909207434309 36 1
32 1000006 -0.17023224585711 35 1
0
5
2
0
170
connections
0.69999895
step
0.285
link
1.805
enable
0.22160598338
bias
0.3999994
node
0.49999925
disable
0.44321196676
done
5
170 1000002 -1.4894863734855 136 1
147 1000002 1.206640827662 134 1
170 1000003 -0.26291283913694 36 0
154 1000004 1.7567064424574 135 1
32 1000006 0.087021851252785 35 1
0
170
connections
0.6649990025
step
0.29999955
link
1.71475
enable
0.210525684211
bias
0.37999943
node
0.5263142105275
disable
0.46653821257058
done
7
170 1000002 -1.7400093901379 136 1
147 1000002 1.2820550033067 134 1
170 1000003 -0.36722189621113 36 0
154 1000004 1.7476882364345 135 1
32 1000006 0.12418418449812 35 0
123 1000006 -0.3932615131077 210 1
157 1000005 0.42646565141758 211 1
0
2
2
0
170
connections
0.77562094183
step
0.33240897507
link
1.805
enable
0.22160598338
bias
0.3999994
node
0.49999925
disable
0.44321196676
done
4
152 1000002 -0.14459669789727 177 1
170 1000003 -0.24909207434309 36 1
78 1000005 -0.48384044923246 178 1
32 1000006 -0.17023224585711 35 1
0
171
connections
0.81644187199851
step
0.34990365942793
link
1.71475
enable
0.210525684211
bias
0.37999943
node
0.5263142105275
disable
0.46653821257058
done
7
152 1000002 -0.14459669789727 177 1
170 1000003 -0.24909207434309 36 0
78 1000005 -0.48384044923246 178 1
32 1000006 -0.17023224585711 35 1
135 1000005 1.8090762047182 212 1
170 171 1 213 1
171 1000003 -0.24909207434309 214 1
0
0
1
0
171
connections
0.69999895
step
0.285
link
1.805
enable
0.1999997
bias
0.44321196676
node
0.49999925
disable
0.3999994
done
7
1000003 1000002 -1.4264584795679 21 1
122 1000004 -0.049389782403028 20 0
69 1000001 0.23187963499863 202 0
166 1000002 0.9441816461684 203 1
170 1000006 0.51191747795038 204 1
69 171 1 205 1
171 1000001 0.23187963499863 206 1
0
0
1
0
171
connections
0.7368398947385
step
0.29999955
link
1.71475
enable
0.23326910628529
bias
0.421051368422
node
0.5263142105275
disable
0.421051368422
done
8
170 1000002 -1.3688072124836 136 1
147 1000002 0.97239635954619 134 0
170 1000003 -0.27383539729453 36 0
154 1000004 -1.604602191229 135 1
32 1000006 -0.15707397694479 35 1
58 1000002 1.2966093935972 207 1
147 171 1 208 1
171 1000002 0.97239635954619 209 1
