210
10000
2
10000
203
4
10000
172
connections
0.69999790000157
step
0.29999955
link
1.9999940000045
enable
0.19999940000045
bias
0.3999988000009
node
0.451249323125
disable
0.44321130194205
done
13
7 171 0.63949184228492 24 1
84 172 0.97342146996521 45 1
23 1000002 0.73064019042482 43 1
1000003 1000002 -1.1120258706244 21 1
172 1000003 0.63297497195196 46 1
84 1000003 0.49750961528825 22 0
48 1000004 -1.0716269417402 65 1
170 1000004 0.24382190664541 44 0
122 1000004 -0.41343833385266 20 0
7 1000005 0.92092488415632 23 0
171 1000005 0.90342791108585 25 1
106 1000006 1.3220222972182 42 1
67 1000006 -1.5325785088656 66 1
0
174
connections
0.6649980050015
step
0.3157885263165
link
2.1052536842247
enable
0.18999943000043
bias
0.37999886000085
node
0.47499857500107
disable
0.46653751276326
done
19
7 171 0.63949184228492 24 1
84 172 0.97342146996521 45 1
23 1000002 0.73064019042482 43 1
1000003 1000002 -1.1120258706244 21 1
172 1000003 0.693946548117 46 1
84 1000003 0.49750961528825 22 0
48 1000004 -1.0716269417402 65 0
170 1000004 0.24382190664541 44 0
122 1000004 -0.41343833385266 20 0
7 1000005 0.92092488415632 23 0
171 1000005 0.70496503311607 25 0
106 1000006 1.3220222972182 42 1
67 1000006 -1.5325785088656 66 1
136 1000004 -0.76729636524552 2048 1
11 1000006 -1.8171330912198 2049 1
125 1000005 1.1371807000946 2050 1
170 1000005 -0.63728751487777 2051 1
48 174 1 2052 1
174 1000004 -1.0716269417402 2053 1
0
172
connections
0.6649980050015
step
0.3157885263165
link
2.1052536842247
enable
0.18999943000043
bias
0.37999886000085
node
0.42868685696875
disable
0.42105073684495
done
16
7 171 0.89788004319046 24 1
84 172 0.75666681603338 45 1
23 1000002 0.55842957679679 43 1
1000003 1000002 -1.1908501254156 21 1
172 1000003 0.81962240348893 46 1
84 1000003 0.58520027360161 22 0
48 1000004 -1.3513137858892 65 1
170 1000004 1.3867000335704 44 0
122 1000004 -0.55978217894424 20 0
7 1000005 1.1027343433366 23 0
171 1000005 1.1555903547356 25 1
106 1000006 1.0122282306743 42 1
67 1000006 -1.409383686883 66 1
109 1000005 -1.8001647999512 2054 1
152 1000002 1.411358989227 2055 1
170 1000001 1.3818170720542 2056 1
0
172
connections
0.73683878947866
step
0.3157885263165
link
2.1052536842247
enable
0.18999943000043
bias
0.37999886000085
node
0.47499857500107
disable
0.42105073684495
done
16
7 171 0.58100249122395 24 1
84 172 0.90768479776437 45 1
23 1000002 0.73076547656154 43 1
1000003 1000002 -0.86624338255258 21 1
172 1000003 0.74766961142743 46 1
84 1000003 0.55189343602265 22 0
48 1000004 -0.76948496693171 65 1
170 1000004 0.23286418837941 44 0
122 1000004 -0.63620672234736 20 0
7 1000005 0.94296560682503 23 1
171 1000005 0.65257615317416 25 1
106 1000006 1.4861953233055 42 1
67 1000006 -1.7049470503861 66 1
159 1000002 1.0767540513321 2057 1
24 1000006 -0.65779595324564 2058 1
170 1000001 0.42841883602405 2059 1
0
2
1
0
174
connections
0.81643942267473
step
0.31578805263371
link
2.1052505263442
enable
0.21052505263442
bias
0.37999829000256
node
0.52631263158605
disable
0.46653681295699
done
26
7 171 1.1575522470185 24 1
128 172 -1.3839507656875 2005 1
84 172 0.67216954882858 45 1
1000003 173 -0.13351619031927 2009 1
5 174 1 2028 1
124 1000001 1.5157322916349 2025 1
63 1000001 -1.6018769320012 2006 1
23 1000002 0.86280220114315 43 1
5 1000002 -1.2141995993517 2020 1
174 1000002 -1.2141995993517 2029 1
1000003 1000002 -0.988934345428 21 1
154 1000002 0.48774681844539 2026 1
173 1000002 -0.79932204876767 2010 1
84 1000003 0.49333934694143 22 0
170 1000003 -0.017517624439222 2027 1
172 1000003 -1.2357007441758 46 1
122 1000004 0.33710745567187 20 1
48 1000004 -0.74350889831182 65 1
29 1000004 0.53177718676632 2007 1
170 1000004 0.2904644036379 44 1
7 1000005 0.80670952443091 23 0
170 1000005 -0.74757440185703 2008 1
171 1000005 0.44617463956515 25 1
154 1000006 -0.43524448121555 2021 1
67 1000006 -1.9658192693869 66 1
106 1000006 1.5088521236813 42 1
