97
20000
6
20000
95
2
20000
171
connections
0.736841
step
0.315789
link
2.10526
enable
0.19
bias
0.38
node
0.526315
disable
0.38
done
5
170 171 1 18 1
171 1000001 1.2115237891781 19 1
170 1000001 1.2115237891781 17 0
132 1000003 0.3961912900174 15 0
130 1000005 0.28962065492721 16 1
0
171
connections
0.69999895
step
0.29999955
link
2.2160598338
enable
0.1805
bias
0.3999994
node
0.55401495845
disable
0.361
done
7
170 171 1 18 1
171 1000001 1.2115237891781 19 1
170 1000001 1.2115237891781 17 0
132 1000003 0.3961912900174 15 0
130 1000005 0.28962065492721 16 1
152 1000006 0.41364787743767 1836 1
35 1000001 0.36054567094943 1837 1
0
10
2
0
173
connections
0.85941120772179
step
0.33240847645654
link
1.9999940000045
enable
0.18049972925
bias
0.44321130194205
node
0.49999850000112
disable
0.3999988000009
done
12
170 171 0.56481626675378 18 1
6 171 -0.11151463362529 1642 1
171 1000001 0.75820467512092 19 0
170 1000001 -1.6940824610126 17 0
89 1000002 0.07432380058743 1610 0
132 1000003 0.89601660988125 15 0
98 1000005 1.8205978888207 1611 1
130 1000005 0.25983561935065 16 1
51 1000005 0.50898770104068 1643 1
83 1000006 -2.1007109181984 1631 1
93 1000006 0.91329691457869 1632 1
170 1000006 -0.34662923062838 1644 1
0
174
connections
0.8164406473357
step
0.31578805263371
link
1.8999943000043
enable
0.1714747427875
bias
0.42105073684495
node
0.47499857500107
disable
0.42105073684495
done
16
170 171 -0.74190496536149 18 1
6 171 -0.31531632279565 1642 1
171 1000001 0.84209807391166 19 0
170 1000001 -1.4493026292049 17 0
89 1000002 -0.21085593101705 1610 0
132 1000003 0.93804522701238 15 0
98 1000005 1.5939363326852 1611 1
130 1000005 -0.00022909821033229 16 1
51 1000005 0.62994646591405 1643 1
83 1000006 -1.9650455104124 1631 1
93 1000006 0.70945667588563 1632 0
170 1000006 -0.1520216026236 1644 1
76 1000006 1.8609576708274 1838 1
16 1000003 -0.065126499221778 1839 1
93 174 1 1840 1
174 1000006 0.70945667588563 1841 1
0
9
2
0
172
connections
0.7368398947385
step
0.315789
link
2.10525684211
enable
0.189999715
bias
0.421051368422
node
0.4749992875
disable
0.37999943
done
11
170 171 1.0110541087985 18 1
5 171 -1.5532090212714 1649 1
62 171 -1.0486770226142 1665 1
137 172 1 1667 1
170 1000001 1.0953448165838 17 0
171 1000001 0.91283155378887 19 1
137 1000002 -0.60615863521226 1666 0
172 1000002 -0.60615863521226 1668 1
34 1000002 -0.1270180364391 1650 1
132 1000003 0.59027908172857 15 0
130 1000005 0.1888615376751 16 1
0
173
connections
0.69999790000157
step
0.29999955
link
2.2160565097102
enable
0.18049972925
bias
0.3999988000009
node
0.49999850000112
disable
0.3609994585
done
16
170 171 1.2946835548708 18 1
5 171 -1.7060424356258 1649 1
62 171 -0.98291278519089 1665 1
137 172 1.0260841309229 1667 1
170 1000001 1.3704229891278 17 0
171 1000001 1.0940288283044 19 0
137 1000002 -0.57604606708121 1666 0
172 1000002 -0.74225572407453 1668 0
34 1000002 0.12438391196783 1650 1
132 1000003 0.36731423779565 15 0
130 1000005 0.42013961111942 16 1
46 1000001 -1.9763176366466 1842 1
101 171 -0.12262337107456 1843 1
170 172 1.4246650593585 1844 1
171 173 1 1845 1
173 1000001 1.0940288283044 1846 1
0
2
2
0
173
connections
0.81644187199851
step
0.34990365942793
link
2.3326910628529
enable
0.171475
bias
0.34295
node
0.4749992875
disable
0.37999943
done
11
170 171 1.3422841658265 18 0
131 173 1 1792 1
171 1000001 -0.4939510964743 19 1
170 1000001 -0.043069908729386 17 0
45 1000002 -1.8364207892087 1790 1
132 1000003 0.26868486838934 15 1
48 1000003 0.56416516617328 1791 1
130 1000005 0.45065130313166 16 1
131 1000006 0.69842054640282 1777 1
33 1000006 1.5213476973785 1776 1
173 1000006 0.69842054640282 1793 1
0
174
connections
0.85941120772179
step
0.33240847645654
link
2.4554605934908
enable
0.18049972925
bias
0.3609994585
node
0.49999850000112
disable
0.3609994585
done
16
170 171 1.1515959083737 18 0
131 173 1.1502518370555 1792 0
171 1000001 -0.27337681431254 19 1
170 1000001 -0.34504455147 17 0
45 1000002 -1.5319911505483 1790 1
132 1000003 0.40309082269009 15 1
48 1000003 0.33679399448163 1791 1
130 1000005 0.48523428284418 16 1
131 1000006 1.0131773993041 1777 1
33 1000006 1.8066851776877 1776 1
173 1000006 0.74193078400535 1793 1
125 1000001 -0.11236915189062 1847 1
58 1000006 -0.47566148869289 1848 1
170 1000004 0.67073580126347 1849 1
131 174 1 1850 1
174 173 1.1502518370555 1851 1
0
0
1
0
172
connections
0.69999895
step
0.285
link
1.999997
enable
0.1999997
bias
0.3999994
node
0.55401495845
disable
0.3999994
done
10
170 171 1.0062537003693 18 1
171 1000001 1.452739188818 19 1
170 1000001 1.3858880886258 17 0
132 1000003 0.41356074709311 15 0
130 1000005 0.047204962309641 16 0
39 1000002 -1.9958494827113 1831 1
87 171 -0.78145695364238 1832 1
170 1000002 -0.84432508316294 1833 1
130 172 1 1834 1
172 1000005 0.047204962309641 1835 1
0
0
1
0
172
connections
0.77562094183
step
0.29999955
link
2.2160598338
enable
0.1999997
bias
0.3999994
node
0.55401495845
disable
0.361
done
10
170 171 1.1361886442534 18 1
171 1000001 1.1378491659642 19 0
170 1000001 1.5010310913587 17 0
132 1000003 0.35446949829554 15 0
130 1000005 0.2726920631138 16 1
171 171 1.1879634998627 1852 1
133 1000004 -1.7087313455611 1853 1
170 1000002 0.65413373210852 1854 1
171 172 1 1855 1
172 1000001 1.1378491659642 1856 1
