196
10000
2
10000
189
4
10000
172
connections
0.69999790000157
step
0.29999955
link
1.9999940000045
enable
0.19999940000045
bias
0.3999988000009
node
0.451249323125
disable
0.44321130194205
done
13
7 171 0.63949184228492 24 1
84 172 0.97342146996521 45 1
23 1000002 0.73064019042482 43 1
1000003 1000002 -1.1120258706244 21 1
172 1000003 0.63297497195196 46 1
84 1000003 0.49750961528825 22 0
48 1000004 -1.0716269417402 65 1
170 1000004 0.24382190664541 44 0
122 1000004 -0.41343833385266 20 0
7 1000005 0.92092488415632 23 0
171 1000005 0.90342791108585 25 1
106 1000006 1.3220222972182 42 1
67 1000006 -1.5325785088656 66 1
0
173
connections
0.73683878947866
step
0.3157885263165
link
2.1052536842247
enable
0.21052536842247
bias
0.37999886000085
node
0.42868685696875
disable
0.42105073684495
done
15
7 171 1.6159550767541 24 1
84 172 1.1374017481498 45 1
23 1000002 0.65179666084337 43 1
1000003 1000002 -1.289596913346 21 1
172 1000003 0.90979822588734 46 1
84 1000003 0.13438345404409 22 1
48 1000004 -1.3194359802372 65 1
170 1000004 -0.025418001179664 44 0
122 1000004 -0.10030972859281 20 0
7 1000005 0.96977684008449 23 0
171 1000005 1.1803584602269 25 1
106 1000006 1.4769603140516 42 1
67 1000006 -1.5284363708026 66 1
7 1000006 1.2734153263955 1909 1
155 1000005 0.29303872798853 1910 1
0
174
connections
0.73683878947866
step
0.2849995725
link
1.8999943000043
enable
0.18999943000043
bias
0.37999886000085
node
0.42868685696875
disable
0.42105073684495
done
17
7 171 1.085781716455 24 1
84 172 1.0485674117676 45 1
23 1000002 0.80882437442709 43 1
1000003 1000002 -0.96599914182096 21 1
172 1000003 0.40016197237594 46 1
84 1000003 0.67025586942877 22 0
48 1000004 -1.190168742137 65 1
170 1000004 0.01156556384724 44 0
122 1000004 -0.3823090431035 20 0
7 1000005 1.1890334025533 23 0
171 1000005 1.1284615358583 25 0
106 1000006 1.3738522618939 42 1
67 1000006 -1.6244798305154 66 1
51 1000003 -0.60493789483322 1911 1
93 1000006 -1.9633777886288 1912 1
171 174 1 1913 1
174 1000005 1.1284615358583 1914 1
0
173
connections
0.73683878947866
step
0.285
link
2.1052536842247
enable
0.18999943000043
bias
0.37999886000085
node
0.47499857500107
disable
0.42105073684495
done
17
7 171 0.7421690785287 24 0
84 172 1.1203007997787 45 1
23 1000002 0.48601526290628 43 1
1000003 1000002 -1.2759354442808 21 1
172 1000003 0.61050861860866 46 1
84 1000003 0.24394337486343 22 0
48 1000004 -1.3350216681417 65 1
170 1000004 0.51542733283639 44 0
122 1000004 1.8299508651997 20 0
7 1000005 1.0998120267083 23 0
171 1000005 1.0584657540376 25 1
106 1000006 1.4311184915601 42 1
67 1000006 -1.279064455092 66 1
157 1000005 1.3930478835414 1915 1
8 171 -1.3786431470687 1916 1
7 173 1 1917 1
173 171 0.7421690785287 1918 1
0
5
1
0
174
connections
0.66499700750449
step
0.33240897507
link
2.1052505263442
enable
0.17147448557539
bias
0.37999829000256
node
0.3868898884143
disable
0.42105010526884
done
22
7 171 1.191453396213 24 1
53 172 -1.759941061481 1852 1
84 172 0.96348081379025 45 1
106 173 0.75453047365432 1839 1
32 173 -0.96395764030885 1872 1
167 1000001 0.41178266626408 1837 1
1000003 1000002 -1.286289887923 21 1
23 1000002 -0.69502853480636 43 1
108 1000003 -1.8727891741061 1851 1
170 1000003 1.0547913133911 1838 1
84 1000003 0.3925022339246 22 0
172 1000003 0.83416979782623 46 1
48 1000004 -1.3056909502288 65 1
170 1000004 0.61906470830147 44 0
122 1000004 -0.43052412232124 20 0
7 1000005 1.2018856255983 23 0
171 1000005 -1.3499557481613 25 1
117 1000005 1.7968688009278 1871 1
41 1000005 1.4628166030525 1836 1
106 1000006 1.0643234354862 42 0
173 1000006 1.6220344195082 1840 1
67 1000006 -1.5567907619655 66 1
