217
10000
2
10000
210
3
10000
172
connections
0.69999790000157
step
0.29999955
link
1.9999940000045
enable
0.19999940000045
bias
0.3999988000009
node
0.451249323125
disable
0.44321130194205
done
13
7 171 0.63949184228492 24 1
84 172 0.97342146996521 45 1
23 1000002 0.73064019042482 43 1
1000003 1000002 -1.1120258706244 21 1
172 1000003 0.63297497195196 46 1
84 1000003 0.49750961528825 22 0
122 1000004 -0.41343833385266 20 0
170 1000004 0.24382190664541 44 0
48 1000004 -1.0716269417402 65 1
7 1000005 0.92092488415632 23 0
171 1000005 0.90342791108585 25 1
106 1000006 1.3220222972182 42 1
67 1000006 -1.5325785088656 66 1
0
174
connections
0.73683878947866
step
0.2849995725
link
1.8999943000043
enable
0.21052536842247
bias
0.37999886000085
node
0.42868685696875
disable
0.46653751276326
done
16
7 171 0.61151177728202 24 1
84 172 0.97342146996521 45 0
23 1000002 -0.87125762884152 43 1
1000003 1000002 -1.1120258706244 21 1
172 1000003 0.63297497195196 46 0
84 1000003 0.49750961528825 22 0
122 1000004 -0.41343833385266 20 0
170 1000004 0.24382190664541 44 0
48 1000004 -1.0716269417402 65 1
7 1000005 0.92092488415632 23 0
171 1000005 0.90342791108585 25 1
106 1000006 1.3799108602802 42 1
67 1000006 -1.1605497938978 66 1
122 171 0.75045014801477 2115 1
172 174 1 2116 1
174 1000003 0.63297497195196 2117 1
0
173
connections
0.73683878947866
step
0.2849995725
link
2.1052536842247
enable
0.21052536842247
bias
0.37999886000085
node
0.47499857500107
disable
0.46653751276326
done
15
7 171 0.61091969360904 24 1
84 172 1.2525413552491 45 1
23 1000002 0.52666897015145 43 1
1000003 1000002 -0.88243104304537 21 1
172 1000003 1.0348601273808 46 1
84 1000003 0.63433411173276 22 0
122 1000004 -0.20699694912755 20 0
170 1000004 0.2994267000959 44 0
48 1000004 -1.4070414142496 65 1
7 1000005 0.71149146925024 23 0
171 1000005 1.4557158422391 25 1
106 1000006 1.5988285777692 42 1
67 1000006 -1.7079989013337 66 1
83 172 1.3591113010041 2118 1
46 1000003 -1.4775231177709 2119 1
0
9
2
0
174
connections
0.81643942267473
step
0.31578805263371
link
2.1052505263442
enable
0.21052505263442
bias
0.37999829000256
node
0.52631263158605
disable
0.46653681295699
done
26
7 171 1.1575522470185 24 1
84 172 0.67216954882858 45 1
128 172 -1.3839507656875 2005 1
1000003 173 -0.13351619031927 2009 1
5 174 1 2028 1
124 1000001 1.5157322916349 2025 1
63 1000001 -1.6018769320012 2006 1
173 1000002 -0.79932204876767 2010 1
23 1000002 0.86280220114315 43 1
174 1000002 -1.2141995993517 2029 1
5 1000002 -1.2141995993517 2020 1
1000003 1000002 -0.988934345428 21 1
154 1000002 0.48774681844539 2026 1
172 1000003 -1.2357007441758 46 1
170 1000003 -0.017517624439222 2027 1
84 1000003 0.49333934694143 22 0
170 1000004 0.2904644036379 44 1
48 1000004 -0.74350889831182 65 1
29 1000004 0.53177718676632 2007 1
122 1000004 0.33710745567187 20 1
171 1000005 0.44617463956515 25 1
170 1000005 -0.74757440185703 2008 1
7 1000005 0.80670952443091 23 0
154 1000006 -0.43524448121555 2021 1
67 1000006 -1.9658192693869 66 1
106 1000006 1.5088521236813 42 1
0
175
connections
0.8594086294901
step
0.285
link
1.999988000027
enable
0.22160498615457
bias
0.36099837550244
node
0.49999700000675
disable
0.44320997230914
done
30
7 171 1.0710702681984 24 1
84 172 0.91778602271999 45 1
128 172 0.57661671803949 2005 1
1000003 173 -0.027185888491209 2009 1
5 174 0.84388363292337 2028 1
124 1000001 1.4949707022309 2025 1
63 1000001 0.57197790459914 2006 1
173 1000002 -0.99377820892881 2010 1
23 1000002 0.91301445737656 43 1
174 1000002 -1.1506623515109 2029 1
5 1000002 -1.9953611865596 2020 1
1000003 1000002 -0.83617531957882 21 1
154 1000002 1.2187261574145 2026 1
172 1000003 -1.2012140655052 46 1
170 1000003 -0.27042283394879 2027 1
84 1000003 0.50975204874507 22 0
170 1000004 0.4607407487412 44 1
48 1000004 -0.6192611795704 65 1
29 1000004 0.46782244571588 2007 1
122 1000004 0.55516937772759 20 1
171 1000005 0.49214238150063 25 1
170 1000005 0.11517685476241 2008 0
7 1000005 0.61550633219482 23 0
154 1000006 -0.24953828290627 2021 1
67 1000006 -2.0179972228156 66 1
106 1000006 1.7466405998921 42 1
22 172 0.65718558305612 2120 1
104 1000005 -0.58943449201941 2121 1
170 175 1 2122 1
175 1000005 0.11517685476241 2123 1
