138
20000
3
20000
136
4
20000
171
connections
0.736841
step
0.315789
link
2.10526
enable
0.19
bias
0.38
node
0.526315
disable
0.38
done
5
170 171 1 18 1
171 1000001 1.2115237891781 19 1
170 1000001 1.2115237891781 17 0
132 1000003 0.3961912900174 15 0
130 1000005 0.28962065492721 16 1
0
172
connections
0.81644187199851
step
0.2849995725
link
1.89999715
enable
0.189999715
bias
0.34295
node
0.4749992875
disable
0.37999943
done
9
170 171 0.98737954711455 18 1
170 1000001 0.94868611464652 17 0
171 1000001 1.2845241069366 19 0
169 1000001 1.3465091701835 2659 0
132 1000003 0.6187409302517 15 1
130 1000005 0.28397580728927 16 1
103 1000006 0.064249878325373 2660 1
69 1000001 -0.13275551622059 2674 1
116 1000006 -0.61812189092685 2675 1
0
173
connections
0.77562094183
step
0.29999955
link
2.2160598338
enable
0.1805
bias
0.361
node
0.55401495845
disable
0.361
done
8
170 171 1 18 1
171 1000001 1.2115237891781 19 1
170 1000001 1.2115237891781 17 1
132 1000003 0.3961912900174 15 0
130 1000005 0.28962065492721 16 1
7 1000001 1.9970702230903 2676 1
79 1000003 0.89645069734794 2677 1
170 1000002 -1.3660695211646 2678 1
0
171
connections
0.69999895
step
0.285
link
1.999997
enable
0.1999997
bias
0.3999994
node
0.49999925
disable
0.3999994
done
8
170 171 0.36103396710105 18 1
171 1000001 1.2066443372906 19 1
170 1000001 1.4602540665914 17 0
132 1000003 0.53778237250893 15 0
130 1000005 0.30879924924467 16 1
134 1000006 1.660512100589 2679 1
132 1000002 -1.6717429120762 2680 1
170 1000005 0.95760979033784 2681 1
0
12
3
0
172
connections
0.7368398947385
step
0.285
link
1.89999715
enable
0.189999715
bias
0.34295
node
0.5263142105275
disable
0.37999943
done
10
170 171 1.1826862418821 18 1
152 172 1 2451 1
171 1000001 0.91047123001812 19 1
170 1000001 1.1028778954436 17 0
38 1000001 -0.037171544541765 2450 1
132 1000003 0.82332667012543 15 0
130 1000005 0.55033748023167 16 1
161 1000006 0.85765541550951 2423 1
152 1000006 -0.94525391399884 2424 0
172 1000006 -0.94525391399884 2452 1
0
172
connections
0.77561977839859
step
0.315789
link
1.9999940000045
enable
0.18049972925
bias
0.3609994585
node
0.55401412742756
disable
0.3609994585
done
12
170 171 1.1241775282678 18 1
152 172 1.1617639199499 2451 1
171 1000001 0.92601637168504 19 1
170 1000001 1.4107449447615 17 0
38 1000001 0.26576115106662 2450 1
132 1000003 0.84970426017029 15 0
130 1000005 0.24326069850005 16 1
161 1000006 0.84677478008362 2423 1
152 1000006 -1.1191416952116 2424 0
172 1000006 -1.0029145355693 2452 1
1000004 1000006 -0.50849940488907 2682 1
165 1000002 1.7874691000092 2683 1
0
173
connections
0.77561977839859
step
0.27075
link
1.9999940000045
enable
0.19999940000045
bias
0.3258025
node
0.49999850000112
disable
0.3999988000009
done
14
170 171 1.1120137741554 18 0
152 172 0.75977310251167 2451 1
171 1000001 0.92794723484004 19 1
170 1000001 1.1771364558855 17 0
38 1000001 -0.0048388698995942 2450 1
132 1000003 1.0450942793054 15 0
130 1000005 0.49787896359142 16 1
161 1000006 -0.17487105929746 2423 1
152 1000006 -1.0973845637379 2424 0
172 1000006 -1.1820930280465 2452 1
14 1000001 1.8276314584796 2684 1
93 1000005 1.1166722617267 2685 1
170 173 1 2686 1
173 171 1.1120137741554 2687 1
0
8
3
0
174
connections
0.81644187199851
step
0.3157885263165
link
2.3326910628529
enable
0.171475
bias
0.421051368422
node
0.5263142105275
disable
0.37999943
done
11
170 171 1.3010392539127 18 1
59 171 0.27497548786369 2504 1
171 173 0.91784120649287 2506 1
173 1000001 1.1837452657861 2507 1
1 1000001 0.057606263943219 2505 1
170 1000001 0.94582281772288 17 0
1000006 1000001 0.16779076509903 2518 1
171 1000001 1.1403455393465 19 1
132 1000003 0.11470986144838 15 0
130 1000005 0.36043572713171 16 1
131 1000006 -0.82320627460555 2519 1
0
174
connections
0.73683878947866
step
0.28499914500064
link
2.5846914845263
enable
0.1714747427875
bias
0.46653751276326
node
0.52631342105618
disable
0.37999886000085
done
18
170 171 1.5018963740488 18 1
71 171 -0.85424440385049 2669 1
59 171 0.51229357225783 2504 1
92 173 -0.029358806115909 2667 1
171 173 1.1446350144671 2506 1
1 1000001 -0.14761712624478 2505 1
173 1000001 1.0889832892615 2507 1
1000006 1000001 -0.028595711995894 2518 1
171 1000001 1.2659845252022 19 1
170 1000001 0.99497379792854 17 0
170 1000003 2.014590416264 2670 1
132 1000003 -0.13708127746039 15 0
130 1000005 0.10495674260143 16 1
76 1000005 -0.038830869376367 2668 1
131 1000006 -0.9449834598576 2519 1
160 1000003 1.0544145023957 2688 1
121 1000006 -1.0966521195105 2689 1
1000006 1000003 1.0466017639698 2690 1
0
174
connections
0.77561977839859
step
0.33240847645654
link
2.2160565097102
enable
0.16290125
bias
0.3999988000009
node
0.49999850000112
disable
0.3999988000009
done
14
170 171 1.3883742120662 18 1
59 171 0.58699329573056 2504 1
171 173 1.1649943700999 2506 1
173 1000001 1.4187451851293 2507 1
1 1000001 0.02371311779492 2505 1
170 1000001 1.1605943822561 17 0
1000006 1000001 0.43332596427045 2518 1
171 1000001 0.95180793947639 19 1
132 1000003 0.36941061581693 15 1
130 1000005 0.36328636288977 16 1
131 1000006 -0.43733024079104 2519 1
71 1000004 1.7725760673849 2691 1
158 1000006 -0.72872096926786 2692 1
170 1000006 -1.4224677266762 2693 1
