2
20000
8
0
2
2
0
170
connections
0.665
step
0.285
link
1.9
enable
0.210526
bias
0.38
node
0.526315
disable
0.421052
done
3
108 1000001 -0.93514816736351 12 1
148 1000003 -0.49653614917447 13 0
170 1000003 -1.9648426770837 14 1
0
170
connections
0.69999895
step
0.285
link
1.805
enable
0.1999997
bias
0.3999994
node
0.49999925
disable
0.3999994
done
5
108 1000001 -1.8456984160894 12 1
148 1000003 -0.6736489455855 13 0
170 1000003 -2.162343058565 14 1
156 1000006 -1.2173833429975 63 0
114 1000005 1.6365855891598 64 1
20000
0
2
20000
171
connections
0.736841
step
0.315789
link
2.10526
enable
0.19
bias
0.38
node
0.526315
disable
0.38
done
5
170 171 1 18 1
171 1000001 1.2115237891781 19 1
170 1000001 1.2115237891781 17 0
132 1000003 0.3961912900174 15 0
130 1000005 0.28962065492721 16 1
0
171
connections
0.77562094183
step
0.315789
link
1.999997
enable
0.1805
bias
0.361
node
0.55401495845
disable
0.3999994
done
7
170 171 1.0540369555651 18 1
171 1000001 1.3277413114109 19 1
170 1000001 -0.25800347911008 17 0
132 1000003 0.084931872524186 15 1
130 1000005 0.40620136112552 16 1
103 1000003 -1.1106906338694 56 1
1 1000001 -1.6710104678488 57 1
0
2
1
0
170
connections
0.736841
step
0.285
link
1.9
enable
0.210526
bias
0.421052
node
0.475
disable
0.421052
done
2
1000003 1000002 -1.3870662556841 21 1
122 1000004 -0.29377117221595 20 0
0
2
1
0
170
connections
0.736841
step
0.315789
link
1.9
enable
0.210526
bias
0.421052
node
0.526315
disable
0.421052
done
2
170 1000003 -0.24909207434309 36 1
32 1000006 -0.17023224585711 35 1
0
1
1
0
171
connections
0.69999895
step
0.27075
link
1.999997
enable
0.22160598338
bias
0.44321196676
node
0.49999925
disable
0.44321196676
done
5
1000003 1000002 -1.3870662556841 21 1
122 1000004 -0.29377117221595 20 0
170 1000004 0.19220557267983 51 1
26 1000005 -0.390331736198 49 1
25 1000006 -1.7353434858242 50 1
0
0
1
0
171
connections
0.69999895
step
0.315789
link
1.999997
enable
0.1999997
bias
0.3999994
node
0.49999925
disable
0.44321196676
done
7
108 1000001 -0.90836580611591 12 1
148 1000003 -1.7847834711753 13 0
170 1000003 -1.9492589857784 14 1
17 1000004 1.5661488692892 52 1
26 1000003 1.7265541550951 53 0
26 171 1 54 1
171 1000003 1.7265541550951 55 0
0
0
1
0
171
connections
0.77562094183
step
0.29999955
link
1.999997
enable
0.1999997
bias
0.44321196676
node
0.49999925
disable
0.44321196676
done
7
1000003 1000002 -1.1183237162038 21 1
122 1000004 -0.4287879074633 20 0
1000001 1000005 -0.8310190130314 58 1
65 1000002 -1.1254615924558 59 1
170 1000005 1.6091189306314 60 0
170 171 1 61 0
171 1000005 1.6091189306314 62 1
0
0
1
0
171
connections
0.69999895
step
0.27075
link
1.805
enable
0.1999997
bias
0.44321196676
node
0.45125
disable
0.3999994
done
6
1000003 1000002 -1.619410359508 21 1
122 1000004 -0.48010752433851 20 0
80 1000005 0.78939176610614 65 1
121 1000001 1.3428754539628 66 0
121 171 1 67 1
171 1000001 1.3428754539628 68 0
