72
20000
5
20000
70
2
20000
171
connections
0.736841
step
0.315789
link
2.10526
enable
0.19
bias
0.38
node
0.526315
disable
0.38
done
5
170 171 1 18 1
171 1000001 1.2115237891781 19 1
170 1000001 1.2115237891781 17 0
132 1000003 0.3961912900174 15 0
130 1000005 0.28962065492721 16 1
0
171
connections
0.69999895
step
0.29999955
link
1.999997
enable
0.1999997
bias
0.3999994
node
0.49999925
disable
0.361
done
8
170 171 0.93302723141423 18 1
171 1000001 1.2651844038987 19 1
170 1000001 1.2616869879589 17 0
132 1000003 0.2529162584933 15 0
130 1000005 0.30654924674062 16 1
147 171 1.9431134983367 1343 1
62 171 -1.2137211218604 1344 0
170 1000006 -0.30304879909665 1345 1
0
13
4
0
172
connections
0.69999895
step
0.29999955
link
2.2160598338
enable
0.1805
bias
0.361
node
0.49999925
disable
0.3999994
done
9
170 171 1.7947935422834 18 1
6 171 -0.071474349192785 1110 0
172 171 -0.071474349192785 1112 1
6 172 1 1111 1
170 1000001 1.4186312393735 17 0
171 1000001 1.0117590813486 19 0
132 1000003 0.34377582861568 15 0
130 1000004 0.62630085146641 1109 1
130 1000005 -0.24331794049771 16 1
0
173
connections
0.6649990025
step
0.2849995725
link
2.3326910628529
enable
0.171475
bias
0.37999943
node
0.4749992875
disable
0.37999943
done
12
170 171 1.8785442940642 18 1
6 171 0.19684291549585 1110 0
172 171 0.042753361175649 1112 1
6 172 0.85007667375156 1111 1
170 1000001 1.3913637550207 17 0
171 1000001 1.1837225368953 19 0
132 1000003 0.13623852585917 15 0
130 1000004 0.39627113577967 1109 1
130 1000005 0.39521469771416 16 1
72 172 -0.81832331308939 1350 0
9 1000006 -0.86605426190985 1351 1
110 1000004 -0.48921170690024 1352 1
0
173
connections
0.6649990025
step
0.3157885263165
link
2.10525684211
enable
0.171475
bias
0.34295
node
0.5263142105275
disable
0.37999943
done
11
170 171 1.5913577684251 18 1
6 171 0.0392882330685 1110 0
172 171 0.11920151350969 1112 1
6 172 1.2007565780114 1111 1
170 1000001 1.2128439411027 17 0
171 1000001 0.78596455078221 19 0
132 1000003 0.24207239777923 15 0
130 1000004 0.37558401708659 1109 1
130 1000005 1.5248878444777 16 1
85 1000006 -0.65926084170049 1353 1
49 1000002 1.1947996459853 1354 1
0
172
connections
0.7368398947385
step
0.3157885263165
link
2.10525684211
enable
0.189999715
bias
0.34295
node
0.4749992875
disable
0.37999943
done
12
170 171 1.7947935422834 18 1
6 171 -0.071474349192785 1110 0
172 171 -0.071474349192785 1112 1
6 172 1 1111 1
170 1000001 1.4186312393735 17 0
171 1000001 1.0117590813486 19 0
132 1000003 0.34377582861568 15 0
130 1000004 0.62630085146641 1109 1
130 1000005 -0.24331794049771 16 1
40 1000005 -0.30487990966521 1360 1
22 1000001 -1.5439313943907 1361 1
170 1000002 -0.78365428632466 1362 1
0
7
2
0
173
connections
0.7368398947385
step
0.285
link
1.89999715
enable
0.189999715
bias
0.34295
node
0.5263142105275
disable
0.34295
done
13
170 171 1.047317893053 18 0
172 171 1.047317893053 1215 1
170 172 1 1214 1
37 173 1 1235 1
68 1000001 1.0458693197424 1212 1
170 1000001 1.0701164876324 17 0
171 1000001 1.4807424166921 19 0
44 1000001 0.98361156041139 1234 1
16 1000001 0.50556962797937 1233 1
132 1000003 0.35355394438459 15 0
37 1000004 -1.5058442945647 1213 0
173 1000004 -1.5058442945647 1236 1
130 1000005 0.30762960035554 16 1
0
174
connections
0.69999790000157
step
0.29999955
link
1.8049972925
enable
0.19999940000045
bias
0.3609994585
node
0.55401412742756
disable
0.3258025
done
18
170 171 0.95789574257078 18 0
172 171 1.1510043734677 1215 1
170 172 0.7197214812418 1214 1
37 173 1.421491134373 1235 1
68 1000001 0.85742085825221 1212 1
170 1000001 1.2138492961119 17 0
171 1000001 1.7213049714652 19 0
44 1000001 1.0173130998733 1234 1
16 1000001 0.61793555946989 1233 1
132 1000003 0.17321729054537 15 0
37 1000004 -1.5490492836222 1213 0
173 1000004 -1.3767786597385 1236 1
130 1000005 0.19636233355815 16 1
58 1000004 -1.4388256477554 1355 1
111 1000001 -0.10113834040345 1356 1
170 1000005 1.6802880947295 1357 0
170 174 1 1358 1
174 1000005 1.6802880947295 1359 1
0
0
1
0
172
connections
0.7368398947385
step
0.285
link
2.10525684211
enable
0.210525684211
bias
0.37999943
node
0.4749992875
disable
0.37999943
done
11
170 171 1.2755247149312 18 1
170 1000001 0.78763886488083 17 0
171 1000001 1.5398850845622 19 1
96 1000002 0.25515472884304 1325 1
132 1000003 -1.6801660206915 15 0
100 1000004 -0.99269188512833 1326 1
130 1000005 0.20697511784265 16 0
115 1000001 -1.3842585528123 1339 1
143 171 -1.3339640491958 1340 1
130 172 1 1341 1
172 1000005 0.20697511784265 1342 1
0
0
1
0
172
connections
0.7368398947385
step
0.315789
link
2.10525684211
enable
0.189999715
bias
0.421051368422
node
0.5263142105275
disable
0.421051368422
done
11
170 171 1.3612616715339 18 1
170 1000001 1.1131639050432 17 0
171 1000001 1.1875714532563 19 1
96 1000002 -0.021259793481246 1325 0
132 1000003 0.66678132091586 15 0
100 1000004 -0.86240856144902 1326 1
130 1000005 -0.088887161066011 16 1
122 171 -0.63008514664144 1346 1
40 1000004 -1.5514999847407 1347 1
96 172 1 1348 1
172 1000002 -0.021259793481246 1349 1
