15
0
16
0
12
3
-1
170
connections
0.249999625
step
0.09025
link
1.805
enable
0.1999997
bias
0.3999994
node
0.45125
disable
0.44321196676
done
4
1000003 1000002 -1.4494703283792 21 1
37 1000004 -0.65889461958678 207 1
122 1000004 -0.35111835840938 20 1
89 1000006 1.2370372631001 208 1
0
170
connections
0.23749964375
step
0.0857375
link
1.89999715
enable
0.210525684211
bias
0.421051368422
node
0.4286875
disable
0.46653821257058
done
6
1000003 1000002 -1.4494703283792 21 1
37 1000004 -0.65889461958678 207 1
122 1000004 -0.35111835840938 20 1
89 1000006 1.2370372631001 208 1
23 1000002 1.2870876186407 812 1
2 1000001 1.5179296243171 813 0
0
170
connections
0.23749964375
step
0.105263
link
1.71475
enable
0.210525684211
bias
0.37999943
node
0.4286875
disable
0.46653821257058
done
7
1000003 1000002 -1.4494703283792 21 1
37 1000004 -0.65889461958678 207 1
122 1000004 -0.35111835840938 20 1
89 1000006 1.2370372631001 208 1
131 1000002 1.2298348948637 847 0
51 1000002 0.12787255470443 848 1
170 1000002 1.4728843043306 849 1
0
12
4
-1
171
connections
0.225625
step
0.11080299169
link
1.805
enable
0.1999997
bias
0.3999994
node
0.55401495845
disable
0.3999994
done
7
170 171 1 214 1
48 1000001 1.4817957090976 211 1
20 1000002 -0.74373607593005 28 1
170 1000003 0.93234046449171 29 1
170 1000004 -1.2283700064089 213 0
171 1000004 -1.2283700064089 215 1
1000003 1000005 -1.1172826319163 212 1
0
172
connections
0.21434375
step
0.11663455314264
link
1.71475
enable
0.210525684211
bias
0.421051368422
node
0.5263142105275
disable
0.421051368422
done
10
170 171 1 214 1
48 1000001 1.4817957090976 211 0
20 1000002 -0.74373607593005 28 1
170 1000003 0.93234046449171 29 1
170 1000004 -1.2283700064089 213 0
171 1000004 -1.2283700064089 215 0
1000003 1000005 -1.1172826319163 212 1
59 1000004 0.048646504104739 814 1
171 172 1 815 1
172 1000004 -1.2283700064089 816 1
0
171
connections
0.21434375
step
0.105263
link
1.89999715
enable
0.189999715
bias
0.421051368422
node
0.5263142105275
disable
0.37999943
done
10
170 171 1 214 1
48 1000001 1.4817957090976 211 1
20 1000002 -0.74373607593005 28 1
170 1000003 0.93234046449171 29 1
170 1000004 -1.2283700064089 213 0
171 1000004 -1.2283700064089 215 0
1000003 1000005 -1.1172826319163 212 1
101 1000001 -1.9007538071841 844 1
168 1000003 -1.9571520126957 845 1
170 1000005 0.92831202124088 846 1
0
172
connections
0.23749964375
step
0.11663455314264
link
1.89999715
enable
0.189999715
bias
0.421051368422
node
0.5263142105275
disable
0.421051368422
done
11
170 171 1 214 1
48 1000001 1.4817957090976 211 1
20 1000002 -0.74373607593005 28 1
170 1000003 0.93234046449171 29 1
170 1000004 -1.2283700064089 213 0
171 1000004 -1.2283700064089 215 1
1000003 1000005 -1.1172826319163 212 0
123 1000003 1.720328379162 857 1
1000001 1000004 -1.4626300851466 858 0
1000001 172 1 859 1
172 1000004 -1.4626300851466 860 1
0
9
2
-1
171
connections
0.277007479225
step
0.09999985
link
1.999997
enable
0.22160598338
bias
0.44321196676
node
0.49999925
disable
0.3999994
done
7
102 171 1 368 1
170 1000002 -0.38935514389477 367 0
170 1000003 -0.24909207434309 36 1
148 1000004 -0.17352824488052 366 1
171 1000004 1.4875331888791 369 1
102 1000004 1.4875331888791 365 1
32 1000006 -0.17023224585711 35 1
0
171
connections
0.26315710526375
step
0.1052628421055
link
1.89999715
enable
0.23326910628529
bias
0.46653821257058
node
0.4749992875
disable
0.37999943
done
8
102 171 0.91900411883889 368 1
170 1000002 -0.39140148412797 367 1
170 1000003 1.7492599261452 36 0
148 1000004 -0.11061211698855 366 1
171 1000004 1.5549339179728 369 1
102 1000004 1.6916409802545 365 1
32 1000006 0.33124790185247 35 1
169 1000003 0.093325601977599 817 1
0
5
3
-1
171
connections
0.26315710526375
step
0.0857375
link
1.89999715
enable
0.189999715
bias
0.421051368422
node
0.4286875
disable
0.421051368422
done
8
122 171 1 569 1
1000003 1000002 -1.282937101352 21 1
129 1000004 -1.7484054078799 567 1
171 1000004 -0.40788507683035 570 1
37 1000004 -0.70777496375927 207 1
122 1000004 -0.40788507683035 20 0
170 1000006 -0.76229132969146 568 0
89 1000006 1.2560467219306 208 1
0
173
connections
0.24999925000056
step
0.090249864625
link
1.9999940000045
enable
0.18049972925
bias
0.44321130194205
node
0.451249323125
disable
0.3999988000009
done
12
122 171 1 569 1
1000003 1000002 -1.282937101352 21 1
129 1000004 -1.7484054078799 567 1
171 1000004 -0.40788507683035 570 1
37 1000004 -0.70777496375927 207 0
122 1000004 -0.40788507683035 20 1
170 1000006 -0.76229132969146 568 0
89 1000006 1.2560467219306 208 1
53 1000005 1.7841731009857 818 1
44 1000003 1.2745139927366 819 1
37 173 1 820 1
173 1000004 -0.70777496375927 821 1
0
172
connections
0.24999925000056
step
0.090249864625
link
1.9999940000045
enable
0.19999940000045
bias
0.44321130194205
node
0.407253125
disable
0.44321130194205
done
12
122 171 1 569 0
1000003 1000002 -1.282937101352 21 1
129 1000004 -1.7484054078799 567 1
171 1000004 -0.40788507683035 570 1
37 1000004 -0.70777496375927 207 1
122 1000004 -0.40788507683035 20 0
170 1000006 -0.76229132969146 568 0
89 1000006 1.2560467219306 208 1
69 1000002 -1.2970976897488 822 1
72 1000006 -1.0920133060701 823 1
122 172 1 824 1
172 171 1 825 1
0
3
2
-1
170
connections
0.249999625
step
0.09999985
link
1.805
enable
0.1805
bias
0.44321196676
node
0.49999925
disable
0.44321196676
done
3
27 1000005 1.4709311197241 42 1
87 1000006 -0.67647328104495 657 1
55 1000006 0.76400036622211 658 1
0
170
connections
0.23749964375
step
0.1052628421055
link
1.89999715
enable
0.189999715
bias
0.421051368422
node
0.5263142105275
disable
0.46653821257058
done
5
27 1000005 1.4709311197241 42 0
87 1000006 -0.67647328104495 657 1
55 1000006 0.76400036622211 658 1
164 1000005 0.26252021851253 826 1
170 1000004 0.076601458784753 827 1
0
3
2
-1
171
connections
0.277007479225
step
0.09025
link
1.805
enable
0.1999997
bias
0.3999994
node
0.55401495845
disable
0.44321196676
done
5
27 171 1 661 1
81 1000001 -1.6054567094943 660 1
87 1000004 0.78719443342387 659 1
27 1000005 1.5115487151708 42 0
171 1000005 1.5115487151708 662 1
0
172
connections
0.29158638285661
step
0.0949998575
link
1.71475
enable
0.210525684211
bias
0.421051368422
node
0.5263142105275
disable
0.46653821257058
done
8
27 171 1 661 1
81 1000001 -1.6054567094943 660 1
87 1000004 0.78719443342387 659 1
27 1000005 1.5115487151708 42 0
171 1000005 1.5115487151708 662 1
168 1000002 -0.18231757560961 850 1
8 1000003 -0.83944212164678 851 1
170 1000005 -1.9210180974761 852 1
0
3
1
-1
171
connections
0.26315710526375
step
0.0857375
link
1.71475
enable
0.189999715
bias
0.37999943
node
0.4749992875
disable
0.46653821257058
done
8
37 171 1 671 1
1000003 1000002 -1.4929291173284 21 1
1000006 1000003 -1.3320108645894 670 1
171 1000004 -0.6940693140202 672 1
37 1000004 -0.6940693140202 207 0
122 1000004 -0.3762872482223 20 1
158 1000006 1.3609424115726 669 0
89 1000006 1.1904176446577 208 1
0
2
2
-1
172
connections
0.2256246615625
step
0.105263
link
1.8049972925
enable
0.19999940000045
bias
0.3609994585
node
0.451249323125
disable
0.44321130194205
done
12
92 171 1 676 1
1000003 172 1 723 1
172 1000002 -1.4494703283792 724 1
1000003 1000002 -1.4494703283792 21 0
109 1000003 0.72420422986541 721 1
7 1000003 1.2952665791803 720 1
170 1000004 -0.42158268990143 722 1
122 1000004 -0.35111835840938 20 1
37 1000004 -0.65889461958678 207 1
92 1000006 0.74544511246071 675 0
171 1000006 0.74544511246071 677 1
89 1000006 1.2370372631001 208 1
0
172
connections
0.23749928750053
step
0.11080299169
link
1.8999943000043
enable
0.21052536842247
bias
0.342949485575
node
0.42868685696875
disable
0.42105073684495
done
14
92 171 1 676 1
1000003 172 1 723 1
172 1000002 -1.4494703283792 724 1
1000003 1000002 -1.4494703283792 21 0
109 1000003 0.72420422986541 721 1
7 1000003 1.2952665791803 720 1
170 1000004 -0.42158268990143 722 1
122 1000004 -0.35111835840938 20 1
37 1000004 -0.65889461958678 207 1
92 1000006 0.74544511246071 675 0
171 1000006 0.74544511246071 677 1
89 1000006 1.2370372631001 208 1
38 171 -1.0607623523667 861 1
30 1000001 -1.0674764244514 862 1
0
2
2
-1
172
connections
0.24999925000056
step
0.099999700000225
link
2.2160565097102
enable
0.19999940000045
bias
0.44321130194205
node
0.451249323125
disable
0.3999988000009
done
15
102 171 0.98889049276066 368 1
170 171 0.73982970671712 682 1
110 172 1.0614976639517 683 1
170 1000002 -0.36866124719586 367 0
172 1000002 -1.9062471388897 684 1
110 1000002 0.9850857417248 681 0
61 1000003 0.88387707144383 731 1
81 1000003 -0.98043763542589 732 1
170 1000003 -0.35957886648032 36 1
88 1000004 -0.12665181432539 680 1
171 1000004 1.5865669006405 369 1
170 1000004 1.9276100955229 733 1
102 1000004 1.5908777074834 365 1
148 1000004 -0.23167627153054 366 1
32 1000006 -0.11829134416563 35 1
0
173
connections
0.26315671052809
step
0.10526268421124
link
2.3326875638163
enable
0.18999943000043
bias
0.42105073684495
node
0.42868685696875
disable
0.37999886000085
done
19
102 171 0.98889049276066 368 1
170 171 0.73982970671712 682 1
110 172 1.0614976639517 683 1
170 1000002 -0.36866124719586 367 0
172 1000002 -1.9062471388897 684 1
110 1000002 0.9850857417248 681 0
61 1000003 0.88387707144383 731 1
81 1000003 -0.98043763542589 732 1
170 1000003 -0.35957886648032 36 1
88 1000004 -0.12665181432539 680 1
171 1000004 1.5865669006405 369 1
170 1000004 1.9276100955229 733 1
102 1000004 1.5908777074834 365 0
148 1000004 -0.23167627153054 366 1
32 1000006 -0.11829134416563 35 1
157 1000002 0.60835596789453 853 1
99 1000004 0.045350505081332 854 1
99 173 1 855 1
173 1000004 0.045350505081332 856 1
0
2
1
-1
170
connections
0.26315710526375
step
0.105263
link
1.71475
enable
0.189999715
bias
0.421051368422
node
0.4749992875
disable
0.46653821257058
done
6
170 1000003 -0.072695089571825 763 1
36 1000005 1.2526627399518 761 1
10 1000005 -1.471053193762 762 1
27 1000005 1.4709311197241 42 1
87 1000006 -0.67647328104495 657 1
55 1000006 0.76400036622211 658 1
0
1
1
-1
171
connections
0.26315710526375
step
0.105263
link
1.71475
enable
0.210525684211
bias
0.37999943
node
0.4286875
disable
0.46653821257058
done
9
89 171 1 769 0
156 1000001 -0.94637897885067 767 1
1000003 1000002 -1.4494703283792 21 1
170 1000003 -1.9312723166601 768 1
152 1000003 0.84701071199683 766 1
122 1000004 -0.35111835840938 20 1
37 1000004 -0.65889461958678 207 1
89 1000006 1.2370372631001 208 0
171 1000006 1.2370372631001 770 1
0
1
3
-1
170
connections
0.26315710526375
step
0.11080299169
link
1.89999715
enable
0.189999715
bias
0.421051368422
node
0.58317276571322
disable
0.37999943
done
5
49 1000001 -1.5696890163884 800 0
134 1000003 0.5768608661153 799 1
127 1000004 -1.0555131687368 709 1
27 1000005 1.3754083283486 42 1
170 1000005 -0.32197027497177 801 1
0
170
connections
0.24999925000056
step
0.11663455314264
link
1.9999940000045
enable
0.19999940000045
bias
0.3999988000009
node
0.55401412742756
disable
0.3999988000009
done
7
49 1000001 -1.5696890163884 800 0
134 1000003 0.5768608661153 799 1
127 1000004 -1.0555131687368 709 1
27 1000005 1.3754083283486 42 1
170 1000005 -0.32197027497177 801 1
131 1000002 -1.1204565569018 833 1
83 1000005 -0.47224341563158 834 1
0
171
connections
0.24999925000056
step
0.095
link
1.8049972925
enable
0.18049972925
bias
0.3999988000009
node
0.55401412742756
disable
0.3999988000009
done
9
49 1000001 -1.5696890163884 800 0
134 1000003 0.5768608661153 799 0
127 1000004 -1.0555131687368 709 1
27 1000005 1.3754083283486 42 1
170 1000005 -0.32197027497177 801 1
51 1000005 -1.6035035248878 835 1
95 1000004 0.61397137363811 836 1
134 171 1 837 1
171 1000003 0.5768608661153 838 0
0
0
1
0
170
connections
0.26315710526375
step
0.0949998575
link
1.89999715
enable
0.171475
bias
0.421051368422
node
0.4749992875
disable
0.421051368422
done
6
27 1000005 1.4709311197241 42 1
87 1000006 -0.67647328104495 657 1
55 1000006 0.76400036622211 658 1
111 1000004 -1.1720938749351 828 1
11 1000001 -1.5224463637196 829 1
170 1000002 -1.1343729972228 830 0
0
0
1
0
172
connections
0.24999925000056
step
0.105263
link
1.8049972925
enable
0.18049972925
bias
0.3999988000009
node
0.55401412742756
disable
0.44321130194205
done
11
27 171 0.93320311413923 661 1
24 171 0.093810580187384 784 0
85 172 0.91707651542711 785 1
81 1000001 -1.7052842104862 660 0
85 1000002 -0.15887936033204 783 0
172 1000002 -1.279669893704 786 1
87 1000004 0.83721580166021 659 1
27 1000005 1.5306853981445 42 0
171 1000005 1.5640822348399 662 1
168 1000001 0.77352214117863 831 1
95 172 -1.8365428632466 832 1
0
0
1
0
171
connections
0.24999925000056
step
0.1052628421055
link
1.9999940000045
enable
0.18049972925
bias
0.3999988000009
node
0.55401412742756
disable
0.3609994585
done
10
49 1000001 -1.5609350491428 800 0
134 1000003 -0.23944822534867 799 1
127 1000004 -1.1195729341846 709 1
27 1000005 1.4246779047326 42 1
170 1000005 -0.27437760534095 801 1
91 1000004 -1.18112735374 839 0
161 1000002 -1.7237464522233 840 1
170 1000004 1.9892574846644 841 1
91 171 1 842 1
171 1000004 -1.18112735374 843 0
0
0
1
0
171
connections
0.23749964375
step
0.0949998575
link
1.89999715
enable
0.189999715
bias
0.421051368422
node
0.5263142105275
disable
0.46653821257058
done
7
27 1000005 1.4709311197241 42 1
87 1000006 -0.67647328104495 657 1
55 1000006 0.76400036622211 658 1
77 1000003 -1.2596209601123 863 1
55 1000005 -0.39912106692709 864 1
55 171 1 865 1
171 1000005 -0.39912106692709 866 0
