164
20000
5
20000
162
3
20000
171
connections
0.736841
step
0.315789
link
2.10526
enable
0.19
bias
0.38
node
0.526315
disable
0.38
done
5
170 171 1 18 1
171 1000001 1.2115237891781 19 1
170 1000001 1.2115237891781 17 0
132 1000003 0.3961912900174 15 0
130 1000005 0.28962065492721 16 1
0
172
connections
0.77562094183
step
0.33240897507
link
1.999997
enable
0.1805
bias
0.3999994
node
0.49999925
disable
0.3999994
done
7
170 171 0.88870181186307 18 1
171 1000001 0.9837667806239 19 1
170 1000001 1.4954414497905 17 1
132 1000003 0.47056154656325 15 0
130 1000005 0.37015884435807 16 1
88 1000004 -1.9814447462386 3166 1
159 1000003 0.16205328531754 3167 1
0
172
connections
0.69999895
step
0.33240897507
link
2.2160598338
enable
0.1805
bias
0.3999994
node
0.49999925
disable
0.3999994
done
9
170 171 1 18 1
171 1000001 1.2115237891781 19 1
170 1000001 1.2115237891781 17 1
132 1000003 0.3961912900174 15 0
130 1000005 0.28962065492721 16 1
160 1000002 -0.39680166020692 3183 1
17 1000003 0.29108554338206 3184 0
17 172 1 3185 1
172 1000003 0.29108554338206 3186 1
0
12
2
0
172
connections
0.7368398947385
step
0.285
link
1.89999715
enable
0.189999715
bias
0.421051368422
node
0.4749992875
disable
0.34295
done
11
170 171 1.00984977987 18 0
172 171 1.00984977987 2942 1
170 172 1 2941 1
170 1000001 1.258461839259 17 1
171 1000001 1.1245440014344 19 1
7 1000003 -0.4451429792169 2940 1
145 1000003 2.1702815332499 2922 1
132 1000003 0.4053030883816 15 0
76 1000004 0.072983336893826 2923 1
130 1000005 0.53774355342265 16 1
81 1000006 1.6131473738823 2939 1
0
172
connections
0.69999790000157
step
0.285
link
1.8049972925
enable
0.19999940000045
bias
0.44321130194205
node
0.49999850000112
disable
0.3609994585
done
13
170 171 1.00984977987 18 0
172 171 1.00984977987 2942 1
170 172 1 2941 1
170 1000001 1.258461839259 17 1
171 1000001 1.1245440014344 19 1
7 1000003 -0.4451429792169 2940 1
145 1000003 2.1702815332499 2922 1
132 1000003 0.4053030883816 15 0
76 1000004 0.072983336893826 2923 1
130 1000005 0.53774355342265 16 1
81 1000006 1.6131473738823 2939 1
151 1000005 0.062074648274178 3177 1
152 1000004 0.80513931699576 3178 1
0
9
3
0
173
connections
0.69999895
step
0.29999955
link
2.2160598338
enable
0.1805
bias
0.361
node
0.49999925
disable
0.3999994
done
10
170 171 1.8790246284371 18 1
1000004 171 -0.78975798821986 2999 1
130 173 1 3002 1
171 1000001 1.0358015270501 19 1
170 1000001 1.4729968306055 17 0
170 1000002 0.2831507309183 3001 1
132 1000003 -0.13519699697867 15 0
130 1000005 0.34803132168045 16 0
137 1000005 -0.84273812067019 3000 1
173 1000005 0.34803132168045 3003 1
0
174
connections
0.6649990025
step
0.285
link
2.10525684211
enable
0.171475
bias
0.34295
node
0.5263142105275
disable
0.37999943
done
14
170 171 1.742913144322 18 1
1000004 171 -0.98750190740684 2999 1
130 173 0.16559343241676 3002 1
171 1000001 0.99738345398877 19 1
170 1000001 1.3712067674322 17 0
170 1000002 0.47722418897061 3001 0
132 1000003 -0.10605075228126 15 0
130 1000005 0.38841509193711 16 0
137 1000005 -0.67891552476577 3000 1
173 1000005 0.58844652600187 3003 1
52 1000006 -0.43964964751122 3179 1
21 1000004 1.4166081728568 3180 1
170 174 1 3181 1
174 1000002 0.47722418897061 3182 1
0
173
connections
0.7368398947385
step
0.3157885263165
link
2.10525684211
enable
0.171475
bias
0.34295
node
0.4749992875
disable
0.37999943
done
12
170 171 1.6503967037017 18 1
1000004 171 -1.0825324149592 2999 1
130 173 0.75458373294322 3002 1
171 1000001 0.94976850069956 19 1
170 1000001 1.7346424710659 17 0
170 1000002 0.043189229506683 3001 1
132 1000003 0.10619083891261 15 0
130 1000005 0.49341142725876 16 0
137 1000005 -0.12286751915036 3000 1
173 1000005 0.63197789447817 3003 1
89 173 -0.64400158696249 3187 1
119 1000004 -1.1293679616688 3188 1
0
0
1
0
172
connections
0.77562094183
step
0.33240897507
link
1.999997
enable
0.1805
bias
0.361
node
0.49999925
disable
0.3999994
done
10
170 171 1 18 1
171 1000001 1.2115237891781 19 1
170 1000001 1.2115237891781 17 0
132 1000003 0.3961912900174 15 0
130 1000005 0.28962065492721 16 0
55 1000003 -0.52864162114322 3168 1
156 1000006 -1.2098147526475 3169 1
170 1000003 -0.37470625934629 3170 1
130 172 1 3171 1
172 1000005 0.28962065492721 3172 0
0
0
1
0
173
connections
0.6649990025
step
0.3157885263165
link
2.10525684211
enable
0.189999715
bias
0.37999943
node
0.58317276571322
disable
0.34295
done
12
170 171 1.0104469667252 18 1
171 1000001 1.2119574719591 19 1
170 1000001 1.2224815074441 17 0
29 1000002 -1.4278799308135 3155 1
132 1000003 0.55818626480465 15 0
1 1000003 -1.6127518165969 3153 1
130 1000005 0.54571515579114 16 1
136 1000006 -0.27496169351739 3154 1
106 171 0.43769646290475 3173 1
168 1000001 0.38752403332621 3174 1
106 173 1 3175 1
173 171 0.43769646290475 3176 1
