22
20000
8
20000
20
2
20000
171
connections
0.736841
step
0.315789
link
2.10526
enable
0.19
bias
0.38
node
0.526315
disable
0.38
done
5
170 171 1 18 1
171 1000001 1.2115237891781 19 1
170 1000001 1.2115237891781 17 0
132 1000003 0.3961912900174 15 0
130 1000005 0.28962065492721 16 1
0
171
connections
0.77562094183
step
0.285
link
1.999997
enable
0.1999997
bias
0.3999994
node
0.55401495845
disable
0.361
done
7
170 171 1.2478257087924 18 1
171 1000001 1.3297352519303 19 1
170 1000001 1.0711329996643 17 0
132 1000003 0.67684240241707 15 0
130 1000005 0.25068071535386 16 1
11 1000002 0.96737571337016 401 1
129 1000002 0.89083529160436 402 1
0
9
1
0
170
connections
0.69999895
step
0.29999955
link
1.999997
enable
0.22160598338
bias
0.3999994
node
0.49999925
disable
0.3999994
done
5
170 1000003 -0.24909207434309 36 1
154 1000005 -1.0544145023957 233 1
170 1000005 0.62166203802606 234 1
32 1000006 -0.17023224585711 35 1
57 1000006 0.38862269966735 232 1
0
2
1
0
173
connections
0.7368398947385
step
0.3157885263165
link
1.89999715
enable
0.171475
bias
0.34295
node
0.58317276571322
disable
0.34295
done
12
170 171 1.2916088664395 18 1
171 173 1 351 1
1000004 1000001 0.36664611789785 330 1
173 1000001 1.3213944149841 352 1
170 1000001 1.1022073104028 17 1
171 1000001 1.3213944149841 19 0
136 1000002 -0.35824276748557 329 1
132 1000003 0.14933191992797 15 0
170 1000003 -0.04193243202002 350 1
151 1000004 -0.69380779442732 349 1
130 1000005 0.02308906452164 16 0
165 1000005 1.509262367626 348 1
0
1
2
0
172
connections
0.69999895
step
0.285
link
1.999997
enable
0.1805
bias
0.3999994
node
0.55401495845
disable
0.361
done
10
170 171 1 18 1
117 171 0.32746360667745 369 0
35 172 1 372 1
35 1000001 -0.40070802941984 370 0
172 1000001 -0.40070802941984 373 1
170 1000001 1.2115237891781 17 0
171 1000001 1.2115237891781 19 1
170 1000002 1.4938810388501 371 1
132 1000003 0.3961912900174 15 0
130 1000005 0.28962065492721 16 1
0
173
connections
0.6649990025
step
0.29999955
link
1.89999715
enable
0.171475
bias
0.421051368422
node
0.58317276571322
disable
0.34295
done
14
170 171 1.1013792845592 18 1
117 171 0.36323129978332 369 0
35 172 0.83363469884182 372 1
35 1000001 -0.26197414529405 370 0
172 1000001 1.6122928556169 373 1
170 1000001 1.314972225576 17 0
171 1000001 1.1337474844432 19 1
170 1000002 0.1698660237434 371 0
132 1000003 0.35943180049287 15 0
130 1000005 0.47468489638966 16 1
28 1000002 -0.83846552934355 397 1
128 1000003 0.25299844355602 398 1
170 173 1 399 1
173 1000002 0.1698660237434 400 1
0
0
1
0
172
connections
0.6649990025
step
0.285
link
2.3326910628529
enable
0.189999715
bias
0.421051368422
node
0.4749992875
disable
0.37999943
done
10
170 171 1.2841421562624 18 1
30 171 -0.059511093478195 367 1
170 1000001 1.2713186151021 17 0
171 1000001 1.4453471024949 19 0
132 1000003 -0.729819635609 15 0
78 1000004 -0.80452894680624 366 1
97 1000004 -0.22382274849696 368 1
130 1000005 0.0083899601016269 16 1
113 1000002 1.1291238135929 382 1
6 1000001 0.42976165044099 383 1
0
0
1
0
173
connections
0.77562094183
step
0.29999955
link
2.2160598338
enable
0.1999997
bias
0.361
node
0.49999925
disable
0.3999994
done
10
170 171 1.1405833030259 18 0
171 1000001 1.4385353813974 19 1
170 1000001 1.1465103059618 17 0
132 1000003 0.1248119552736 15 0
130 1000005 0.22915747464827 16 1
166 1000006 1.8388622699667 384 1
154 1000003 -0.93966490676595 385 1
128 1000001 0.28070925016022 386 1
170 173 1 387 1
173 171 1.1405833030259 388 1
0
0
1
0
173
connections
0.81644187199851
step
0.2849995725
link
2.10525684211
enable
0.189999715
bias
0.421051368422
node
0.58317276571322
disable
0.37999943
done
11
170 171 1.137107402603 18 1
81 171 1.7009159201069 374 1
170 1000001 1.2571664405236 17 0
171 1000001 1.1545291848908 19 1
132 1000003 0.050975736794412 15 0
130 1000005 0.58605915799059 16 1
61 1000006 -1.5234279866868 375 0
37 171 -0.51228370006409 389 1
154 1000005 0.058046205023347 390 1
61 173 1 391 1
173 1000006 -1.5234279866868 392 1
0
0
1
0
171
connections
0.7368398947385
step
0.3157885263165
link
1.89999715
enable
0.23326910628529
bias
0.37999943
node
0.4749992875
disable
0.37999943
done
9
170 1000003 -0.14594303423672 36 1
154 1000005 0.48701437421796 233 1
170 1000005 0.53857805458618 234 1
32 1000006 -0.47087078702485 35 1
57 1000006 0.68548338194303 232 1
99 1000005 -0.036439100314341 393 1
167 1000005 1.7700125125889 394 1
32 171 1 395 1
171 1000006 -0.47087078702485 396 1
