25
40000
4
40000
3
3
40000
170
connections
0.69999895
step
0.285
link
1.805
enable
0.22160598338
bias
0.44321196676
node
0.49999925
disable
0.3999994
done
5
170 1000001 1.6575823236793 202 1
1000003 1000002 -1.3870662556841 21 0
47 1000004 1.1698965422529 201 1
122 1000004 -0.29377117221595 20 0
168 1000006 0.56978057191687 200 1
0
170
connections
0.7368398947385
step
0.29999955
link
1.89999715
enable
0.23326910628529
bias
0.421051368422
node
0.5263142105275
disable
0.37999943
done
7
170 1000001 1.7310441401669 202 1
1000003 1000002 -0.029847102267525 21 0
47 1000004 0.714560380871 201 1
122 1000004 1.0332956938383 20 1
168 1000006 0.39883750120396 200 0
152 1000002 -0.39167455061495 444 1
1000002 1000001 0.11944944608905 445 1
0
171
connections
0.7368398947385
step
0.29999955
link
1.89999715
enable
0.210525684211
bias
0.46653821257058
node
0.5263142105275
disable
0.421051368422
done
9
170 1000001 1.9042417028275 202 0
1000003 1000002 -1.5619828303705 21 0
47 1000004 1.2970212027879 201 1
122 1000004 -0.62068544572283 20 0
168 1000006 0.81314395698569 200 1
36 1000002 -0.54036072878201 456 0
105 1000004 -1.6546525467696 457 1
170 171 1 458 1
171 1000001 1.9042417028275 459 1
40000
3
2
40000
171
connections
0.6649990025
step
0.27075
link
1.71475
enable
0.210525684211
bias
0.46653821257058
node
0.5263142105275
disable
0.421051368422
done
9
170 171 1 245 1
171 1000001 1.7518205435347 246 1
170 1000001 1.7518205435347 202 0
14 1000001 -0.67928098391675 244 0
68 1000002 -1.2228766747032 243 1
1000003 1000002 -0.093081453901791 21 0
122 1000004 -0.16370507675405 20 0
47 1000004 0.75850703451643 201 1
168 1000006 0.21051667836543 200 1
0
172
connections
0.69999790000157
step
0.2572125
link
1.8049972925
enable
0.19999940000045
bias
0.49109211869817
node
0.49999850000112
disable
0.3999988000009
done
13
170 171 1.2011025433363 245 1
171 1000001 1.5602161881619 246 1
170 1000001 1.5886008556627 202 0
14 1000001 -0.93026078867458 244 0
68 1000002 -1.2195719332713 243 1
1000003 1000002 -0.073150958662679 21 0
122 1000004 0.057963790932951 20 0
47 1000004 0.50160852420118 201 1
168 1000006 0.03106372379223 200 1
28 171 -0.087710196234016 446 1
67 1000006 0.071108127079074 447 0
67 172 1 448 1
172 1000006 0.071108127079074 449 1
30000
3
1
30000
172
connections
0.77562094183
step
0.29999955
link
1.999997
enable
0.1999997
bias
0.361
node
0.55401495845
disable
0.361
done
10
170 171 -0.32275313897886 18 1
170 172 1 370 1
171 1000001 0.97048591104312 19 1
170 1000001 1.7924111150211 17 1
172 1000002 1.585558641316 371 1
170 1000002 1.585558641316 369 0
132 1000003 0.53834934577013 15 0
69 1000005 -1.0263374736778 368 1
5 1000005 1.8426465651418 367 1
130 1000005 0.65373858471939 16 1
40000
3
4
40000
171
connections
0.631749052375
step
0.285
link
1.8049972925
enable
0.22160565097102
bias
0.44321130194205
node
0.49999850000112
disable
0.3999988000009
done
12
170 171 1 382 1
170 1000001 1.7547625659963 202 1
166 1000001 0.57454145939512 379 1
170 1000002 1.3694875942259 381 0
171 1000002 1.3694875942259 383 1
1000003 1000002 -1.2014644306772 21 0
127 1000003 -0.66133610034486 361 1
122 1000004 -0.46556093020417 20 0
64 1000004 -0.015198217719047 360 1
47 1000004 0.96194143498032 201 0
67 1000005 1.6596575823237 380 1
168 1000006 1.3801080355235 200 1
0
171
connections
0.60016159975625
step
0.29999955
link
1.8999943000043
enable
0.23326875638163
bias
0.42105073684495
node
0.47499857500107
disable
0.42105073684495
done
14
170 171 0.83143736945555 382 1
170 1000001 1.7744195084643 202 0
166 1000001 0.40676620521409 379 1
170 1000002 1.5411081748329 381 1
171 1000002 1.4587815671606 383 1
1000003 1000002 -1.0374063253746 21 0
127 1000003 -0.4698479998703 361 1
122 1000004 -0.30133802519761 20 0
64 1000004 -0.16118328881954 360 1
47 1000004 1.0609952126057 201 0
67 1000005 1.4856565615482 380 1
168 1000006 1.5518018604434 200 1
115 1000005 -1.3049104281747 450 1
117 1000005 -0.6626789147618 451 1
0
171
connections
0.60016159975625
step
0.315789
link
1.714747427875
enable
0.23326875638163
bias
0.42105073684495
node
0.47499857500107
disable
0.37999886000085
done
14
170 171 0.9005322956328 382 1
170 1000001 1.759880030488 202 1
166 1000001 0.72919297106845 379 1
170 1000002 1.648982109714 381 0
171 1000002 1.3391972158879 383 1
1000003 1000002 -1.0295234062014 21 0
127 1000003 -0.53068173854793 361 1
122 1000004 -0.42378275963622 20 0
64 1000004 -0.27832841172521 360 1
47 1000004 0.31183812982574 201 0
67 1000005 1.7530344438307 380 1
168 1000006 1.3443050589007 200 1
86 1000004 -1.4866786706137 452 1
83 1000004 -0.8523819696646 453 1
0
171
connections
0.6649980050015
step
0.285
link
1.714747427875
enable
0.23326875638163
bias
0.46653751276326
node
0.52631342105618
disable
0.42105073684495
done
14
170 171 1.2188621173742 382 1
170 1000001 1.4721457564013 202 1
166 1000001 -0.25055696279794 379 1
170 1000002 1.5376938688314 381 0
171 1000002 1.5724675740837 383 1
1000003 1000002 -1.2923996704001 21 0
127 1000003 -0.72549958800012 361 1
122 1000004 -0.5082583086642 20 0
64 1000004 -0.22578005310221 360 1
47 1000004 0.82918729209265 201 0
67 1000005 1.930584582049 380 1
168 1000006 1.2178162480544 200 1
23 1000006 0.95065157017731 454 1
46 1000002 1.9276100955229 455 1
