158
20000
5
20000
156
3
20000
171
connections
0.736841
step
0.315789
link
2.10526
enable
0.19
bias
0.38
node
0.526315
disable
0.38
done
5
170 171 1 18 1
171 1000001 1.2115237891781 19 1
170 1000001 1.2115237891781 17 0
132 1000003 0.3961912900174 15 0
130 1000005 0.28962065492721 16 1
0
172
connections
0.69999895
step
0.315789
link
1.999997
enable
0.1805
bias
0.3999994
node
0.55401495845
disable
0.3999994
done
7
170 171 1.0135020108341 18 1
171 1000001 1.1708250084841 19 1
170 1000001 1.470721920072 17 1
132 1000003 0.35104002609333 15 0
130 1000005 0.27045184725486 16 1
146 1000001 -1.563829462569 3058 1
120 1000005 -1.6660054322947 3059 1
0
171
connections
0.69999895
step
0.33240897507
link
1.999997
enable
0.1805
bias
0.3999994
node
0.55401495845
disable
0.3999994
done
8
170 171 1 18 0
171 1000001 1.2115237891781 19 1
170 1000001 1.2115237891781 17 0
132 1000003 0.3961912900174 15 0
130 1000005 0.28962065492721 16 1
27 1000002 -0.95895260475478 3067 1
38 1000006 1.2721945860164 3068 1
170 1000005 -1.1021454512162 3069 1
0
14
3
0
172
connections
0.7368398947385
step
0.3157885263165
link
1.89999715
enable
0.210525684211
bias
0.421051368422
node
0.5263142105275
disable
0.37999943
done
12
170 171 0.98482168807101 18 1
29 171 -1.9785242540524 2783 1
111 171 1.0116885891293 2804 1
6 172 1 2806 1
170 1000001 1.2420764773497 17 0
171 1000001 1.2231619632245 19 1
170 1000002 -0.56575212866604 2805 1
132 1000003 0.24822850079214 15 0
6 1000004 1.1756340220344 2803 0
172 1000004 1.1756340220344 2807 1
130 1000005 0.77828841537825 16 1
45 1000006 1.6713862724243 2782 1
0
172
connections
0.77561977839859
step
0.285
link
1.8049972925
enable
0.22160565097102
bias
0.44321130194205
node
0.55401412742756
disable
0.3609994585
done
15
170 171 0.86193082226089 18 1
29 171 -1.9807769778294 2783 1
111 171 1.1700663777581 2804 1
6 172 -0.47773674733726 2806 1
170 1000001 1.235109559414 17 0
171 1000001 1.1286432401189 19 1
170 1000002 -0.54840006714072 2805 1
132 1000003 -0.77437665944395 15 0
6 1000004 1.2222975859859 2803 1
172 1000004 1.2041714224677 2807 1
130 1000005 0.74258404817955 16 1
45 1000006 1.9041474345692 2782 1
151 1000002 0.32245857112339 3060 1
117 171 0.59175389873959 3061 1
170 172 -1.4417554246651 3062 1
0
173
connections
0.8164406473357
step
0.34990313457244
link
1.8999943000043
enable
0.21052536842247
bias
0.37999886000085
node
0.52631342105618
disable
0.37999886000085
done
18
170 171 1.0766890139393 18 0
29 171 -2.228262851063 2783 1
111 171 0.78443895972057 2804 1
6 172 1.4205627699191 2806 1
170 1000001 0.68761568955383 17 0
171 1000001 1.4931906072664 19 1
170 1000002 -0.49483606321312 2805 1
132 1000003 0.54507200637092 15 0
14 1000003 -0.717877058259 3043 1
6 1000004 1.1529051831975 2803 0
29 1000004 1.3039607682238 3044 1
172 1000004 0.76762817683632 2807 1
130 1000005 -1.7631763664663 16 1
45 1000006 1.6737763693096 2782 1
59 1000006 -1.2262947477645 3063 1
161 1000006 -0.218695638905 3064 1
170 173 1 3065 1
173 171 1.0766890139393 3066 1
0
6
1
0
172
connections
0.7368398947385
step
0.285
link
1.89999715
enable
0.189999715
bias
0.421051368422
node
0.4749992875
disable
0.34295
done
11
170 171 1.00984977987 18 0
172 171 1.00984977987 2942 1
170 172 1 2941 1
170 1000001 1.258461839259 17 1
171 1000001 1.1245440014344 19 1
7 1000003 -0.4451429792169 2940 1
145 1000003 2.1702815332499 2922 1
132 1000003 0.4053030883816 15 0
76 1000004 0.072983336893826 2923 1
130 1000005 0.53774355342265 16 1
81 1000006 1.6131473738823 2939 1
0
3
2
0
173
connections
0.69999895
step
0.29999955
link
2.2160598338
enable
0.1805
bias
0.361
node
0.49999925
disable
0.3999994
done
10
170 171 1.8790246284371 18 1
1000004 171 -0.78975798821986 2999 1
130 173 1 3002 1
171 1000001 1.0358015270501 19 1
170 1000001 1.4729968306055 17 0
170 1000002 0.2831507309183 3001 1
132 1000003 -0.13519699697867 15 0
130 1000005 0.34803132168045 16 0
137 1000005 -0.84273812067019 3000 1
173 1000005 0.34803132168045 3003 1
0
173
connections
0.6649990025
step
0.2849995725
link
2.10525684211
enable
0.171475
bias
0.34295
node
0.5263142105275
disable
0.421051368422
done
12
170 171 2.133234122912 18 1
1000004 171 -0.83532556414464 2999 1
130 173 0.77477144902226 3002 1
171 1000001 1.3042231648846 19 1
170 1000001 1.5096405025603 17 0
170 1000002 0.1979387550956 3001 1
132 1000003 -0.008357531486938 15 0
130 1000005 0.23423849941971 16 0
137 1000005 -0.74743674074885 3000 1
173 1000005 0.25939242756907 3003 1
131 1000001 -1.744499038667 3070 1
40 1000006 1.176122318186 3071 1
0
0
1
0
171
connections
0.81644187199851
step
0.27075
link
1.89999715
enable
0.189999715
bias
0.37999943
node
0.5263142105275
disable
0.34295
done
10
170 171 1.2439347590564 18 1
2 1000001 -1.430449713126 3051 1
170 1000001 0.48928820917386 17 0
171 1000001 1.3869009445479 19 1
9 1000001 -0.26641530350658 3050 0
170 1000002 0.36791776024659 3052 1
132 1000003 0.48337387462996 15 0
130 1000005 0.37723030030213 16 1
22 171 1.2469252601703 3056 1
131 1000005 -1.1774651326029 3057 1
