87
20000
5
20000
85
5
20000
171
connections
0.736841
step
0.315789
link
2.10526
enable
0.19
bias
0.38
node
0.526315
disable
0.38
done
5
170 171 1 18 1
171 1000001 1.2115237891781 19 1
170 1000001 1.2115237891781 17 0
132 1000003 0.3961912900174 15 0
130 1000005 0.28962065492721 16 1
0
173
connections
0.69999895
step
0.33240897507
link
1.999997
enable
0.1999997
bias
0.361
node
0.49999925
disable
0.3999994
done
9
170 171 1.1479796661076 18 0
171 1000001 0.85632316905483 19 1
170 1000001 1.0543530915018 17 0
132 1000003 0.25149848288145 15 0
130 1000005 0.44263205575673 16 1
154 1000002 -0.1546067690054 1645 0
65 1000005 -0.78707235938597 1646 1
154 173 1 1647 1
173 1000002 -0.1546067690054 1648 1
0
171
connections
0.69999895
step
0.315789
link
2.2160598338
enable
0.1805
bias
0.3999994
node
0.49999925
disable
0.361
done
7
170 171 1.0110541087985 18 1
171 1000001 0.91283155378887 19 1
170 1000001 1.0953448165838 17 0
132 1000003 0.59027908172857 15 0
130 1000005 0.1888615376751 16 1
5 171 -1.5532090212714 1649 1
34 1000002 -0.1270180364391 1650 1
0
171
connections
0.69999895
step
0.33240897507
link
1.999997
enable
0.1999997
bias
0.3999994
node
0.49999925
disable
0.3999994
done
7
170 171 -1.120302426434 18 1
171 1000001 1.4750710398677 19 1
170 1000001 1.4045861752543 17 0
132 1000003 0.58576392459282 15 0
130 1000005 -0.21349194951084 16 1
81 1000006 -0.86007263405255 1651 1
100 1000001 -0.31476790673543 1652 1
0
171
connections
0.69999895
step
0.29999955
link
2.2160598338
enable
0.1805
bias
0.361
node
0.49999925
disable
0.3999994
done
7
170 171 1.0415936141743 18 1
171 1000001 1.2896113822428 19 1
170 1000001 1.4831777900952 17 0
132 1000003 0.23152891913358 15 0
130 1000005 0.32480539172491 16 1
73 1000004 -0.49055452131718 1663 0
55 1000006 -0.53596606341746 1664 1
0
10
2
0
172
connections
0.7368398947385
step
0.315789
link
2.10525684211
enable
0.171475
bias
0.421051368422
node
0.58317276571322
disable
0.37999943
done
13
170 171 1.0588556603595 18 1
101 171 -1.8399609363079 1429 1
4 171 0.17120883816034 1448 1
37 172 1 1451 1
171 1000001 1.4799738332774 19 1
172 1000001 1.2662129581591 1452 1
170 1000001 1.2276664502396 17 1
37 1000001 1.2662129581591 1449 0
132 1000003 0.36029193929868 15 0
28 1000004 1.1338847010712 1430 1
1000001 1000005 1.0840784936064 1450 1
130 1000005 0.10877466399121 16 1
143 1000006 0.10724204229865 1428 1
0
172
connections
0.6649980050015
step
0.29999955
link
1.8999943000043
enable
0.1714747427875
bias
0.42105073684495
node
0.58317189095407
disable
0.37999886000085
done
17
170 171 1.1157024026902 18 1
4 171 0.16471756093173 1448 1
148 171 0.043388437405011 1638 1
101 171 -1.7665976014237 1429 1
49 172 0.37528343899808 1637 1
37 172 0.87772777519303 1451 1
170 1000001 1.0979049944411 17 1
171 1000001 1.2617332475249 19 1
37 1000001 1.1333569301416 1449 0
172 1000001 1.477129112624 1452 1
132 1000003 0.20104964756767 15 0
28 1000004 0.89436664242836 1430 1
1000001 1000005 0.82868473014771 1450 1
130 1000005 -1.4957121494186 16 1
143 1000006 -0.31244850001526 1428 1
100 1000001 -1.5291604358043 1661 1
56 1000006 -0.17963194677572 1662 1
0
0
1
0
173
connections
0.85941120772179
step
0.33240847645654
link
1.9999940000045
enable
0.18049972925
bias
0.44321130194205
node
0.49999850000112
disable
0.3999988000009
done
12
170 171 0.56481626675378 18 1
171 1000001 0.75820467512092 19 0
170 1000001 -1.6940824610126 17 0
89 1000002 0.07432380058743 1610 0
132 1000003 0.89601660988125 15 0
130 1000005 0.25983561935065 16 1
98 1000005 1.8205978888207 1611 1
83 1000006 -2.1007109181984 1631 1
93 1000006 0.91329691457869 1632 1
6 171 -0.11151463362529 1642 1
51 1000005 0.50898770104068 1643 1
170 1000006 -0.34662923062838 1644 1
0
0
1
0
172
connections
0.7368398947385
step
0.285
link
2.10525684211
enable
0.189999715
bias
0.34295
node
0.4749992875
disable
0.37999943
done
10
170 171 -1.3685110019227 18 1
170 1000001 0.93420013576194 17 0
171 1000001 1.0835899049468 19 1
1000005 1000002 0.12347788933988 1629 1
132 1000003 0.19552043409956 15 0
134 1000004 1.50669881283 1630 1
130 1000005 -0.015032622160319 16 1
119 1000001 -0.86739707632679 1653 0
32 1000006 1.8723105563524 1654 1
52 1000004 1.3670461134678 1655 1
0
0
1
0
173
connections
0.6649990025
step
0.3157885263165
link
2.3326910628529
enable
0.171475
bias
0.34295
node
0.4749992875
disable
0.37999943
done
12
170 171 -1.3685110019227 18 1
170 1000001 0.93420013576194 17 0
171 1000001 0.98030064896847 19 1
1000005 1000002 0.12347788933988 1629 1
132 1000003 0.19552043409956 15 0
134 1000004 1.50669881283 1630 1
130 1000005 -0.015032622160319 16 1
1 1000003 -0.68330942716758 1656 0
126 1000003 0.66682943205054 1657 1
170 1000006 -1.1676992095706 1658 1
1 173 1 1659 1
173 1000003 -0.68330942716758 1660 1
