188
10000
1
10000
181
5
10000
172
connections
0.69999790000157
step
0.29999955
link
1.9999940000045
enable
0.19999940000045
bias
0.3999988000009
node
0.451249323125
disable
0.44321130194205
done
13
7 171 0.63949184228492 24 1
84 172 0.97342146996521 45 1
23 1000002 0.73064019042482 43 1
1000003 1000002 -1.1120258706244 21 1
172 1000003 0.63297497195196 46 1
84 1000003 0.49750961528825 22 0
48 1000004 -1.0716269417402 65 1
170 1000004 0.24382190664541 44 0
122 1000004 -0.41343833385266 20 0
7 1000005 0.92092488415632 23 0
171 1000005 0.90342791108585 25 1
106 1000006 1.3220222972182 42 1
67 1000006 -1.5325785088656 66 1
0
173
connections
0.6649980050015
step
0.315789
link
2.1052536842247
enable
0.18999943000043
bias
0.37999886000085
node
0.47499857500107
disable
0.46653751276326
done
17
7 171 0.74668874914243 24 1
84 172 0.73091533247932 45 1
23 1000002 0.61891370106052 43 1
1000003 1000002 -1.2033788761177 21 1
172 1000003 0.49328071996063 46 1
84 1000003 0.37518197537614 22 0
48 1000004 -1.2757761890622 65 1
170 1000004 -1.195165868099 44 0
122 1000004 -0.49496118156529 20 0
7 1000005 0.9777181388638 23 0
171 1000005 0.64295764212622 25 0
106 1000006 1.0153695615085 42 1
67 1000006 -1.3747273772088 66 1
32 171 0.99752800073244 1823 1
26 1000004 -0.21637623218482 1824 1
171 173 1 1825 1
173 1000005 0.64295764212622 1826 1
0
172
connections
0.6649980050015
step
0.2849995725
link
2.1052536842247
enable
0.18999943000043
bias
0.42105073684495
node
0.47499857500107
disable
0.46653751276326
done
16
7 171 0.71354155667483 24 1
84 172 1.1593187404826 45 1
23 1000002 0.79289007416097 43 1
1000003 1000002 -1.5464949491867 21 1
172 1000003 0.84526125284455 46 1
84 1000003 0.62034811018914 22 0
48 1000004 -1.0231891043046 65 0
170 1000004 0.26006062858692 44 0
122 1000004 -0.5137496247747 20 0
7 1000005 0.84202748365741 23 0
171 1000005 1.202036508828 25 1
106 1000006 1.1898945923369 42 1
67 1000006 -1.4813399920164 66 1
156 172 -0.76216925565355 1827 1
39 1000006 0.10138248847926 1828 1
170 172 -0.9410077211829 1829 1
0
173
connections
0.73683878947866
step
0.2849995725
link
1.8999943000043
enable
0.18999943000043
bias
0.42105073684495
node
0.47499857500107
disable
0.46653751276326
done
15
7 171 0.63949184228492 24 1
84 172 0.97342146996521 45 0
23 1000002 0.73064019042482 43 1
1000003 1000002 -1.1120258706244 21 1
172 1000003 0.63297497195196 46 1
84 1000003 0.49750961528825 22 0
48 1000004 -1.0716269417402 65 1
170 1000004 0.24382190664541 44 0
122 1000004 -0.41343833385266 20 0
7 1000005 0.92092488415632 23 0
171 1000005 0.90342791108585 25 1
106 1000006 1.3220222972182 42 1
67 1000006 -1.5325785088656 66 1
34 1000006 -0.84994048890652 1830 1
66 1000003 0.42268135624256 1831 1
0
172
connections
0.73683878947866
step
0.285
link
1.8999943000043
enable
0.21052536842247
bias
0.42105073684495
node
0.42868685696875
disable
0.46653751276326
done
15
7 171 0.60864083364818 24 1
84 172 0.81972308439436 45 1
23 1000002 0.53014777427442 43 1
1000003 1000002 -1.0202556444823 21 1
172 1000003 0.55118979174017 46 1
84 1000003 0.60778870705741 22 0
48 1000004 -1.0438201544237 65 1
170 1000004 0.42149136066927 44 1
122 1000004 -0.29616623082217 20 0
7 1000005 0.90710411936247 23 0
171 1000005 1.0018084463805 25 1
106 1000006 1.3958403153462 42 1
67 1000006 1.9044160283212 66 1
55 172 0.011413922544023 1832 1
1000003 1000004 1.7812433240761 1833 1
