19
20000
4
20000
17
3
20000
171
connections
0.736841
step
0.315789
link
2.10526
enable
0.19
bias
0.38
node
0.526315
disable
0.38
done
5
170 171 1 18 1
171 1000001 1.2115237891781 19 1
170 1000001 1.2115237891781 17 0
132 1000003 0.3961912900174 15 0
130 1000005 0.28962065492721 16 1
0
172
connections
0.69999895
step
0.29999955
link
1.999997
enable
0.1805
bias
0.361
node
0.55401495845
disable
0.361
done
7
170 171 1.1023978877972 18 1
171 1000001 1.444319389903 19 1
170 1000001 1.2197546188376 17 1
132 1000003 0.46078361843471 15 0
130 1000005 0.10796560345622 16 0
136 1000002 -0.50520340586566 329 1
1000004 1000001 0.35248878444777 330 1
0
172
connections
0.69999895
step
0.29999955
link
2.2160598338
enable
0.1805
bias
0.361
node
0.49999925
disable
0.361
done
9
170 171 0.96827605698569 18 1
171 1000001 1.4191599684301 19 1
170 1000001 1.0532702956709 17 0
132 1000003 0.3631306382931 15 0
130 1000005 0.28706473618732 16 1
107 1000004 -0.947233497116 331 1
154 1000006 -1.2398449659719 332 1
55 1000005 0.37653736991485 333 1
170 1000002 -0.47541734061708 334 1
0
13
4
0
170
connections
0.69999895
step
0.285
link
1.805
enable
0.22160598338
bias
0.3999994
node
0.49999925
disable
0.44321196676
done
5
170 1000002 -1.4894863734855 136 1
147 1000002 1.206640827662 134 1
170 1000003 -0.26291283913694 36 0
154 1000004 1.7567064424574 135 1
32 1000006 0.087021851252785 35 1
0
170
connections
0.7368398947385
step
0.29999955
link
1.71475
enable
0.210525684211
bias
0.37999943
node
0.4749992875
disable
0.46653821257058
done
7
170 1000002 0.41108432264168 136 1
147 1000002 0.91460659668722 134 1
170 1000003 -0.28692781822108 36 0
154 1000004 1.5796840937757 135 1
32 1000006 -0.1853096595584 35 1
64 1000002 0.31196020386364 335 1
6 1000001 -0.42500076296274 336 1
0
170
connections
0.7368398947385
step
0.27075
link
1.71475
enable
0.210525684211
bias
0.37999943
node
0.5263142105275
disable
0.421051368422
done
8
170 1000002 -1.637846499527 136 1
147 1000002 1.298697645497 134 1
170 1000003 -0.29058524582659 36 0
154 1000004 1.8564807962279 135 1
32 1000006 0.038791383098849 35 1
118 1000005 0.23822748496963 337 1
31 1000006 0.56416516617328 338 1
170 1000005 -0.39558091982788 339 1
0
170
connections
0.6649990025
step
0.27075
link
1.89999715
enable
0.23326910628529
bias
0.37999943
node
0.5263142105275
disable
0.421051368422
done
7
170 1000002 1.9919431134983 136 1
147 1000002 1.4892422254097 134 1
170 1000003 -0.20823731955931 36 0
154 1000004 1.685703459273 135 1
32 1000006 0.044492774742882 35 1
80 1000003 -0.70418408764916 342 0
101 1000003 -0.76290169988098 343 1
0
6
2
0
170
connections
0.69999895
step
0.29999955
link
1.999997
enable
0.22160598338
bias
0.3999994
node
0.49999925
disable
0.3999994
done
5
170 1000003 -0.24909207434309 36 1
154 1000005 -1.0544145023957 233 1
170 1000005 0.62166203802606 234 1
32 1000006 -0.17023224585711 35 1
57 1000006 0.38862269966735 232 1
0
170
connections
0.7368398947385
step
0.285
link
2.10525684211
enable
0.210525684211
bias
0.421051368422
node
0.5263142105275
disable
0.37999943
done
7
170 1000003 -0.24909207434309 36 1
154 1000005 -1.0544145023957 233 1
170 1000005 0.62166203802606 234 1
32 1000006 -0.17023224585711 35 1
57 1000006 0.38862269966735 232 1
150 1000003 -0.81502731406598 340 1
2 1000004 -0.72005371257668 341 1
0
1
1
0
171
connections
0.7368398947385
step
0.285
link
1.71475
enable
0.23326910628529
bias
0.421051368422
node
0.5263142105275
disable
0.46653821257058
done
9
145 171 1 316 1
147 1000002 1.4799336222419 134 0
170 1000002 -1.6294248786889 136 1
170 1000003 -0.077484969634083 36 0
24 1000003 -1.5783562730796 315 1
154 1000004 -0.4239020966216 135 1
32 1000006 0.21003448591571 35 1
145 1000006 -1.8791467024751 314 0
171 1000006 -1.8791467024751 317 1
