52
20000
4
20000
50
3
20000
171
connections
0.736841
step
0.315789
link
2.10526
enable
0.19
bias
0.38
node
0.526315
disable
0.38
done
5
170 171 1 18 1
171 1000001 1.2115237891781 19 1
170 1000001 1.2115237891781 17 0
132 1000003 0.3961912900174 15 0
130 1000005 0.28962065492721 16 1
0
171
connections
0.77562094183
step
0.33240897507
link
2.2160598338
enable
0.1805
bias
0.361
node
0.55401495845
disable
0.3999994
done
7
170 171 1.0401422868847 18 0
171 1000001 1.1226670060537 19 1
170 1000001 0.88664212693818 17 0
132 1000003 0.3332033043547 15 0
130 1000005 0.52163840659279 16 1
55 1000006 -1.8444776757103 969 1
125 171 0.7421491134373 970 1
0
171
connections
0.69999895
step
0.315789
link
1.999997
enable
0.1805
bias
0.361
node
0.49999925
disable
0.361
done
8
170 171 0.73600243913083 18 1
171 1000001 1.3580027775201 19 1
170 1000001 1.3499459031037 17 1
132 1000003 0.67701576802881 15 0
130 1000005 0.55107393966491 16 1
2 1000003 -0.25910214545122 971 1
164 1000001 1.3824274422437 972 1
170 1000006 0.61714529862362 973 0
0
9
3
0
171
connections
0.7368398947385
step
0.315789
link
2.10525684211
enable
0.189999715
bias
0.421051368422
node
0.58317276571322
disable
0.37999943
done
9
170 171 1.1207731621754 18 1
170 1000001 1.1171977660146 17 0
41 1000001 0.096377452925199 793 1
171 1000001 -1.391464188818 19 1
132 1000003 0.39767397421186 15 0
29 1000005 -0.70682765681936 770 1
130 1000005 0.353666879635 16 1
13 1000005 -1.190038758507 792 1
150 1000006 -2.0292942074343 769 0
0
171
connections
0.69999790000157
step
0.29999955
link
2.2160565097102
enable
0.19999940000045
bias
0.44321130194205
node
0.55401412742756
disable
0.3999988000009
done
12
170 171 0.95742918892331 18 1
170 1000001 1.3029178768502 17 0
41 1000001 0.27942414634083 793 1
171 1000001 -1.3006503963912 19 1
132 1000003 0.51965322176733 15 0
29 1000005 -0.88483880372478 770 1
130 1000005 0.062365091788995 16 1
13 1000005 -1.3153872444548 792 1
150 1000006 -2.243378178431 769 0
57 1000001 0.32331308938871 974 1
86 1000001 -1.4275948362682 975 1
170 1000002 0.92550431836909 976 1
0
172
connections
0.77561977839859
step
0.33240897507
link
2.2160565097102
enable
0.18049972925
bias
0.3999988000009
node
0.61386514837271
disable
0.3609994585
done
13
170 171 0.8420698395612 18 1
170 1000001 0.97893665205148 17 0
41 1000001 0.34253681386986 793 1
171 1000001 -1.7033404399419 19 1
132 1000003 0.63401333674751 15 0
29 1000005 -0.63237624326186 770 1
130 1000005 0.53404848264167 16 1
13 1000005 -1.2900749199855 792 1
150 1000006 -1.8646164861809 769 0
23 1000003 -1.2177495651112 980 1
112 1000001 -1.753288369396 981 0
112 172 1 982 1
172 1000001 -1.753288369396 983 1
0
6
3
0
173
connections
0.7368398947385
step
0.285
link
2.10525684211
enable
0.189999715
bias
0.421051368422
node
0.5263142105275
disable
0.37999943
done
14
170 171 1.262289317009 18 1
31 171 -0.95736564226203 846 1
130 172 1 827 1
171 173 1 848 1
171 1000001 0.92766699632454 19 0
173 1000001 0.92766699632454 849 1
170 1000001 1.3170989167014 17 1
132 1000002 1.8717001861629 826 1
170 1000002 -0.93160802026429 847 0
36 1000002 -1.0262153996399 825 0
132 1000003 0.56021975517767 15 0
130 1000005 0.56767472144821 16 0
172 1000005 0.56767472144821 828 1
1000002 1000005 -0.53975035859249 845 1
0
174
connections
0.6649980050015
step
0.285
link
2.1052536842247
enable
0.18999943000043
bias
0.42105073684495
node
0.52631342105618
disable
0.37999886000085
done
20
170 171 0.98903131352992 18 1
31 171 -0.71486297189245 846 1
5 172 -1.7235225989563 962 1
170 172 -0.53837595751823 963 1
130 172 1.1403038117618 827 1
171 173 0.89201712088382 848 1
173 1000001 0.74871027157098 849 0
170 1000001 1.0833809992844 17 1
171 1000001 0.76525344000264 19 0
135 1000002 -1.3060400708029 961 0
170 1000002 -0.85697241126743 847 0
132 1000002 1.6961355937376 826 1
36 1000002 -1.2224111148412 825 0
132 1000003 0.3376175944672 15 0
1000002 1000005 -0.44530121768853 845 1
172 1000005 0.59186323428125 828 1
130 1000005 0.44767151700472 16 0
161 171 1.6310922574541 977 1
21 1000004 -1.664296395764 978 1
170 1000005 0.51667836542863 979 1
0
174
connections
0.69999790000157
step
0.27075
link
2.2160565097102
enable
0.19999940000045
bias
0.3999988000009
node
0.55401412742756
disable
0.3999988000009
done
19
170 171 1.4756453077924 18 1
31 171 1.9934080019532 846 1
130 172 0.8306190908536 827 1
171 173 1.1511860332041 848 1
171 1000001 1.1647705227383 19 0
173 1000001 0.68355654220912 849 1
170 1000001 1.0815322871655 17 1
132 1000002 1.6551381954405 826 1
170 1000002 -0.9972236014893 847 0
36 1000002 -0.81765188299203 825 0
132 1000003 0.51098121487798 15 0
130 1000005 0.68865164182542 16 0
172 1000005 0.83459074213976 828 1
1000002 1000005 -0.35468649098178 845 1
73 1000001 1.1451155125584 984 0
55 1000002 -1.0649128696554 985 1
170 1000004 1.4503006073183 986 1
73 174 1 987 1
174 1000001 1.1451155125584 988 0
0
1
1
0
171
connections
0.7368398947385
step
0.3157885263165
link
2.10525684211
enable
0.171475
bias
0.34295
node
0.58317276571322
disable
0.421051368422
done
10
170 171 1.4190810605464 18 1
171 1000001 0.79312993991814 19 1
170 1000001 1.0119546327689 17 1
131 1000001 -0.92024608513014 935 1
170 1000002 1.9908444471572 956 1
132 1000003 -1.7699903717794 15 0
14 1000005 0.81424050916099 936 1
144 1000005 1.0588091677602 954 1
130 1000005 0.26661982749424 16 0
118 1000006 1.2668233283486 955 1
