226
10000
2
10000
219
4
10000
172
connections
0.69999790000157
step
0.29999955
link
1.9999940000045
enable
0.19999940000045
bias
0.3999988000009
node
0.451249323125
disable
0.44321130194205
done
13
7 171 0.63949184228492 24 1
84 172 0.97342146996521 45 1
23 1000002 0.73064019042482 43 1
1000003 1000002 -1.1120258706244 21 1
172 1000003 0.63297497195196 46 1
84 1000003 0.49750961528825 22 0
48 1000004 -1.0716269417402 65 1
170 1000004 0.24382190664541 44 0
122 1000004 -0.41343833385266 20 0
7 1000005 0.92092488415632 23 0
171 1000005 0.90342791108585 25 1
106 1000006 1.3220222972182 42 1
67 1000006 -1.5325785088656 66 1
0
172
connections
0.6649980050015
step
0.3157885263165
link
1.8999943000043
enable
0.18999943000043
bias
0.42105073684495
node
0.42868685696875
disable
0.46653751276326
done
15
7 171 0.93912809435885 24 1
84 172 1.1570042098499 45 1
23 1000002 0.68323384376657 43 1
1000003 1000002 -1.2427764103911 21 1
172 1000003 0.45307709833167 46 1
84 1000003 0.45453647039109 22 0
48 1000004 -0.8942804183991 65 1
170 1000004 0.70894497512741 44 0
122 1000004 -0.33592476479954 20 0
7 1000005 0.8240787004668 23 0
171 1000005 0.9416078543957 25 1
106 1000006 1.0209701340628 42 1
67 1000006 -1.4110605936361 66 0
67 172 0.66585283974731 2201 1
170 171 0.29645680104984 2202 1
0
172
connections
0.77561861496892
step
0.29999910000067
link
1.8049945850041
enable
0.19999910000135
bias
0.4432106371251
node
0.45124864625102
disable
0.4432106371251
done
18
7 171 0.57061817925901 24 1
84 172 0.96521542805358 45 1
1000003 1000002 -0.89316225127331 21 1
23 1000002 0.80523246854905 43 1
84 1000003 0.46195281334383 22 0
170 1000003 -0.86718098920516 2198 1
172 1000003 0.20519317625113 46 1
122 1000004 -0.61266796308632 20 1
48 1000004 -0.94154461347914 65 1
170 1000004 -0.047691754186722 44 0
171 1000005 1.1318909932465 25 1
49 1000005 -0.56672872096927 2196 1
7 1000005 -0.72515979180553 23 1
67 1000006 -1.7080364967556 66 1
106 1000006 1.2586443678091 42 1
133 1000006 -0.97705270267985 2197 1
49 171 -0.58491775261696 2203 1
115 172 0.24738303781243 2204 1
0
172
connections
0.6649980050015
step
0.315789
link
2.1052536842247
enable
0.18999943000043
bias
0.37999886000085
node
0.42868685696875
disable
0.46653751276326
done
15
7 171 0.34492441819971 24 1
84 172 -0.53608813745537 45 1
23 1000002 0.85458691514786 43 1
1000003 1000002 -0.81223497054201 21 1
172 1000003 0.6453783180929 46 1
84 1000003 0.39817683465529 22 0
48 1000004 -1.3159256374096 65 1
170 1000004 0.047941556750694 44 0
122 1000004 -0.68364238649709 20 0
7 1000005 1.1969306573733 23 0
171 1000005 1.0655773274194 25 1
106 1000006 1.6168595687719 42 1
67 1000006 -1.2893206534318 66 1
39 1000005 -1.6075319681387 2205 1
88 1000004 -1.4015930661946 2206 1
0
2
1
0
175
connections
0.69999580000945
step
0.29999955
link
2.2160498615457
enable
0.24554532271146
bias
0.49109064542292
node
0.49999700000675
disable
0.49109064542292
done
26
7 171 0.32219152780671 24 1
38 172 0.8866455472869 2157 1
84 172 1.6319211640619 45 1
170 172 0.42963957640309 2164 1
28 172 -1.6224766825602 2163 1
170 175 1 2190 1
170 1000002 1.6134132454283 2176 1
23 1000002 0.97896587769097 43 1
175 1000002 1.6134132454283 2191 1
114 1000002 -0.41059602649007 2189 1
1000003 1000002 -0.8423471772702 21 0
84 1000003 0.28272982331919 22 0
11 1000003 1.5090182195502 2187 1
15 1000003 -0.84383678701132 2188 1
172 1000003 0.64873760585978 46 1
131 1000004 1.6767083195883 2174 1
48 1000004 -0.63815016039407 65 0
170 1000004 0.24857363144322 44 1
122 1000004 -0.11581922402112 20 0
72 1000004 -1.9337714750557 2175 1
51 1000005 -0.88496697886441 2162 1
171 1000005 1.019333831773 25 1
7 1000005 1.2074108584307 23 0
67 1000006 -0.81038850062563 66 1
106 1000006 1.0464680366405 42 1
122 1000006 0.44204498197119 2156 1
