85
20000
4
20000
83
5
20000
171
connections
0.736841
step
0.315789
link
2.10526
enable
0.19
bias
0.38
node
0.526315
disable
0.38
done
5
170 171 1 18 1
171 1000001 1.2115237891781 19 1
170 1000001 1.2115237891781 17 0
132 1000003 0.3961912900174 15 0
130 1000005 0.28962065492721 16 1
0
171
connections
0.77562094183
step
0.315789
link
1.999997
enable
0.1999997
bias
0.3999994
node
0.55401495845
disable
0.361
done
7
170 171 0.74168851078829 18 1
171 1000001 1.3341598261971 19 0
170 1000001 1.0050037390973 17 0
132 1000003 0.67422091924802 15 0
130 1000005 0.60525545637379 16 1
44 171 0.68575090792566 1608 1
33 1000004 -0.34296700949126 1609 1
0
171
connections
0.77562094183
step
0.33240897507
link
1.999997
enable
0.1805
bias
0.3999994
node
0.49999925
disable
0.3999994
done
7
170 171 0.86644599271229 18 1
171 1000001 1.4681726938779 19 1
170 1000001 0.88399914548173 17 0
132 1000003 0.61228197814771 15 0
130 1000005 0.33710745567187 16 1
89 1000002 0.33429975280007 1610 0
98 1000005 1.8337351603748 1611 1
0
172
connections
0.69999895
step
0.29999955
link
1.999997
enable
0.1805
bias
0.361
node
0.49999925
disable
0.361
done
9
170 171 0.84106899659871 18 0
171 1000001 0.98030064896847 19 1
170 1000001 0.94334889312265 17 0
132 1000003 0.44578684537339 15 0
130 1000005 -0.0019557990920741 16 1
14 171 1.7607348857082 1620 1
24 1000006 1.8592486342967 1621 1
170 172 1 1622 1
172 171 0.84106899659871 1623 1
0
171
connections
0.77562094183
step
0.33240897507
link
2.2160598338
enable
0.1999997
bias
0.361
node
0.49999925
disable
0.3999994
done
7
170 171 1.2924797253408 18 1
171 1000001 0.19721060823389 19 1
170 1000001 1.081723293679 17 0
132 1000003 0.42813671872602 15 1
130 1000005 0.46862258873593 16 1
64 1000005 1.7986999114963 1624 1
37 1000005 1.5097506637776 1625 1
0
13
2
0
172
connections
0.7368398947385
step
0.285
link
2.10525684211
enable
0.210525684211
bias
0.37999943
node
0.4749992875
disable
0.37999943
done
11
170 171 1.2755247149312 18 1
143 171 -1.3339640491958 1340 1
130 172 1 1341 1
115 1000001 -1.3842585528123 1339 1
170 1000001 0.78763886488083 17 0
171 1000001 1.5398850845622 19 1
96 1000002 0.25515472884304 1325 1
132 1000003 -1.6801660206915 15 0
100 1000004 -0.99269188512833 1326 1
130 1000005 0.20697511784265 16 0
172 1000005 0.20697511784265 1342 1
0
174
connections
0.8164406473357
step
0.3157885263165
link
1.8999943000043
enable
0.23326875638163
bias
0.42105073684495
node
0.52631342105618
disable
0.37999886000085
done
19
170 171 1.1905903516258 18 1
143 171 -1.6279142381414 1340 1
166 172 0.86406540253136 1594 1
80 172 -1.342712523546 1593 0
173 172 -0.24152348399304 1596 0
130 172 0.79795201104082 1341 1
80 173 1.0790170026938 1595 1
115 1000001 -1.5788857475192 1339 1
170 1000001 0.5755872597738 17 0
171 1000001 1.2922136670444 19 0
96 1000002 0.22708099682119 1325 0
132 1000003 -1.7151979519993 15 0
100 1000004 -0.9781683306632 1326 1
172 1000005 0.39772807970618 1342 1
130 1000005 0.031352866337609 16 0
173 1000006 -0.40095217749565 1612 1
108 1000006 -0.32746360667745 1613 1
173 174 1 1614 1
174 172 -0.24152348399304 1615 1
0
8
2
0
172
connections
0.7368398947385
step
0.315789
link
2.10525684211
enable
0.171475
bias
0.421051368422
node
0.58317276571322
disable
0.37999943
done
13
170 171 1.0588556603595 18 1
101 171 -1.8399609363079 1429 1
4 171 0.17120883816034 1448 1
37 172 1 1451 1
171 1000001 1.4799738332774 19 1
172 1000001 1.2662129581591 1452 1
170 1000001 1.2276664502396 17 1
37 1000001 1.2662129581591 1449 0
132 1000003 0.36029193929868 15 0
28 1000004 1.1338847010712 1430 1
1000001 1000005 1.0840784936064 1450 1
130 1000005 0.10877466399121 16 1
143 1000006 0.10724204229865 1428 1
0
173
connections
0.77561977839859
step
0.33240897507
link
2.2160565097102
enable
0.16290125
bias
0.44321130194205
node
0.55401412742756
disable
0.3609994585
done
17
170 171 0.84390117039222 18 1
101 171 -1.9239888772394 1429 1
4 171 0.3730158922412 1448 1
37 172 -0.74263740958892 1451 0
171 1000001 1.2731553337275 19 1
172 1000001 0.9943065352702 1452 1
170 1000001 1.0977645084759 17 1
37 1000001 1.2177926560866 1449 0
132 1000003 0.33390576588772 15 0
28 1000004 0.99462941371545 1430 1
1000001 1000005 1.4109687918845 1450 1
130 1000005 -0.00020905802108834 16 1
143 1000006 0.10548702192184 1428 0
52 1000001 0.12372203741569 1616 1
75 1000005 -1.3827936643574 1617 1
37 173 1 1618 1
173 172 -0.74263740958892 1619 1
0
0
1
0
172
connections
0.7368398947385
step
0.2849995725
link
2.3326910628529
enable
0.189999715
bias
0.37999943
node
0.5263142105275
disable
0.34295
done
11
170 171 1.2319555833384 18 0
170 1000001 1.2147190723273 17 1
86 1000001 1.8612018189032 1592 1
171 1000001 1.2115237891781 19 1
1000002 1000003 1.5832392345958 1591 1
132 1000003 0.3961912900174 15 0
130 1000005 0.28962065492721 16 1
4 1000005 1.5213476973785 1604 1
72 1000001 -0.79171117282632 1605 1
138 1000004 -0.56343272194586 1606 1
170 1000006 -1.3689992980743 1607 1
