208
10000
2
10000
201
3
10000
172
connections
0.69999790000157
step
0.29999955
link
1.9999940000045
enable
0.19999940000045
bias
0.3999988000009
node
0.451249323125
disable
0.44321130194205
done
13
7 171 0.63949184228492 24 1
84 172 0.97342146996521 45 1
23 1000002 0.73064019042482 43 1
1000003 1000002 -1.1120258706244 21 1
172 1000003 0.63297497195196 46 1
84 1000003 0.49750961528825 22 0
48 1000004 -1.0716269417402 65 1
170 1000004 0.24382190664541 44 0
122 1000004 -0.41343833385266 20 0
7 1000005 0.92092488415632 23 0
171 1000005 0.90342791108585 25 1
106 1000006 1.3220222972182 42 1
67 1000006 -1.5325785088656 66 1
0
173
connections
0.73683878947866
step
0.3157885263165
link
2.1052536842247
enable
0.21052536842247
bias
0.42105073684495
node
0.42868685696875
disable
0.42105073684495
done
15
7 171 0.94921101620044 24 1
84 172 0.99255273358224 45 1
23 1000002 -0.042784492969736 43 1
1000003 1000002 -0.83297509455415 21 1
172 1000003 0.693946548117 46 1
84 1000003 0.56764093966964 22 0
48 1000004 -1.329089952713 65 1
170 1000004 0.15237266423025 44 0
122 1000004 -1.2088381603442 20 0
7 1000005 1.8074892422254 23 0
171 1000005 0.70496503311607 25 1
106 1000006 0.034974211859493 42 1
67 1000006 -1.6108279671621 66 1
7 1000001 1.2173833429975 2030 1
63 1000004 -0.45539719840083 2031 1
0
172
connections
0.6649980050015
step
0.2849995725
link
2.1052536842247
enable
0.18999943000043
bias
0.42105073684495
node
0.42868685696875
disable
0.42105073684495
done
15
7 171 0.82879863556665 24 1
84 172 1.1364088349689 45 1
23 1000002 0.80129211240173 43 1
1000003 1000002 -1.7537766655477 21 1
172 1000003 0.67786412242874 46 0
84 1000003 -1.539780877102 22 0
48 1000004 -0.81005914048303 65 1
170 1000004 0.21250126512886 44 1
122 1000004 -0.41828298737243 20 0
7 1000005 1.0632811573308 23 0
171 1000005 1.0975532646009 25 1
106 1000006 1.2782116692486 42 1
67 1000006 -1.6337421804788 66 1
45 1000002 -0.40839869380779 2037 1
13 1000003 1.8763389996033 2038 1
0
0
2
0
174
connections
0.81643942267473
step
0.31578805263371
link
2.1052505263442
enable
0.21052505263442
bias
0.37999829000256
node
0.52631263158605
disable
0.46653681295699
done
26
7 171 1.1575522470185 24 1
84 172 0.67216954882858 45 1
128 172 -1.3839507656875 2005 1
1000003 173 -0.13351619031927 2009 1
63 1000001 -1.6018769320012 2006 1
5 1000002 -1.2141995993517 2020 1
1000003 1000002 -0.988934345428 21 1
23 1000002 0.86280220114315 43 1
173 1000002 -0.79932204876767 2010 1
84 1000003 0.49333934694143 22 0
172 1000003 -1.2357007441758 46 1
122 1000004 0.33710745567187 20 1
170 1000004 0.2904644036379 44 1
29 1000004 0.53177718676632 2007 1
48 1000004 -0.74350889831182 65 1
170 1000005 -0.74757440185703 2008 1
171 1000005 0.44617463956515 25 1
7 1000005 0.80670952443091 23 0
67 1000006 -1.9658192693869 66 1
106 1000006 1.5088521236813 42 1
154 1000006 -0.43524448121555 2021 1
124 1000001 1.5157322916349 2025 1
154 1000002 0.48774681844539 2026 1
170 1000003 -0.017517624439222 2027 1
5 174 1 2028 1
174 1000002 -1.2141995993517 2029 1
0
174
connections
0.73683768422047
step
0.28499914500064
link
2.1052505263442
enable
0.21052505263442
bias
0.42105010526884
node
0.52631263158605
disable
0.46653681295699
done
26
7 171 -0.68062379833369 24 1
84 172 0.79742280589977 45 1
128 172 1.4128238776818 2005 1
1000003 173 0.09479865301006 2009 1
63 1000001 -1.3759331426872 2006 1
5 1000002 -1.1539984422988 2020 1
1000003 1000002 -0.90215802697401 21 1
23 1000002 0.91970509025038 43 1
173 1000002 -0.87050626744818 2010 1
84 1000003 0.38410160284534 22 0
172 1000003 -1.2230255529464 46 1
122 1000004 -0.77583270069419 20 1
170 1000004 0.77999206518754 44 1
29 1000004 0.51202360782412 2007 0
48 1000004 -0.8006736737149 65 1
170 1000005 -0.64303988154303 2008 1
171 1000005 0.37941047653524 25 1
7 1000005 0.47367209668305 23 0
67 1000006 -1.8364411068298 66 1
106 1000006 1.3111649283291 42 0
154 1000006 -0.12608284334716 2021 1
10 1000002 -0.27326273384808 2032 1
33 1000002 -1.1083712271493 2033 1
170 172 -0.28669087801752 2034 1
106 174 1 2035 1
174 1000006 1.3111649283291 2036 1
