43
40000
4
40000
21
3
40000
170
connections
0.69999895
step
0.285
link
1.805
enable
0.22160598338
bias
0.44321196676
node
0.49999925
disable
0.3999994
done
5
170 1000001 1.6575823236793 202 1
1000003 1000002 -1.3870662556841 21 0
47 1000004 1.1698965422529 201 1
122 1000004 -0.29377117221595 20 0
168 1000006 0.56978057191687 200 1
0
170
connections
0.7368398947385
step
0.27075
link
1.71475
enable
0.23326910628529
bias
0.46653821257058
node
0.4749992875
disable
0.37999943
done
6
170 1000001 1.8331108203375 202 0
1000003 1000002 -1.3912390133366 21 0
47 1000004 1.2743642155217 201 1
122 1000004 -0.30146391949217 20 0
168 1000006 0.41464487899411 200 1
80 1000005 -1.6700338755455 764 1
0
170
connections
0.6649990025
step
0.27075
link
1.71475
enable
0.23326910628529
bias
0.421051368422
node
0.5263142105275
disable
0.421051368422
done
7
170 1000001 1.6575823236793 202 1
1000003 1000002 -1.3870662556841 21 0
47 1000004 1.1698965422529 201 1
122 1000004 -0.29377117221595 20 1
168 1000006 0.56978057191687 200 1
6 1000005 1.1059297463912 765 1
170 1000003 1.9304177983947 766 1
40000
21
3
40000
171
connections
0.6649990025
step
0.27075
link
1.71475
enable
0.210525684211
bias
0.46653821257058
node
0.5263142105275
disable
0.421051368422
done
9
170 171 1 245 1
171 1000001 1.7518205435347 246 1
170 1000001 1.7518205435347 202 0
14 1000001 -0.67928098391675 244 0
68 1000002 -1.2228766747032 243 1
1000003 1000002 -0.093081453901791 21 0
122 1000004 -0.16370507675405 20 0
47 1000004 0.75850703451643 201 1
168 1000006 0.21051667836543 200 1
0
171
connections
0.69999790000157
step
0.2572125
link
1.6290125
enable
0.22160565097102
bias
0.44321130194205
node
0.55401412742756
disable
0.44321130194205
done
12
170 171 1 245 1
171 1000001 1.7518205435347 246 1
170 1000001 1.7518205435347 202 0
14 1000001 -0.67928098391675 244 0
68 1000002 -1.2228766747032 243 1
1000003 1000002 -0.093081453901791 21 0
122 1000004 -0.16370507675405 20 0
47 1000004 0.75850703451643 201 1
168 1000006 0.21051667836543 200 1
121 1000001 1.057832575457 767 1
155 1000004 1.0564897610401 768 1
170 1000004 -0.20892971587268 769 1
0
171
connections
0.631749052375
step
0.2849995725
link
1.8049972925
enable
0.22160565097102
bias
0.44321130194205
node
0.49999850000112
disable
0.44321130194205
done
12
170 171 0.94994437880375 245 1
171 1000001 1.9079888630097 246 1
170 1000001 1.776182975328 202 0
14 1000001 -0.58879816422872 244 0
68 1000002 -1.1009601425906 243 0
1000003 1000002 -0.118226684289 21 0
122 1000004 -0.081641690831095 20 0
47 1000004 0.83549092734146 201 1
168 1000006 0.26949620353168 200 1
5 1000003 0.49714651936399 776 1
169 171 1.7487716299936 777 1
170 1000005 1.6774803918577 778 1
40000
21
2
40000
171
connections
0.631749052375
step
0.285
link
1.8049972925
enable
0.22160565097102
bias
0.44321130194205
node
0.49999850000112
disable
0.3999988000009
done
12
170 171 1 382 1
170 1000001 1.7547625659963 202 1
166 1000001 0.57454145939512 379 1
170 1000002 1.3694875942259 381 0
171 1000002 1.3694875942259 383 1
1000003 1000002 -1.2014644306772 21 0
127 1000003 -0.66133610034486 361 1
122 1000004 -0.46556093020417 20 0
64 1000004 -0.015198217719047 360 1
47 1000004 0.96194143498032 201 0
67 1000005 1.6596575823237 380 1
168 1000006 1.3801080355235 200 1
0
172
connections
0.63174810475142
step
0.27075
link
1.6290100564812
enable
0.22160531856255
bias
0.3999982000027
node
0.49999775000337
disable
0.3999982000027
done
15
170 171 1 382 0
166 1000001 0.57454145939512 379 1
170 1000001 1.7547625659963 202 0
1000003 1000002 -1.2014644306772 21 0
170 1000002 1.3694875942259 381 0
171 1000002 1.3694875942259 383 1
127 1000003 -0.66133610034486 361 1
64 1000004 -0.015198217719047 360 1
47 1000004 0.96194143498032 201 0
122 1000004 -0.46556093020417 20 0
74 1000005 0.80977813043611 758 1
67 1000005 1.6596575823237 380 1
168 1000006 1.3801080355235 200 1
164 1000006 1.3964659566027 759 1
85 1000005 -0.24494155705435 770 1
40000
21
2
40000
171
connections
0.7368398947385
step
0.315789
link
1.89999715
enable
0.23326910628529
bias
0.421051368422
node
0.5263142105275
disable
0.421051368422
done
9
47 171 1 389 1
165 1000001 -0.092593157750176 387 1
170 1000001 1.9311016452223 202 1
1000003 1000002 -1.1903763633839 21 0
47 1000004 0.52253791924802 201 0
171 1000004 0.52253791924802 390 1
150 1000004 1.8024842066713 388 1
122 1000004 -0.20715977224036 20 1
168 1000006 0.31069808993805 200 1
0
172
connections
0.77561977839859
step
0.315789
link
1.8049972925
enable
0.22160565097102
bias
0.3999988000009
node
0.55401412742756
disable
0.3999988000009
done
14
47 171 1.2215736838588 389 1
165 1000001 -0.30337294286935 387 1
170 1000001 1.7519132887356 202 1
1000003 1000002 -1.3350242439039 21 0
47 1000004 0.56493288402966 201 1
171 1000004 0.67294897070223 390 1
150 1000004 1.6464449080172 388 1
122 1000004 -0.20693811181982 20 0
168 1000006 0.46367269234291 200 1
80 1000006 -1.346415601062 771 1
100 1000006 0.54878383739738 772 1
170 1000002 0.72334971160009 773 1
122 172 1 774 1
172 1000004 -0.20693811181982 775 1
