28
40000
4
40000
6
2
40000
170
connections
0.69999895
step
0.285
link
1.805
enable
0.22160598338
bias
0.44321196676
node
0.49999925
disable
0.3999994
done
5
170 1000001 1.6575823236793 202 1
1000003 1000002 -1.3870662556841 21 0
122 1000004 -0.29377117221595 20 0
47 1000004 1.1698965422529 201 1
168 1000006 0.56978057191687 200 1
0
171
connections
0.7368398947385
step
0.27075
link
1.71475
enable
0.23326910628529
bias
0.46653821257058
node
0.5263142105275
disable
0.37999943
done
9
170 1000001 1.6575823236793 202 1
1000003 1000002 -1.3870662556841 21 1
122 1000004 -0.29377117221595 20 0
47 1000004 1.1698965422529 201 1
168 1000006 0.56978057191687 200 1
14 1000004 1.1209448530534 508 0
170 1000003 -1.8149357585376 509 1
14 171 1 510 1
171 1000004 1.1209448530534 511 1
40000
6
4
40000
171
connections
0.6649990025
step
0.27075
link
1.71475
enable
0.210525684211
bias
0.46653821257058
node
0.5263142105275
disable
0.421051368422
done
9
170 171 1 245 1
14 1000001 -0.67928098391675 244 0
170 1000001 1.7518205435347 202 0
171 1000001 1.7518205435347 246 1
1000003 1000002 -0.093081453901791 21 0
68 1000002 -1.2228766747032 243 1
122 1000004 -0.16370507675405 20 0
47 1000004 0.75850703451643 201 1
168 1000006 0.21051667836543 200 1
0
172
connections
0.631749052375
step
0.2849995725
link
1.8049972925
enable
0.19999940000045
bias
0.44321130194205
node
0.55401412742756
disable
0.44321130194205
done
13
170 171 1.2114165046772 245 1
14 1000001 -0.60885520375584 244 0
170 1000001 1.8513490358628 202 0
171 1000001 1.5700981988512 246 1
1000003 1000002 -0.30999494426031 21 0
68 1000002 -1.172316583302 243 1
122 1000004 -0.13241922628613 20 0
47 1000004 0.82303573193693 201 1
168 1000006 0.20116658404988 200 0
30 1000006 0.40656758323923 496 0
163 1000004 0.20636616107669 497 1
30 172 1 498 1
172 1000006 0.40656758323923 499 1
0
172
connections
0.69999790000157
step
0.2849995725
link
1.6290125
enable
0.19999940000045
bias
0.49109211869817
node
0.55401412742756
disable
0.44321130194205
done
11
170 171 1 245 1
14 1000001 -0.67928098391675 244 1
170 1000001 1.7518205435347 202 0
171 1000001 1.7518205435347 246 0
1000003 1000002 -0.093081453901791 21 0
68 1000002 -1.2228766747032 243 1
122 1000004 -0.16370507675405 20 0
47 1000004 0.75850703451643 201 1
168 1000006 0.21051667836543 200 1
1000006 171 -1.9260231330302 500 1
12 1000001 0.5126499221778 501 1
0
171
connections
0.69999790000157
step
0.2572125
link
1.8049972925
enable
0.22160565097102
bias
0.44321130194205
node
0.55401412742756
disable
0.44321130194205
done
10
170 171 1.0649880149998 245 1
14 1000001 -0.44059387531663 244 0
170 1000001 1.5259599135563 202 0
171 1000001 1.7956456537828 246 1
1000003 1000002 -0.18265486121708 21 0
68 1000002 -1.1520798505356 243 1
122 1000004 -0.30464719649342 20 0
47 1000004 0.66596642468032 201 1
168 1000006 0.024281546601764 200 1
54 1000003 0.57734916226691 507 1
40000
6
1
40000
171
connections
0.631749052375
step
0.285
link
1.8049972925
enable
0.22160565097102
bias
0.44321130194205
node
0.49999850000112
disable
0.3999988000009
done
12
170 171 1 382 1
166 1000001 0.57454145939512 379 1
170 1000001 1.7547625659963 202 1
170 1000002 1.3694875942259 381 0
171 1000002 1.3694875942259 383 1
1000003 1000002 -1.2014644306772 21 0
127 1000003 -0.66133610034486 361 1
64 1000004 -0.015198217719047 360 1
122 1000004 -0.46556093020417 20 0
47 1000004 0.96194143498032 201 0
67 1000005 1.6596575823237 380 1
168 1000006 1.3801080355235 200 1
40000
6
3
40000
171
connections
0.7368398947385
step
0.315789
link
1.89999715
enable
0.23326910628529
bias
0.421051368422
node
0.5263142105275
disable
0.421051368422
done
9
47 171 1 389 1
165 1000001 -0.092593157750176 387 1
170 1000001 1.9311016452223 202 1
1000003 1000002 -1.1903763633839 21 0
150 1000004 1.8024842066713 388 1
171 1000004 0.52253791924802 390 1
47 1000004 0.52253791924802 201 0
122 1000004 -0.20715977224036 20 1
168 1000006 0.31069808993805 200 1
0
171
connections
0.69999790000157
step
0.33240897507
link
1.8049972925
enable
0.22160565097102
bias
0.44321130194205
node
0.49999850000112
disable
0.3999988000009
done
11
47 171 1.0383771218815 389 1
165 1000001 -0.19013374112058 387 1
170 1000001 2.1042805634455 202 1
1000003 1000002 -0.94228952341268 21 0
150 1000004 2.0829932727946 388 1
171 1000004 0.66211783465035 390 1
47 1000004 0.36287164346365 201 0
122 1000004 -0.42223599772512 20 1
168 1000006 1.0503860591449 200 1
129 1000005 -0.054139835810419 502 1
154 1000004 -1.3914609210486 503 1
0
171
connections
0.77561977839859
step
0.33240897507
link
1.9999940000045
enable
0.24554605934908
bias
0.3999988000009
node
0.55401412742756
disable
0.44321130194205
done
12
47 171 0.9739181653827 389 1
165 1000001 -0.38990172528387 387 1
170 1000001 2.19826038293 202 1
1000003 1000002 -1.5137769101613 21 0
150 1000004 1.6828080483749 388 1
171 1000004 0.44520543177713 390 1
47 1000004 0.24811562899812 201 0
122 1000004 -0.53695143368482 20 1
168 1000006 0.11747338983861 200 1
155 1000004 -1.2160405285806 504 1
41 1000002 -1.959349345378 505 1
170 1000006 0.01837214270455 506 1
