151
20000
4
20000
149
3
20000
171
connections
0.736841
step
0.315789
link
2.10526
enable
0.19
bias
0.38
node
0.526315
disable
0.38
done
5
170 171 1 18 1
171 1000001 1.2115237891781 19 1
170 1000001 1.2115237891781 17 0
132 1000003 0.3961912900174 15 0
130 1000005 0.28962065492721 16 1
0
171
connections
0.77562094183
step
0.315789
link
1.999997
enable
0.1805
bias
0.3999994
node
0.49999925
disable
0.361
done
7
170 171 1.1477704012268 18 1
171 1000001 0.91425789040803 19 1
170 1000001 1.3318275730766 17 0
132 1000003 0.18776303283792 15 0
130 1000005 0.46921378261666 16 1
145 1000003 1.9116183965575 2922 1
76 1000004 0.3167210913419 2923 1
0
171
connections
0.69999895
step
0.29999955
link
1.999997
enable
0.1999997
bias
0.361
node
0.49999925
disable
0.361
done
7
170 171 0.84313814843745 18 1
171 1000001 1.3080140158528 19 1
170 1000001 1.030527936523 17 0
132 1000003 0.27769114732353 15 0
130 1000005 0.1681724286401 16 1
127 1000004 -1.7484054078799 2924 1
171 1000003 -1.7121494186224 2925 1
0
12
4
0
174
connections
0.77562094183
step
0.29999955
link
1.999997
enable
0.1805
bias
0.361
node
0.55401495845
disable
0.3999994
done
9
170 171 -1.9329813531907 18 1
109 171 1.7592699972533 2694 0
174 171 1.7592699972533 2697 0
109 174 1 2696 1
170 1000001 1.1079654863109 17 0
171 1000001 -1.469832453383 19 1
132 1000003 0.37322004239174 15 0
130 1000005 0.068157319408246 16 1
67 1000006 -0.4760277108066 2695 1
0
175
connections
0.81644187199851
step
0.2849995725
link
2.10525684211
enable
0.171475
bias
0.34295
node
0.5263142105275
disable
0.421051368422
done
11
170 171 -2.114129645572 18 1
109 171 1.6479647349686 2694 0
174 171 0.49482711264382 2697 0
109 174 0.84452750149731 2696 0
170 1000001 1.0052014264615 17 0
171 1000001 -1.3577096014558 19 1
132 1000003 0.29851496325106 15 0
130 1000005 -0.62349314859462 16 1
67 1000006 -0.68199941637539 2695 1
120 174 1.6635639515366 2926 1
29 171 -1.4462721640675 2927 1
0
175
connections
0.7368398947385
step
0.2849995725
link
2.10525684211
enable
0.171475
bias
0.37999943
node
0.5263142105275
disable
0.37999943
done
13
170 171 -1.8060243537706 18 1
109 171 1.6702310060829 2694 0
174 171 1.6476516155311 2697 0
109 174 1.073765720828 2696 1
170 1000001 0.99733864947424 17 0
171 1000001 -1.3792104695005 19 1
132 1000003 0.59702216037622 15 0
130 1000005 0.11445550735397 16 1
67 1000006 -0.31065715897267 2695 0
75 1000005 0.39057588427381 2928 0
35 1000002 -1.2389904477065 2929 1
75 175 1 2930 1
175 1000005 0.39057588427381 2931 1
0
175
connections
0.7368398947385
step
0.3157885263165
link
2.10525684211
enable
0.171475
bias
0.37999943
node
0.5263142105275
disable
0.421051368422
done
11
170 171 -1.9329813531907 18 1
109 171 1.7592699972533 2694 0
174 171 1.7592699972533 2697 0
109 174 1 2696 1
170 1000001 1.1079654863109 17 0
171 1000001 -1.469832453383 19 1
132 1000003 0.37322004239174 15 0
130 1000005 0.068157319408246 16 1
67 1000006 -0.4760277108066 2695 1
61 1000001 -0.89461958677938 2935 1
162 1000001 1.7875911740471 2936 1
0
7
2
0
172
connections
0.7368398947385
step
0.3157885263165
link
1.89999715
enable
0.210525684211
bias
0.421051368422
node
0.5263142105275
disable
0.37999943
done
12
170 171 0.98482168807101 18 1
29 171 -1.9785242540524 2783 1
111 171 1.0116885891293 2804 1
6 172 1 2806 1
170 1000001 1.2420764773497 17 0
171 1000001 1.2231619632245 19 1
170 1000002 -0.56575212866604 2805 1
132 1000003 0.24822850079214 15 0
172 1000004 1.1756340220344 2807 1
6 1000004 1.1756340220344 2803 0
130 1000005 0.77828841537825 16 1
45 1000006 1.6713862724243 2782 1
0
173
connections
0.77561977839859
step
0.33240847645654
link
1.8049972925
enable
0.22160565097102
bias
0.3999988000009
node
0.49999850000112
disable
0.3999988000009
done
15
170 171 1.0959559041903 18 1
29 171 -1.6490171364101 2783 1
111 171 0.92540867054467 2804 1
6 172 0.67467246218803 2806 1
170 1000001 1.3954731438892 17 0
171 1000001 1.3121403483986 19 1
170 1000002 -0.29279107406793 2805 1
132 1000003 0.49422517871793 15 0
172 1000004 1.4310651884121 2807 0
6 1000004 1.4185264489211 2803 0
130 1000005 0.67882050218338 16 1
45 1000006 1.5801760727777 2782 1
15 1000002 -1.547349467452 2932 1
172 173 1 2933 1
173 1000004 1.4310651884121 2934 1
0
2
1
0
173
connections
0.69999895
step
0.29999955
link
1.999997
enable
0.1999997
bias
0.361
node
0.55401495845
disable
0.3999994
done
10
170 171 1.1421031225181 18 0
173 171 1.1421031225181 2889 1
170 173 1 2888 0
60 1000001 -1.2133548997467 2885 1
170 1000001 1.1325755754372 17 0
171 1000001 -1.1061772112751 19 1
117 1000003 1.8312936796167 2886 1
132 1000003 0.48632757255013 15 0
170 1000005 1.0091250343333 2887 1
130 1000005 0.43780305541398 16 1
