33
40000
5
40000
11
3
40000
170
connections
0.69999895
step
0.285
link
1.805
enable
0.22160598338
bias
0.44321196676
node
0.49999925
disable
0.3999994
done
5
170 1000001 1.6575823236793 202 1
1000003 1000002 -1.3870662556841 21 0
47 1000004 1.1698965422529 201 1
122 1000004 -0.29377117221595 20 0
168 1000006 0.56978057191687 200 1
0
171
connections
0.6649990025
step
0.29999955
link
1.89999715
enable
0.23326910628529
bias
0.46653821257058
node
0.5263142105275
disable
0.37999943
done
9
170 1000001 1.6575823236793 202 0
1000003 1000002 -1.3870662556841 21 0
47 1000004 1.1698965422529 201 1
122 1000004 -0.29377117221595 20 0
168 1000006 0.56978057191687 200 1
118 1000003 -0.20184942167425 590 1
117 1000005 -1.6740623187963 591 1
170 171 1 592 1
171 1000001 1.6575823236793 593 1
0
170
connections
0.6649990025
step
0.315789
link
1.71475
enable
0.23326910628529
bias
0.46653821257058
node
0.5263142105275
disable
0.37999943
done
8
170 1000001 1.6575823236793 202 1
1000003 1000002 -1.3870662556841 21 0
47 1000004 1.1698965422529 201 1
122 1000004 -0.29377117221595 20 0
168 1000006 0.56978057191687 200 1
1000002 1000006 1.0269478438673 594 1
114 1000005 -0.90292062135685 595 1
170 1000004 -0.070986053041169 596 1
40000
11
3
40000
171
connections
0.6649990025
step
0.27075
link
1.71475
enable
0.210525684211
bias
0.46653821257058
node
0.5263142105275
disable
0.421051368422
done
9
170 171 1 245 1
171 1000001 1.7518205435347 246 1
170 1000001 1.7518205435347 202 0
14 1000001 -0.67928098391675 244 0
68 1000002 -1.2228766747032 243 1
1000003 1000002 -0.093081453901791 21 0
122 1000004 -0.16370507675405 20 0
47 1000004 0.75850703451643 201 1
168 1000006 0.21051667836543 200 1
0
171
connections
0.631749052375
step
0.2572125
link
1.8049972925
enable
0.19999940000045
bias
0.44321130194205
node
0.55401412742756
disable
0.44321130194205
done
12
170 171 0.88657907612842 245 1
171 1000001 1.8566538495285 246 1
170 1000001 1.943660391171 202 0
14 1000001 -0.46648232482376 244 0
68 1000002 -1.3671627845851 243 1
1000003 1000002 0.087344868694113 21 0
122 1000004 -0.28373548348949 20 0
47 1000004 0.56063858493301 201 1
168 1000006 0.0016271908474988 200 1
92 1000006 1.1340067751091 597 1
26 171 -0.36188848536637 598 1
170 1000003 0.71199682607501 599 1
0
171
connections
0.631749052375
step
0.2849995725
link
1.8049972925
enable
0.19999940000045
bias
0.49109211869817
node
0.55401412742756
disable
0.44321130194205
done
11
170 171 1 245 1
171 1000001 1.7518205435347 246 1
170 1000001 1.7518205435347 202 0
14 1000001 -0.67928098391675 244 0
68 1000002 -1.2228766747032 243 0
1000003 1000002 -0.093081453901791 21 0
122 1000004 -0.16370507675405 20 0
47 1000004 0.75850703451643 201 1
168 1000006 0.21051667836543 200 1
101 1000002 -0.3688467055269 600 1
20 1000002 -1.2408215582751 601 1
30000
11
2
30000
172
connections
0.77562094183
step
0.29999955
link
1.999997
enable
0.1999997
bias
0.361
node
0.55401495845
disable
0.361
done
10
170 171 -0.32275313897886 18 1
170 172 1 370 1
171 1000001 0.97048591104312 19 1
170 1000001 1.7924111150211 17 1
172 1000002 1.585558641316 371 1
170 1000002 1.585558641316 369 0
132 1000003 0.53834934577013 15 0
69 1000005 -1.0263374736778 368 1
5 1000005 1.8426465651418 367 1
130 1000005 0.65373858471939 16 1
0
172
connections
0.7368398947385
step
0.3157885263165
link
1.89999715
enable
0.189999715
bias
0.34295
node
0.5263142105275
disable
0.37999943
done
12
170 171 -0.55477342680105 18 1
170 172 0.71769178437485 370 1
171 1000001 0.87766815851911 19 1
170 1000001 2.0707679986418 17 1
172 1000002 1.4450514236885 371 1
170 1000002 1.6676596104523 369 0
132 1000003 -1.5519882808924 15 0
69 1000005 -1.100304481322 368 1
5 1000005 2.1485085744715 367 1
130 1000005 1.1763664662618 16 1
1000002 1000003 1.7263100070193 602 1
142 172 -1.0509964293344 603 1
40000
11
1
40000
171
connections
0.631749052375
step
0.285
link
1.8049972925
enable
0.22160565097102
bias
0.44321130194205
node
0.49999850000112
disable
0.3999988000009
done
12
170 171 1 382 1
170 1000001 1.7547625659963 202 1
166 1000001 0.57454145939512 379 1
1000003 1000002 -1.2014644306772 21 0
170 1000002 1.3694875942259 381 0
171 1000002 1.3694875942259 383 1
127 1000003 -0.66133610034486 361 1
122 1000004 -0.46556093020417 20 0
64 1000004 -0.015198217719047 360 1
47 1000004 0.96194143498032 201 0
67 1000005 1.6596575823237 380 1
168 1000006 1.3801080355235 200 1
0
0
1
0
171
connections
0.7368398947385
step
0.29999955
link
1.89999715
enable
0.210525684211
bias
0.46653821257058
node
0.4749992875
disable
0.37999943
done
9
170 1000001 1.8506451768807 202 1
1000003 1000002 -1.6804371953688 21 0
47 1000004 1.3975856443663 201 0
122 1000004 0.84298226874599 20 0
168 1000006 0.36025605939665 200 1
16 1000004 -0.43256935331278 604 1
170 1000005 -1.8312936796167 605 1
47 171 1 606 1
171 1000004 1.3975856443663 607 1
