201
10000
2
10000
194
4
10000
172
connections
0.69999790000157
step
0.29999955
link
1.9999940000045
enable
0.19999940000045
bias
0.3999988000009
node
0.451249323125
disable
0.44321130194205
done
13
7 171 0.63949184228492 24 1
84 172 0.97342146996521 45 1
23 1000002 0.73064019042482 43 1
1000003 1000002 -1.1120258706244 21 1
172 1000003 0.63297497195196 46 1
84 1000003 0.49750961528825 22 0
122 1000004 -0.41343833385266 20 0
170 1000004 0.24382190664541 44 0
48 1000004 -1.0716269417402 65 1
7 1000005 0.92092488415632 23 0
171 1000005 0.90342791108585 25 1
106 1000006 1.3220222972182 42 1
67 1000006 -1.5325785088656 66 1
0
172
connections
0.6649980050015
step
0.285
link
1.8999943000043
enable
0.21052536842247
bias
0.42105073684495
node
0.42868685696875
disable
0.46653751276326
done
15
7 171 0.36103396710105 24 1
84 172 0.96854201807764 45 1
23 1000002 0.97937046783807 43 1
1000003 1000002 -0.97043478813288 21 1
172 1000003 0.65215356626942 46 1
84 1000003 1.0219428083132 22 0
122 1000004 -0.17681535951872 20 0
170 1000004 0.38341250084079 44 0
48 1000004 -1.309850306711 65 1
7 1000005 1.1649583629612 23 0
171 1000005 1.039887306209 25 1
106 1000006 1.530116568894 42 1
67 1000006 -1.3222228156377 66 0
156 1000002 0.68953520310068 1957 1
137 1000006 -0.34675130466628 1958 1
0
173
connections
0.73683878947866
step
0.3157885263165
link
2.1052536842247
enable
0.18999943000043
bias
0.37999886000085
node
0.47499857500107
disable
0.46653751276326
done
15
7 171 0.63949184228492 24 1
84 172 1.2060605142982 45 1
23 1000002 0.73064019042482 43 1
1000003 1000002 -0.97133956778352 21 1
172 1000003 0.63297497195196 46 1
84 1000003 0.49750961528825 22 0
122 1000004 -0.41343833385266 20 0
170 1000004 0.24382190664541 44 0
48 1000004 -1.1509592303468 65 1
7 1000005 0.92092488415632 23 0
171 1000005 1.0863679424709 25 1
106 1000006 1.3220222972182 42 1
67 1000006 -1.5175400781014 66 1
151 1000002 1.3289590136418 1959 1
72 171 1.7115390484329 1960 1
0
172
connections
0.73683878947866
step
0.2849995725
link
2.1052536842247
enable
0.21052536842247
bias
0.42105073684495
node
0.42868685696875
disable
0.46653751276326
done
16
7 171 0.63949184228492 24 1
84 172 0.97342146996521 45 1
23 1000002 0.73064019042482 43 1
1000003 1000002 -1.1120258706244 21 1
172 1000003 0.63297497195196 46 1
84 1000003 0.49750961528825 22 0
122 1000004 -0.41343833385266 20 0
170 1000004 0.24382190664541 44 0
48 1000004 -1.0716269417402 65 1
7 1000005 0.92092488415632 23 0
171 1000005 0.90342791108585 25 1
106 1000006 1.3220222972182 42 1
67 1000006 -1.5325785088656 66 1
164 1000001 1.9611804559465 1961 1
127 1000003 1.6946928312021 1962 1
86 171 -1.5886104922636 1963 1
0
10
1
0
174
connections
0.66499700750449
step
0.33240897507
link
2.1052505263442
enable
0.17147448557539
bias
0.37999829000256
node
0.3868898884143
disable
0.42105010526884
done
22
7 171 1.191453396213 24 1
84 172 0.96348081379025 45 1
53 172 -1.759941061481 1852 1
106 173 0.75453047365432 1839 1
32 173 -0.96395764030885 1872 1
167 1000001 0.41178266626408 1837 1
1000003 1000002 -1.286289887923 21 1
23 1000002 -0.69502853480636 43 1
172 1000003 0.83416979782623 46 1
170 1000003 1.0547913133911 1838 1
84 1000003 0.3925022339246 22 0
108 1000003 -1.8727891741061 1851 1
122 1000004 -0.43052412232124 20 0
170 1000004 0.61906470830147 44 0
48 1000004 -1.3056909502288 65 1
41 1000005 1.4628166030525 1836 1
117 1000005 1.7968688009278 1871 1
171 1000005 -1.3499557481613 25 1
7 1000005 1.2018856255983 23 0
173 1000006 1.6220344195082 1840 1
106 1000006 1.0643234354862 42 0
67 1000006 -1.5567907619655 66 1
