174
20000
4
20000
172
4
20000
171
connections
0.736841
step
0.315789
link
2.10526
enable
0.19
bias
0.38
node
0.526315
disable
0.38
done
5
170 171 1 18 1
171 1000001 1.2115237891781 19 1
170 1000001 1.2115237891781 17 0
132 1000003 0.3961912900174 15 0
130 1000005 0.28962065492721 16 1
0
172
connections
0.81644187199851
step
0.285
link
2.3326910628529
enable
0.210525684211
bias
0.37999943
node
0.5263142105275
disable
0.37999943
done
9
170 171 1.0467164781679 18 1
171 1000001 1.011722259151 19 0
170 1000001 1.772455518935 17 0
132 1000003 -0.063603956058359 15 0
127 1000004 -0.55476531266213 3332 1
130 1000005 0.20205282304525 16 1
52 1000006 -1.6836526078066 3331 1
1000005 1000002 -0.23932615131077 3357 1
76 171 0.22455519272439 3358 1
0
172
connections
0.69999895
step
0.29999955
link
2.2160598338
enable
0.1999997
bias
0.361
node
0.55401495845
disable
0.3999994
done
7
170 171 0.73629300702994 18 1
171 1000001 1.1433889389493 19 1
170 1000001 1.348005410683 17 0
132 1000003 0.29580080368206 15 1
130 1000005 0.26088286356315 16 1
127 171 1.0852992339854 3359 0
122 1000004 0.97079378643147 3360 1
0
171
connections
0.77562094183
step
0.29999955
link
1.999997
enable
0.1999997
bias
0.361
node
0.49999925
disable
0.361
done
7
170 171 1.3849909970397 18 0
171 1000001 1.2780754029649 19 1
170 1000001 1.3077027275231 17 0
132 1000003 0.62410012506943 15 0
130 1000005 0.14389193892178 16 1
18 171 -1.2782982879116 3371 1
149 1000001 0.59810174871059 3372 1
0
8
2
0
172
connections
0.7368398947385
step
0.315789
link
1.89999715
enable
0.189999715
bias
0.34295
node
0.4749992875
disable
0.37999943
done
10
170 171 0.88870181186307 18 1
129 171 -1.5197607348857 3204 1
171 1000001 1.2115237891781 19 1
170 1000001 1.2115237891781 17 1
45 1000003 -1.8813440351573 3205 1
132 1000003 0.3961912900174 15 0
130 1000005 0.28962065492721 16 1
117 1000006 -1.4764244514298 3190 1
148 1000006 0.40314951017792 3189 1
170 1000006 0.25165562913907 3206 0
0
174
connections
0.77561977839859
step
0.33240897507
link
1.9999940000045
enable
0.19999940000045
bias
0.3609994585
node
0.49999850000112
disable
0.3999988000009
done
14
170 171 0.72517043339911 18 1
129 171 -1.7005379783241 3204 0
171 1000001 1.0457707375204 19 1
170 1000001 0.96453256886412 17 0
45 1000003 -1.8998782676917 3205 1
132 1000003 0.64265498975572 15 0
130 1000005 -0.19407513447486 16 1
117 1000006 1.4543795409158 3190 1
148 1000006 0.28245888923588 3189 1
170 1000006 0.51729267287844 3206 0
129 1000006 1.322367015595 3361 1
148 1000003 -1.4871669667653 3362 1
170 174 1 3363 1
174 1000001 0.96453256886412 3364 1
0
7
3
0
174
connections
0.7368398947385
step
0.315789
link
1.89999715
enable
0.210525684211
bias
0.37999943
node
0.4749992875
disable
0.37999943
done
11
170 171 1.26116416245 18 1
170 173 -1.1294900357067 3222 1
112 173 1.2381500283517 3211 1
170 1000001 0.98171975753044 17 0
171 1000001 1.4877030357677 19 1
112 1000001 -0.3511487554857 3210 0
173 1000001 0.08887609152501 3212 1
134 1000003 0.40517640433973 3209 1
113 1000003 0.078554643391217 3223 1
132 1000003 0.46863569789727 15 0
130 1000005 0.0024547614062931 16 1
0
175
connections
0.77561977839859
step
0.285
link
1.9999940000045
enable
0.19999940000045
bias
0.3999988000009
node
0.49999850000112
disable
0.3999988000009
done
15
170 171 1.2320179177526 18 1
170 173 -0.92116962187567 3222 0
112 173 1.4946213256935 3211 1
170 1000001 0.79258663579211 17 0
171 1000001 1.3325608195135 19 1
112 1000001 -0.42216608999908 3210 0
173 1000001 0.36662214700766 3212 1
134 1000003 0.18380932770775 3209 1
113 1000003 0.015243537705618 3223 1
132 1000003 0.573261235786 15 0
130 1000005 0.25094150111393 16 1
55 171 1.0727256080813 3365 0
2 1000003 -1.9139378032777 3366 1
170 175 1 3367 1
175 173 -0.92116962187567 3368 1
0
174
connections
0.69999790000157
step
0.29999955
link
1.9999940000045
enable
0.19999940000045
bias
0.3999988000009
node
0.49999850000112
disable
0.3609994585
done
13
170 171 1.1603525213157 18 1
170 173 -1.3514660814158 3222 1
112 173 1.2346251457945 3211 1
170 1000001 0.89947554971007 17 0
171 1000001 1.2614238866771 19 1
112 1000001 -0.081472351016266 3210 0
173 1000001 1.7947935422834 3212 0
134 1000003 0.14280612007965 3209 1
113 1000003 0.3288396160268 3223 1
132 1000003 0.58988250232398 15 0
130 1000005 -0.042361602534562 16 1
13 1000006 1.8972136600848 3369 1
125 1000001 0.075136570329905 3370 1
0
0
1
0
172
connections
0.69999895
step
0.285
link
2.2160598338
enable
0.1805
bias
0.361
node
0.55401495845
disable
0.3999994
done
11
170 171 1 18 1
171 1000001 1.2115237891781 19 1
170 1000001 1.2115237891781 17 0
132 1000003 0.3961912900174 15 0
130 1000005 0.28962065492721 16 1
15 1000002 -0.39851069673757 3351 1
149 171 0.66524246955779 3352 1
134 1000006 -0.96444593646046 3353 0
170 1000003 0.24726096377453 3354 1
134 172 1 3355 1
172 1000006 -0.96444593646046 3356 1
