83
20000
4
20000
81
3
20000
171
connections
0.736841
step
0.315789
link
2.10526
enable
0.19
bias
0.38
node
0.526315
disable
0.38
done
5
170 171 1 18 1
171 1000001 1.2115237891781 19 1
170 1000001 1.2115237891781 17 0
132 1000003 0.3961912900174 15 0
130 1000005 0.28962065492721 16 1
0
172
connections
0.77562094183
step
0.29999955
link
1.999997
enable
0.1999997
bias
0.361
node
0.55401495845
disable
0.3999994
done
7
170 171 1.2319555833384 18 1
171 1000001 0.1653521254265 19 1
170 1000001 1.2147190723273 17 1
132 1000003 0.18992614942015 15 0
130 1000005 0.13497444382916 16 1
99 1000005 0.49763481551561 1562 1
3 1000004 -0.11066011535997 1563 1
0
171
connections
0.77562094183
step
0.29999955
link
2.2160598338
enable
0.1999997
bias
0.3999994
node
0.49999925
disable
0.361
done
7
170 171 1 18 1
171 1000001 1.2115237891781 19 1
170 1000001 1.2115237891781 17 0
132 1000003 0.3961912900174 15 0
130 1000005 0.28962065492721 16 1
57 1000002 1.9186986907559 1564 1
65 171 -1.7466963713492 1565 1
0
11
3
0
172
connections
0.7368398947385
step
0.285
link
2.10525684211
enable
0.210525684211
bias
0.37999943
node
0.4749992875
disable
0.37999943
done
11
170 171 1.2755247149312 18 1
143 171 -1.3339640491958 1340 1
130 172 1 1341 1
170 1000001 0.78763886488083 17 0
171 1000001 1.5398850845622 19 1
115 1000001 -1.3842585528123 1339 1
96 1000002 0.25515472884304 1325 1
132 1000003 -1.6801660206915 15 0
100 1000004 -0.99269188512833 1326 1
130 1000005 0.20697511784265 16 0
172 1000005 0.20697511784265 1342 1
0
172
connections
0.77561977839859
step
0.29999955
link
1.9999940000045
enable
0.19999940000045
bias
0.3999988000009
node
0.49999850000112
disable
0.3609994585
done
13
170 171 1.4473650284768 18 1
143 171 -1.2449447424345 1340 1
130 172 0.89635014174169 1341 1
170 1000001 0.57934119460128 17 0
171 1000001 1.7529619462569 19 1
115 1000001 -1.6181367993637 1339 1
96 1000002 0.082746771872616 1325 1
132 1000003 -1.4130531671728 15 0
100 1000004 -0.81867255327464 1326 1
130 1000005 0.072489403863643 16 0
172 1000005 -0.028184904184087 1342 1
74 1000004 0.20722067934202 1571 1
37 1000004 -0.85775322733238 1572 1
0
173
connections
0.69999790000157
step
0.27075
link
2.2160565097102
enable
0.22160565097102
bias
0.3999988000009
node
0.49999850000112
disable
0.3999988000009
done
14
170 171 1.2227496592349 18 1
143 171 -1.5796940290536 1340 1
130 172 1.093031838435 1341 1
170 1000001 1.8210394604328 17 0
171 1000001 1.7160085090442 19 1
115 1000001 -1.3854236198004 1339 1
96 1000002 0.4664449980163 1325 1
132 1000003 -1.8117855388043 15 0
100 1000004 -1.4168523209326 1326 0
130 1000005 -0.044704140252388 16 0
172 1000005 0.16715626808527 1342 1
149 1000006 -1.22946867275 1583 1
134 1000005 1.1027558214057 1584 1
72 1000002 0.81026642658773 1585 1
0
6
3
0
172
connections
0.7368398947385
step
0.315789
link
2.10525684211
enable
0.171475
bias
0.421051368422
node
0.58317276571322
disable
0.37999943
done
13
170 171 1.0588556603595 18 1
101 171 -1.8399609363079 1429 1
4 171 0.17120883816034 1448 1
37 172 1 1451 1
171 1000001 1.4799738332774 19 1
172 1000001 1.2662129581591 1452 1
170 1000001 1.2276664502396 17 1
37 1000001 1.2662129581591 1449 0
132 1000003 0.36029193929868 15 0
28 1000004 1.1338847010712 1430 1
1000001 1000005 1.0840784936064 1450 1
130 1000005 0.10877466399121 16 1
143 1000006 0.10724204229865 1428 1
0
173
connections
0.69999790000157
step
0.29999955
link
2.2160565097102
enable
0.18049972925
bias
0.44321130194205
node
0.55401412742756
disable
0.3999988000009
done
18
170 171 1.0588556603595 18 1
101 171 -1.8399609363079 1429 1
4 171 0.17120883816034 1448 1
37 172 1 1451 1
171 1000001 1.4799738332774 19 0
172 1000001 1.2662129581591 1452 1
170 1000001 1.2276664502396 17 1
37 1000001 1.2662129581591 1449 0
132 1000003 0.36029193929868 15 1
28 1000004 1.1338847010712 1430 1
1000001 1000005 1.0840784936064 1450 1
130 1000005 0.10877466399121 16 1
143 1000006 0.10724204229865 1428 1
135 1000002 1.0066835535752 1573 1
112 1000003 -1.19394512772 1574 1
170 1000002 -1.959349345378 1575 1
171 173 1 1576 1
173 1000001 1.4799738332774 1577 1
0
173
connections
0.77561977839859
step
0.33240897507
link
2.2160565097102
enable
0.18049972925
bias
0.3999988000009
node
0.55401412742756
disable
0.3609994585
done
18
170 171 1.0588556603595 18 1
101 171 -1.8399609363079 1429 1
4 171 0.17120883816034 1448 1
37 172 1 1451 1
171 1000001 1.4799738332774 19 0
172 1000001 1.2662129581591 1452 1
170 1000001 1.2276664502396 17 1
37 1000001 1.2662129581591 1449 0
132 1000003 0.36029193929868 15 0
28 1000004 1.1338847010712 1430 1
1000001 1000005 1.0840784936064 1450 1
130 1000005 0.10877466399121 16 1
143 1000006 0.10724204229865 1428 1
58 1000001 -0.0066530350657674 1578 1
59 171 1.5627307962279 1579 1
170 1000005 -1.8775597399823 1580 1
171 173 1 1581 1
173 1000001 1.4799738332774 1582 1
0
0
1
0
172
connections
0.81644187199851
step
0.3157885263165
link
2.3326910628529
enable
0.189999715
bias
0.37999943
node
0.4749992875
disable
0.34295
done
13
170 171 0.88771673823302 18 1
170 1000001 1.2871737903514 17 0
171 1000001 0.0079284382553956 19 1
155 1000003 -0.88876003295999 1545 1
132 1000003 0.23528483364882 15 1
84 1000003 0.82022770865149 1547 1
123 1000004 -0.80171800876365 1546 1
130 1000005 -0.17849146654512 16 0
95 171 1.244727927488 1566 1
64 1000001 0.89364299447615 1567 1
170 1000003 0.90255439924314 1568 1
130 172 1 1569 1
172 1000005 -0.17849146654512 1570 1
