167
20000
5
20000
165
2
20000
171
connections
0.736841
step
0.315789
link
2.10526
enable
0.19
bias
0.38
node
0.526315
disable
0.38
done
5
170 171 1 18 1
171 1000001 1.2115237891781 19 1
170 1000001 1.2115237891781 17 0
132 1000003 0.3961912900174 15 0
130 1000005 0.28962065492721 16 1
0
171
connections
0.69999895
step
0.33240897507
link
2.2160598338
enable
0.1805
bias
0.361
node
0.55401495845
disable
0.361
done
7
170 171 1.3157717876828 18 1
171 1000001 0.96842810542307 19 1
170 1000001 1.366969900357 17 0
132 1000003 0.40129403712455 15 0
130 1000005 0.57617591841799 16 0
58 1000004 -0.88656270027772 3240 1
59 1000006 -0.30304879909665 3241 1
0
12
3
0
173
connections
0.69999895
step
0.29999955
link
2.2160598338
enable
0.1805
bias
0.361
node
0.49999925
disable
0.3999994
done
10
170 171 1.8790246284371 18 1
1000004 171 -0.78975798821986 2999 1
130 173 1 3002 1
171 1000001 1.0358015270501 19 1
170 1000001 1.4729968306055 17 0
170 1000002 0.2831507309183 3001 1
132 1000003 -0.13519699697867 15 0
137 1000005 -0.84273812067019 3000 1
130 1000005 0.34803132168045 16 0
173 1000005 0.34803132168045 3003 1
0
174
connections
0.6649990025
step
0.2849995725
link
2.3326910628529
enable
0.171475
bias
0.37999943
node
0.5263142105275
disable
0.421051368422
done
14
170 171 1.8790246284371 18 1
1000004 171 -0.78975798821986 2999 1
130 173 1 3002 1
171 1000001 1.0358015270501 19 1
170 1000001 1.4729968306055 17 0
170 1000002 0.2831507309183 3001 1
132 1000003 -0.13519699697867 15 0
137 1000005 -0.84273812067019 3000 0
130 1000005 0.34803132168045 16 0
173 1000005 0.34803132168045 3003 1
21 1000006 -1.5114597003082 3232 1
12 1000001 -0.32172612689596 3233 1
137 174 1 3234 1
174 1000005 -0.84273812067019 3235 1
0
173
connections
0.6649990025
step
0.2849995725
link
2.3326910628529
enable
0.171475
bias
0.37999943
node
0.5263142105275
disable
0.37999943
done
14
170 171 1.9045699558834 18 1
1000004 171 -0.80966716579035 2999 1
130 173 1.2394059032888 3002 1
171 1000001 1.085161327274 19 1
170 1000001 1.7082973901576 17 0
170 1000002 0.20976771162503 3001 1
132 1000003 -0.16952706420049 15 0
137 1000005 -0.73875637411916 3000 1
130 1000005 0.5188814636714 16 0
173 1000005 1.8549760429701 3003 1
139 171 -0.24262215033418 3236 1
126 1000006 1.3589892269662 3237 1
41 1000003 0.73555711539048 3238 1
170 1000004 0.59907834101382 3239 1
0
1
1
0
172
connections
0.7368398947385
step
0.315789
link
1.89999715
enable
0.189999715
bias
0.34295
node
0.4749992875
disable
0.37999943
done
10
170 171 0.88870181186307 18 1
129 171 -1.5197607348857 3204 1
170 1000001 1.2115237891781 17 1
171 1000001 1.2115237891781 19 1
132 1000003 0.3961912900174 15 0
45 1000003 -1.8813440351573 3205 1
130 1000005 0.28962065492721 16 1
148 1000006 0.40314951017792 3189 1
117 1000006 -1.4764244514298 3190 1
170 1000006 0.25165562913907 3206 0
0
0
3
0
174
connections
0.7368398947385
step
0.315789
link
1.89999715
enable
0.210525684211
bias
0.37999943
node
0.4749992875
disable
0.37999943
done
11
170 171 1.26116416245 18 1
112 173 1.2381500283517 3211 1
112 1000001 -0.3511487554857 3210 0
173 1000001 0.08887609152501 3212 1
170 1000001 0.98171975753044 17 0
171 1000001 1.4877030357677 19 1
132 1000003 0.46863569789727 15 0
134 1000003 0.40517640433973 3209 1
130 1000005 0.0024547614062931 16 1
170 173 -1.1294900357067 3222 1
113 1000003 0.078554643391217 3223 1
0
173
connections
0.7368398947385
step
0.315789
link
2.10525684211
enable
0.189999715
bias
0.37999943
node
0.4749992875
disable
0.421051368422
done
11
170 171 1 18 1
112 173 1 3211 1
112 1000001 -0.066469313638722 3210 0
173 1000001 -0.066469313638722 3212 0
170 1000001 1.2115237891781 17 0
171 1000001 1.2115237891781 19 1
132 1000003 0.3961912900174 15 0
134 1000003 0.28693502609333 3209 1
130 1000005 0.28962065492721 16 1
84 1000005 0.77474288155766 3228 1
17 1000001 -1.781365398114 3229 1
0
173
connections
0.6649990025
step
0.2849995725
link
1.89999715
enable
0.189999715
bias
0.421051368422
node
0.5263142105275
disable
0.421051368422
done
11
170 171 0.91337898670835 18 1
112 173 0.78108602434606 3211 1
112 1000001 -1.8173772392956 3210 0
173 1000001 -0.13371171285127 3212 1
170 1000001 1.1182402900765 17 0
171 1000001 1.001690277213 19 1
132 1000003 0.63584073064646 15 0
134 1000003 0.34556664077342 3209 1
130 1000005 0.20143404444784 16 1
76 1000005 0.21356852931303 3230 1
140 1000001 1.0724814600055 3231 1
0
0
1
0
174
connections
0.7368398947385
step
0.3157885263165
link
2.10525684211
enable
0.210525684211
bias
0.421051368422
node
0.4749992875
disable
0.421051368422
done
13
170 171 1.081426351477 18 1
112 173 0.75398621444498 3211 1
112 1000001 -0.05768964667274 3210 0
173 1000001 -0.30885943862381 3212 1
170 1000001 1.1551739398366 17 0
171 1000001 0.94862528735045 19 1
132 1000003 0.57408796677377 15 0
134 1000003 0.48029008464272 3209 1
130 1000005 0.26997000625143 16 0
36 171 1.0474562822352 3224 1
30 1000006 -0.69808038575396 3225 1
130 174 1 3226 1
174 1000005 0.26997000625143 3227 0
