63
20000
4
20000
61
3
20000
171
connections
0.736841
step
0.315789
link
2.10526
enable
0.19
bias
0.38
node
0.526315
disable
0.38
done
5
170 171 1 18 1
171 1000001 1.2115237891781 19 1
170 1000001 1.2115237891781 17 0
132 1000003 0.3961912900174 15 0
130 1000005 0.28962065492721 16 1
0
171
connections
0.77562094183
step
0.33240897507
link
1.999997
enable
0.1805
bias
0.361
node
0.55401495845
disable
0.3999994
done
7
170 171 0.99156981541541 18 1
171 1000001 1.506499092627 19 1
170 1000001 1.4301709231753 17 0
132 1000003 0.66773250635391 15 0
130 1000005 0.39641313762511 16 1
165 1000003 -0.11725211340678 1190 1
75 1000002 -1.9057588427381 1191 1
0
172
connections
0.69999895
step
0.315789
link
1.999997
enable
0.1999997
bias
0.361
node
0.55401495845
disable
0.361
done
7
170 171 1.2771044379101 18 1
171 1000001 1.3834455388348 19 1
170 1000001 1.1183204010437 17 0
132 1000003 0.5889491192053 15 0
130 1000005 0.37361067949461 16 1
167 1000006 -1.3875545518357 1192 1
137 1000005 -0.37226477858821 1193 1
0
6
4
0
173
connections
0.6649990025
step
0.34990365942793
link
1.89999715
enable
0.171475
bias
0.34295
node
0.58317276571322
disable
0.421051368422
done
11
170 171 0.75037117680754 18 1
96 171 -0.042054506057924 1074 1
147 172 1 1054 1
171 1000001 1.4573585220762 19 1
170 1000001 1.070523626072 17 0
69 1000002 1.9306619464705 1053 1
147 1000002 -0.34345530564287 1052 1
172 1000002 -0.34345530564287 1055 1
132 1000003 0.59385933650438 15 0
130 1000005 0.10686520932993 16 1
15 1000005 -0.18622394482253 1075 1
0
174
connections
0.69999790000157
step
0.36831908902363
link
1.8049972925
enable
0.16290125
bias
0.3258025
node
0.55401412742756
disable
0.3999988000009
done
15
170 171 0.75037117680754 18 1
96 171 -0.042054506057924 1074 1
147 172 1 1054 0
171 1000001 1.4573585220762 19 1
170 1000001 1.070523626072 17 0
69 1000002 1.9306619464705 1053 1
147 1000002 -0.34345530564287 1052 1
172 1000002 -0.34345530564287 1055 1
132 1000003 0.59385933650438 15 0
130 1000005 0.10686520932993 16 1
15 1000005 -0.18622394482253 1075 1
100 1000003 -1.2519302957244 1194 1
47 1000006 0.30939664906766 1195 1
147 174 1 1196 1
174 172 1 1197 1
0
176
connections
0.631749052375
step
0.36831908902363
link
1.9999940000045
enable
0.18049972925
bias
0.3609994585
node
0.61386514837271
disable
0.44321130194205
done
15
170 171 1.3940956145401 18 1
96 171 0.11430751871139 1074 1
147 172 1.0897120184491 1054 1
171 1000001 1.7829635225873 19 0
170 1000001 1.043130406676 17 0
69 1000002 1.6799641185204 1053 0
147 1000002 -0.47675698345076 1052 1
172 1000002 -0.41972243473694 1055 1
132 1000003 0.52098685339209 15 0
130 1000005 0.23261323780087 16 1
15 1000005 -0.95236060670797 1075 1
16 1000001 -1.2558366649373 1198 1
165 1000001 -1.0225531785028 1199 1
69 176 1 1200 1
176 1000002 1.6799641185204 1201 1
0
174
connections
0.631749052375
step
0.33240847645654
link
1.9999940000045
enable
0.18049972925
bias
0.3609994585
node
0.61386514837271
disable
0.44321130194205
done
16
170 171 0.67490541380329 18 1
96 171 -0.065011761290968 1074 1
147 172 0.6839197973571 1054 1
171 1000001 1.3587427562254 19 1
170 1000001 0.98351329547821 17 0
69 1000002 1.7553123412106 1053 0
147 1000002 -0.24082227374155 1052 1
172 1000002 -0.046613836189009 1055 1
132 1000003 0.50865474671103 15 1
130 1000005 0.22861068880486 16 1
15 1000005 -0.066203049258178 1075 1
9 1000003 0.29023102511673 1202 1
1000004 171 -0.2982879116184 1203 1
170 1000005 -1.0241401409955 1204 1
69 174 1 1205 1
174 1000002 1.7553123412106 1206 1
0
4
1
0
172
connections
0.69999895
step
0.29999955
link
2.2160598338
enable
0.1805
bias
0.361
node
0.49999925
disable
0.3999994
done
9
170 171 1.7947935422834 18 1
6 171 -0.071474349192785 1110 0
172 171 -0.071474349192785 1112 1
6 172 1 1111 1
171 1000001 1.0117590813486 19 0
170 1000001 1.4186312393735 17 0
132 1000003 0.34377582861568 15 0
130 1000004 0.62630085146641 1109 1
130 1000005 -0.24331794049771 16 1
0
3
2
0
171
connections
0.6649990025
step
0.285
link
2.10525684211
enable
0.189999715
bias
0.37999943
node
0.58317276571322
disable
0.37999943
done
12
170 171 1 18 1
14 171 -1.8287301248207 1114 1
157 171 1.9931638538774 1113 1
171 1000001 1.2115237891781 19 1
170 1000001 1.2115237891781 17 0
119 1000002 0.10309152500992 1129 1
170 1000002 1.1250953703421 1132 1
132 1000003 0.3961912900174 15 0
45 1000004 1.7980895413068 1130 1
130 1000005 0.28962065492721 16 1
137 1000005 1.5877559739982 1131 1
146 1000005 -0.62019714957121 1115 1
0
171
connections
0.631749052375
step
0.27075
link
1.9999940000045
enable
0.19999940000045
bias
0.3999988000009
node
0.61386514837271
disable
0.3999988000009
done
14
170 171 1.0462804269539 18 1
14 171 -1.8541550263985 1114 1
157 171 1.7536806161687 1113 1
171 1000001 1.5040131839961 19 1
170 1000001 -0.058900723288675 17 1
119 1000002 0.3439794534135 1129 1
170 1000002 1.282577723014 1132 1
132 1000003 0.19356052583392 15 0
45 1000004 1.8633415555284 1130 1
130 1000005 0.17373367259743 16 1
137 1000005 1.4493443632313 1131 1
146 1000005 -0.86491905728324 1115 1
1000006 1000001 -1.9438459425642 1207 1
97 171 -0.44294564653462 1208 1
