3
10000
38
10000
0
4
10000
171
connections
0.249999625
step
0.09999985
link
2.2160598338
enable
0.1999997
bias
0.3999994
node
0.55401495845
disable
0.3999994
done
7
170 171 1 18 1
171 1000001 1.2115237891781 19 1
170 1000001 1.2115237891781 17 0
132 1000003 0.3961912900174 15 1
117 1000004 1.1716055787835 334 1
130 1000005 0.28962065492721 16 1
170 1000005 0.25202185125278 335 1
0
173
connections
0.26315710526375
step
0.1052628421055
link
2.3326910628529
enable
0.210525684211
bias
0.37999943
node
0.58317276571322
disable
0.37999943
done
12
170 171 1 18 1
171 1000001 1.2115237891781 19 1
170 1000001 1.2115237891781 17 0
132 1000003 0.3961912900174 15 1
117 1000004 1.1716055787835 334 1
130 1000005 0.31143653776666 16 1
170 1000005 0.25202185125278 335 1
102 1000005 0.7052827539903 344 1
24 1000001 -1.855098117008 345 1
71 1000003 -1.2756126590777 346 0
71 173 1 347 1
173 1000003 -1.2756126590777 348 1
0
172
connections
0.26315710526375
step
0.0949998575
link
2.10525684211
enable
0.210525684211
bias
0.37999943
node
0.5263142105275
disable
0.421051368422
done
11
170 171 1 18 1
171 1000001 1.2115237891781 19 1
170 1000001 1.2115237891781 17 0
132 1000003 0.3961912900174 15 1
117 1000004 1.1716055787835 334 1
130 1000005 0.28962065492721 16 1
170 1000005 0.25202185125278 335 1
39 1000004 -0.80758079775384 399 1
22 171 -1.071871089816 400 0
22 172 1 401 1
172 171 -1.071871089816 402 1
0
172
connections
0.26315710526375
step
0.0949998575
link
2.3326910628529
enable
0.210525684211
bias
0.37999943
node
0.58317276571322
disable
0.37999943
done
11
170 171 1 18 1
171 1000001 1.2115237891781 19 1
170 1000001 1.2115237891781 17 1
132 1000003 0.3961912900174 15 1
117 1000004 1.1716055787835 334 1
130 1000005 0.28962065492721 16 1
170 1000005 0.25202185125278 335 0
119 1000001 1.9901120029298 403 0
111 1000005 0.78939176610614 404 1
119 172 1 405 1
172 1000001 1.9901120029298 406 1
0
3
1
0
170
connections
0.2631575
step
0.095
link
1.9
enable
0.210526
bias
0.421052
node
0.475
disable
0.421052
done
2
1000003 1000002 -1.3870662556841 21 1
122 1000004 -0.29377117221595 20 0
0
3
1
0
170
connections
0.2631575
step
0.095
link
1.9
enable
0.210526
bias
0.421052
node
0.475
disable
0.38
done
2
134 1000002 -0.098818933683279 22 1
65 1000006 -1.8596148564104 23 0
0
3
2
0
171
connections
0.2631575
step
0.105263
link
1.9
enable
0.19
bias
0.38
node
0.526315
disable
0.38
done
4
35 171 1 26 1
171 1000002 1.3577684865871 27 1
35 1000002 1.3577684865871 25 1
1000005 1000004 0.95675527207251 24 1
0
171
connections
0.249999625
step
0.11080299169
link
1.999997
enable
0.1999997
bias
0.3999994
node
0.49999925
disable
0.3999994
done
7
35 171 1 26 1
171 1000002 1.3577684865871 27 0
35 1000002 1.3577684865871 25 1
1000005 1000004 0.95675527207251 24 1
141 1000002 -1.4335764641255 409 1
55 1000005 -0.4699240089114 410 1
170 1000004 1.982177190466 411 1
0
3
1
0
170
connections
0.2375
step
0.105263
link
1.9
enable
0.210526
bias
0.421052
node
0.526315
disable
0.38
done
2
20 1000002 -0.74373607593005 28 1
170 1000003 0.93234046449171 29 1
0
3
2
0
171
connections
0.2631575
step
0.095
link
1.9
enable
0.19
bias
0.38
node
0.526315
disable
0.421052
done
5
133 171 1 33 1
133 1000002 0.17377239295633 31 0
171 1000002 0.17377239295633 34 1
98 1000003 -1.5449079866939 30 1
170 1000004 0.7848750267037 32 1
0
172
connections
0.277007479225
step
0.105263
link
1.999997
enable
0.1805
bias
0.3999994
node
0.55401495845
disable
0.3999994
done
9
133 171 1 33 1
133 1000002 0.17377239295633 31 0
171 1000002 0.17377239295633 34 1
98 1000003 -1.5449079866939 30 0
170 1000004 0.7848750267037 32 1
72 1000006 0.84823145237587 389 1
1000005 1000003 1.7847834711753 390 1
98 172 1 391 1
172 1000003 -1.5449079866939 392 1
0
3
1
0
170
connections
0.2631575
step
0.105263
link
1.9
enable
0.210526
bias
0.421052
node
0.526315
disable
0.421052
done
2
170 1000003 -0.24909207434309 36 1
32 1000006 -0.17023224585711 35 1
0
3
2
0
171
connections
0.2375
step
0.095
link
2.10526
enable
0.19
bias
0.38
node
0.526315
disable
0.421052
done
5
106 171 1 40 1
110 1000002 0.26300851466414 38 1
106 1000005 1.4191717276528 37 0
170 1000005 1.6203497421186 39 1
171 1000005 1.4191717276528 41 1
0
171
connections
0.225625
step
0.105263
link
1.999997
enable
0.1999997
bias
0.361
node
0.49999925
disable
0.3999994
done
8
106 171 1 40 1
110 1000002 0.26300851466414 38 1
106 1000005 1.4191717276528 37 0
170 1000005 1.6203497421186 39 1
171 1000005 1.4191717276528 41 1
157 1000004 -1.7570726645711 423 1
81 1000004 1.5491805780206 424 1
170 1000004 0.46259956663717 425 1
0
3
1
0
170
connections
0.2631575
step
0.095
link
1.9
enable
0.19
bias
0.421052
node
0.526315
disable
0.421052
done
1
27 1000005 1.4709311197241 42 1
0
3
1
0
171
connections
0.2631575
step
0.095
link
2.10526
enable
0.19
bias
0.38
node
0.475
disable
0.421052
done
4
28 171 1 45 1
113 1000002 0.18036439100314 44 0
28 1000004 -1.6826075014496 43 0
171 1000004 -1.6826075014496 46 1
10000
1
3
10000
171
connections
0.249999625
step
0.09999985
link
2.2160598338
enable
0.1999997
bias
0.44321196676
node
0.55401495845
disable
0.361
done
8
170 171 1 50 1
170 1000001 0.52815332499161 243 1
12 1000002 0.098330637531663 47 1
169 1000003 1.5025482955412 48 1
50 1000005 1.1651356547746 241 1
170 1000005 -1.0916470839564 49 0
171 1000005 -1.0916470839564 51 1
152 1000006 -0.14459669789727 242 1
0
172
connections
0.23749964375
step
0.1052628421055
link
2.3326910628529
enable
0.189999715
bias
0.46653821257058
node
0.5263142105275
disable
0.37999943
done
11
170 171 1.0968718834099 50 0
170 1000001 0.60598814054916 243 1
12 1000002 0.10416126158701 47 1
169 1000003 1.4883845371611 48 1
50 1000005 1.0747593756843 241 1
170 1000005 -1.1866621625707 49 1
171 1000005 -1.1587715410564 51 1
152 1000006 -0.20470513134056 242 1
151 1000001 0.19501327555162 367 1
144 1000004 -1.7701345866268 368 1
170 1000004 0.094424268318735 369 1
0
171
connections
0.26315710526375
step
0.0949998575
link
2.10525684211
enable
0.189999715
bias
0.46653821257058
node
0.58317276571322
disable
0.37999943
done
10
170 171 1 50 1
170 1000001 0.52815332499161 243 1
12 1000002 0.098330637531663 47 1
169 1000003 1.5025482955412 48 1
50 1000005 1.1651356547746 241 0
170 1000005 -1.0916470839564 49 0
171 1000005 -1.0916470839564 51 1
152 1000006 -0.14459669789727 242 1
140 1000001 -0.65742973113193 370 1
117 1000003 0.3964354380932 371 1
0
3
1
0
170
connections
0.2375
step
0.095
link
1.9
enable
0.19
bias
0.421052
node
0.526315
disable
0.38
done
2
107 1000001 -1.9764397106845 52 1
18 1000005 1.4529862361522 53 1
0
3
2
0
170
connections
0.2631575
step
0.105263
link
1.9
enable
0.210526
bias
0.421052
node
0.475
disable
0.38
done
2
168 1000005 -1.8886684774316 54 1
10 1000005 -1.4734946745201 55 1
0
170
connections
0.277007479225
step
0.11080299169
link
1.805
enable
0.1999997
bias
0.44321196676
node
0.49999925
disable
0.361
done
3
168 1000005 -1.8886684774316 54 1
10 1000005 -1.4734946745201 55 1
43 1000004 -0.23371074556719 375 1
0
3
1
0
170
connections
0.2631575
step
0.095
link
1.9
enable
0.210526
bias
0.421052
node
0.475
disable
0.38
done
2
142 1000002 0.10614337595752 57 0
61 1000004 -0.52974028748436 56 1
0
3
1
0
170
connections
0.2375
step
0.095
link
1.9
enable
0.210526
bias
0.38
node
0.475
disable
0.421052
done
2
40 1000004 -1.557481612598 58 1
24 1000004 1.1524399548326 59 1
0
3
1
0
171
connections
0.2375
step
0.105263
link
1.9
enable
0.210526
bias
0.38
node
0.475
disable
0.421052
done
5
15 171 1 63 1
15 1000005 -0.29279457991272 60 0
171 1000005 -0.29279457991272 64 1
46 1000006 -1.0689413129063 61 1
170 1000006 -1.679555650502 62 1
0
3
2
0
171
connections
0.2375
step
0.095
link
2.10526
enable
0.210526
bias
0.421052
node
0.526315
disable
0.421052
done
4
43 171 1 67 1
1 1000005 1.8192083498642 65 1
43 1000005 -0.97946104312265 66 1
171 1000005 -0.97946104312265 68 1
0
171
connections
0.225625
step
0.09025
link
2.2160598338
enable
0.22160598338
bias
0.44321196676
node
0.55401495845
disable
0.44321196676
done
6
43 171 1 67 0
1 1000005 1.8192083498642 65 1
43 1000005 -0.97946104312265 66 1
171 1000005 -0.97946104312265 68 1
114 171 -1.0422070986053 407 1
171 1000001 -0.012634662923063 408 1
0
2
1
0
172
connections
0.249999625
step
0.095
link
1.805
enable
0.22160598338
bias
0.44321196676
node
0.49999925
disable
0.361
done
10
170 171 1 173 1
171 172 1 217 1
111 1000001 -0.46552934354686 171 1
132 1000001 -1.9420148319956 170 1
75 1000002 1.1070284127323 214 1
170 1000002 -0.66890469069491 216 1
27 1000004 -1.6506241035188 215 1
170 1000005 1.5355082857753 172 1
171 1000005 1.5355082857753 174 0
172 1000005 1.5355082857753 218 1
10000
0
2
10000
170
connections
0.23749964375
step
0.0949998575
link
2.10525684211
enable
0.210525684211
bias
0.37999943
node
0.5263142105275
disable
0.421051368422
done
7
95 1000001 -1.5928830835902 257 1
18 1000002 -1.3526413769951 258 1
108 1000002 0.45039216284677 291 1
62 1000003 0.43073824274422 10 0
142 1000005 -0.79219946897794 11 1
51 1000006 1.4305246131779 292 1
170 1000006 1.9154026917325 293 1
0
170
connections
0.24999925000056
step
0.105263
link
1.9999940000045
enable
0.19999940000045
bias
0.3999988000009
node
0.49999850000112
disable
0.44321130194205
done
9
95 1000001 -1.5928830835902 257 1
18 1000002 -1.3526413769951 258 1
108 1000002 0.45039216284677 291 1
62 1000003 0.43073824274422 10 0
142 1000005 -0.79219946897794 11 1
51 1000006 1.4305246131779 292 1
170 1000006 1.9154026917325 293 1
149 1000004 0.20014038514359 397 1
63 1000005 1.8825647755364 398 1
0
1
1
0
171
connections
0.277007479225
step
0.09999985
link
1.999997
enable
0.1805
bias
0.3999994
node
0.49999925
disable
0.3999994
done
5
147 171 1 296 1
147 1000002 1.4245429853206 294 0
171 1000002 1.4245429853206 297 1
27 1000005 1.4709311197241 42 1
79 1000006 -1.8091982787561 295 1
0
1
1
0
172
connections
0.277007479225
step
0.09999985
link
1.999997
enable
0.1999997
bias
0.3999994
node
0.49999925
disable
0.3999994
done
10
133 171 1 33 1
171 172 1 301 0
140 1000001 1.5264748069704 299 1
105 1000002 0.32209234900967 298 1
172 1000002 0.17377239295633 302 1
171 1000002 0.17377239295633 34 0
133 1000002 0.17377239295633 31 1
98 1000003 -1.5449079866939 30 1
170 1000003 -0.32782982879116 300 1
170 1000004 0.7848750267037 32 1
0
1
1
0
171
connections
0.277007479225
step
0.09025
link
1.805
enable
0.22160598338
bias
0.44321196676
node
0.45125
disable
0.361
done
5
14 1000001 -1.9749748222297 306 1
142 1000002 0.10614337595752 57 0
170 1000002 -0.58125553147984 307 1
135 1000003 -0.69380779442732 305 1
61 1000004 -0.52974028748436 56 1
0
1
1
0
171
connections
0.277007479225
step
0.105263
link
1.999997
enable
0.1999997
bias
0.3999994
node
0.49999925
disable
0.44321196676
done
6
170 171 1 310 1
74 1000001 1.9374980925932 309 1
134 1000001 0.045960875270852 308 1
170 1000003 -0.24909207434309 36 1
171 1000003 -0.24909207434309 311 0
32 1000006 -0.17023224585711 35 1
0
1
1
0
171
connections
0.277007479225
step
0.09025
link
1.805
enable
0.22160598338
bias
0.44321196676
node
0.49999925
disable
0.3999994
done
7
1000003 171 1 327 1
1000003 1000002 -1.3870662556841 21 0
136 1000002 0.76802880947295 325 1
171 1000002 -1.3870662556841 328 1
75 1000003 -0.42194891201514 324 1
122 1000004 -0.29377117221595 20 0
170 1000005 -1.6658833582568 326 1
0
1
2
0
171
connections
0.249999625
step
0.105263
link
1.805
enable
0.22160598338
bias
0.361
node
0.49999925
disable
0.3999994
done
8
139 171 1 332 1
108 1000001 -0.9943957490463 12 1
170 1000003 -1.8899053925901 14 1
148 1000003 -0.54595357307657 13 0
170 1000005 -0.25775933103427 331 1
171 1000005 -1.6771141697439 333 1
139 1000005 -1.6771141697439 330 0
103 1000006 0.94381542405469 329 1
0
172
connections
0.26315710526375
step
0.09999985
link
1.71475
enable
0.23326910628529
bias
0.37999943
node
0.4749992875
disable
0.37999943
done
12
139 171 1 332 1
108 1000001 -0.9943957490463 12 1
170 1000003 -1.8899053925901 14 1
148 1000003 -0.54595357307657 13 0
170 1000005 -0.25775933103427 331 1
171 1000005 -1.6771141697439 333 1
139 1000005 -1.6771141697439 330 0
103 1000006 0.94381542405469 329 1
36 1000002 -1.6149784844508 381 0
89 1000004 0.59956663716544 382 1
36 172 1 383 1
172 1000002 -1.6149784844508 384 1
0
0
1
0
171
connections
0.249999625
step
0.09025
link
1.999997
enable
0.1999997
bias
0.44321196676
node
0.45125
disable
0.44321196676
done
6
1000003 1000002 -1.3870662556841 21 0
122 1000004 -0.29377117221595 20 1
92 1000006 -0.18659016693625 349 1
39 1000004 1.1009247108371 350 1
1000003 171 1 351 1
171 1000002 -1.3870662556841 352 1
0
0
1
0
170
connections
0.277007479225
step
0.09999985
link
1.999997
enable
0.1999997
bias
0.44321196676
node
0.49999925
disable
0.3999994
done
4
134 1000002 -0.098818933683279 22 1
65 1000006 -1.8596148564104 23 1
126 1000002 -0.83968626972259 353 0
110 1000001 0.6134830774865 354 1
0
0
1
0
172
connections
0.225625
step
0.105263
link
1.999997
enable
0.1805
bias
0.3999994
node
0.55401495845
disable
0.44321196676
done
10
106 171 1 40 1
110 1000002 0.26300851466414 38 1
106 1000005 1.4191717276528 37 0
170 1000005 1.6203497421186 39 1
171 1000005 1.4191717276528 41 0
112 1000004 -1.1109347819452 355 1
95 1000006 1.307107760857 356 0
170 171 -1.4349192785424 357 1
95 172 1 358 1
172 1000006 1.307107760857 359 1
0
0
1
0
170
connections
0.277007479225
step
0.095
link
1.999997
enable
0.1999997
bias
0.44321196676
node
0.49999925
disable
0.44321196676
done
3
27 1000005 1.4709311197241 42 1
131 1000001 -0.40656758323923 360 1
89 1000002 -0.81319620349742 361 1
0
0
1
0
172
connections
0.277007479225
step
0.105263
link
2.2160598338
enable
0.1999997
bias
0.3999994
node
0.49999925
disable
0.44321196676
done
9
28 171 0.98578482085635 45 1
113 1000002 0.1326945507065 44 0
28 1000004 -1.66665758858 43 0
171 1000004 -1.5908561496933 46 0
71 1000001 0.57576219977416 362 1
138 1000004 -0.66414380321665 363 1
170 1000001 -0.9902035584582 364 1
171 172 1 365 1
172 1000004 -1.5908561496933 366 1
0
0
1
0
170
connections
0.249999625
step
0.095
link
1.999997
enable
0.1999997
bias
0.3999994
node
0.55401495845
disable
0.3999994
done
5
107 1000001 -1.9764397106845 52 1
18 1000005 1.4529862361522 53 1
80 1000002 1.1934568315683 372 1
65 1000002 -1.982177190466 373 1
170 1000004 -0.71102023377178 374 1
0
0
1
0
170
connections
0.277007479225
step
0.09025
link
1.805
enable
0.22160598338
bias
0.44321196676
node
0.49999925
disable
0.3999994
done
4
142 1000002 0.10614337595752 57 0
61 1000004 -0.52974028748436 56 1
70 1000003 -1.6933500167852 376 1
52 1000003 0.66328928495132 377 1
0
0
1
0
170
connections
0.225625
step
0.09999985
link
1.999997
enable
0.22160598338
bias
0.361
node
0.49999925
disable
0.3999994
done
5
40 1000004 -1.557481612598 58 1
24 1000004 1.1524399548326 59 1
81 1000001 -0.47077852717673 378 1
71 1000004 -0.20392468031861 379 1
170 1000004 0.40046388134404 380 1
0
0
1
0
171
connections
0.249999625
step
0.105263
link
1.999997
enable
0.1999997
bias
0.3999994
node
0.55401495845
disable
0.3999994
done
5
27 1000005 1.4709311197241 42 0
41 1000004 -0.21393475142674 385 1
48 1000005 -1.0251167332987 386 0
27 171 1 387 1
171 1000005 1.4709311197241 388 1
0
0
1
0
171
connections
0.225625
step
0.09025
link
1.805
enable
0.1999997
bias
0.361
node
0.49999925
disable
0.3999994
done
6
40 1000004 -1.557481612598 58 1
24 1000004 1.1524399548326 59 1
4 1000004 1.3664357432783 393 0
170 1000002 -1.7896664326914 394 0
170 171 1 395 1
171 1000002 -1.7896664326914 396 1
0
0
1
0
172
connections
0.225625
step
0.11080299169
link
1.999997
enable
0.1999997
bias
0.3999994
node
0.49999925
disable
0.3999994
done
10
15 171 1 63 0
15 1000005 -0.29279457991272 60 0
171 1000005 -0.29279457991272 64 1
46 1000006 -1.0689413129063 61 1
170 1000006 -1.679555650502 62 1
5 1000005 -1.5234229560228 412 1
95 1000006 0.0026245918149357 413 1
170 1000001 -1.8453321939756 414 1
15 172 1 415 1
172 171 1 416 1
0
0
1
0
171
connections
0.225625
step
0.095
link
1.999997
enable
0.1999997
bias
0.44321196676
node
0.55401495845
disable
0.3999994
done
6
20 1000002 -0.69410946989349 28 1
170 1000003 0.84759224219489 29 1
144 1000001 -0.62520218512528 417 0
115 1000006 -0.82503738517411 418 0
144 171 1 419 1
171 1000001 -0.62520218512528 420 1
0
0
1
0
170
connections
0.277007479225
step
0.09999985
link
1.805
enable
0.1999997
bias
0.44321196676
node
0.49999925
disable
0.3999994
done
4
168 1000005 -1.8886684774316 54 1
10 1000005 -1.4734946745201 55 1
147 1000003 1.8171330912198 421 1
66 1000003 -1.9482406079287 422 1
