133
20000
6
20000
131
2
20000
171
connections
0.736841
step
0.315789
link
2.10526
enable
0.19
bias
0.38
node
0.526315
disable
0.38
done
5
170 171 1 18 1
171 1000001 1.2115237891781 19 1
170 1000001 1.2115237891781 17 0
132 1000003 0.3961912900174 15 0
130 1000005 0.28962065492721 16 1
0
172
connections
0.69999895
step
0.29999955
link
2.2160598338
enable
0.1805
bias
0.361
node
0.49999925
disable
0.361
done
9
170 171 1.0724111588168 18 1
171 1000001 1.4737658958907 19 0
170 1000001 1.0700066211631 17 0
132 1000003 0.39403973832667 15 0
130 1000005 0.55246702722098 16 1
152 1000002 0.87044892727439 2597 1
43 1000001 -0.34076967680898 2598 1
171 172 1 2599 1
172 1000001 1.4737658958907 2600 1
0
7
3
0
172
connections
0.7368398947385
step
0.285
link
1.89999715
enable
0.189999715
bias
0.34295
node
0.5263142105275
disable
0.37999943
done
10
170 171 1.1826862418821 18 1
152 172 1 2451 1
170 1000001 1.1028778954436 17 0
38 1000001 -0.037171544541765 2450 1
171 1000001 0.91047123001812 19 1
132 1000003 0.82332667012543 15 0
130 1000005 0.55033748023167 16 1
161 1000006 0.85765541550951 2423 1
152 1000006 -0.94525391399884 2424 0
172 1000006 -0.94525391399884 2452 1
0
173
connections
0.73683878947866
step
0.285
link
1.8999943000043
enable
0.18999943000043
bias
0.342949485575
node
0.58317189095407
disable
0.42105073684495
done
13
170 171 0.96447341342662 18 1
7 172 -0.10295770134587 2572 1
170 172 0.069380932035279 2573 1
152 172 1.0597176198614 2451 1
170 1000001 0.52773323770867 17 0
38 1000001 0.27647588274789 2450 1
171 1000001 1.3028430904265 19 1
132 1000003 -1.8272296823023 15 0
130 1000005 0.50646894634086 16 1
152 1000006 -0.24219626453444 2424 0
172 1000006 -0.62393417920469 2452 1
161 1000006 0.6702553254799 2423 0
67 171 0.7881710257271 2590 1
0
173
connections
0.69999790000157
step
0.315789
link
1.9999940000045
enable
0.18049972925
bias
0.3609994585
node
0.49999850000112
disable
0.3609994585
done
13
170 171 1.4299339848857 18 1
152 172 1.5333109530931 2451 0
170 1000001 1.9588610492264 17 0
38 1000001 -0.0033345994750817 2450 1
171 1000001 1.2135002997224 19 0
132 1000003 0.52536687786492 15 0
130 1000005 0.76211955594809 16 1
161 1000006 0.89004674913785 2423 1
152 1000006 -1.2071505195776 2424 0
172 1000006 1.5258644367809 2452 1
95 171 -1.9866939298685 2591 1
171 173 1 2592 1
173 1000001 1.2135002997224 2593 1
0
3
1
0
174
connections
0.81644187199851
step
0.3157885263165
link
2.3326910628529
enable
0.171475
bias
0.421051368422
node
0.5263142105275
disable
0.37999943
done
11
170 171 1.3010392539127 18 1
59 171 0.27497548786369 2504 1
171 173 0.91784120649287 2506 1
171 1000001 1.1403455393465 19 1
1000006 1000001 0.16779076509903 2518 1
170 1000001 0.94582281772288 17 0
1 1000001 0.057606263943219 2505 1
173 1000001 1.1837452657861 2507 1
132 1000003 0.11470986144838 15 0
130 1000005 0.36043572713171 16 1
131 1000006 -0.82320627460555 2519 1
0
2
2
0
172
connections
0.69999895
step
0.29999955
link
1.999997
enable
0.1805
bias
0.3999994
node
0.55401495845
disable
0.3999994
done
10
170 171 1.095758064658 18 0
130 172 1 2547 1
170 1000001 0.9449419569277 17 0
171 1000001 0.80242232726676 19 1
34 1000002 -0.066835535752434 2544 1
132 1000003 0.39880061866359 15 0
116 1000005 -0.25287636951811 2545 1
130 1000005 0.27704612623829 16 0
170 1000005 1.9686269722587 2546 1
172 1000005 0.27704612623829 2548 1
0
172
connections
0.7368398947385
step
0.3157885263165
link
1.89999715
enable
0.189999715
bias
0.37999943
node
0.58317276571322
disable
0.421051368422
done
13
170 171 1.0345509681696 18 0
130 172 0.72700150807314 2547 1
170 1000001 -1.3183385723441 17 0
171 1000001 0.36616107669301 19 1
34 1000002 -0.038337758344741 2544 1
132 1000003 0.60337360514757 15 0
116 1000005 0.41828669087802 2545 1
130 1000005 0.031398561698317 16 0
170 1000005 1.8482462696549 2546 1
172 1000005 0.80428479873043 2548 1
56 1000003 -0.82369457075716 2594 1
31 1000005 -1.495223853267 2595 1
170 172 -1.0303659169286 2596 1
0
0
1
0
172
connections
0.77562094183
step
0.33240897507
link
2.2160598338
enable
0.1999997
bias
0.361
node
0.55401495845
disable
0.361
done
9
170 171 0.93656565077326 18 1
171 1000001 -1.0348826563311 19 0
170 1000001 1.0907925897303 17 0
132 1000003 0.40752283776828 15 0
130 1000005 -1.6613666188543 16 0
63 1000001 0.23676259651479 2581 1
171 171 -1.4159978026673 2582 1
130 172 1 2583 1
172 1000005 -1.6613666188543 2584 1
0
0
1
0
172
connections
0.69999895
step
0.33240897507
link
2.2160598338
enable
0.1999997
bias
0.361
node
0.49999925
disable
0.3999994
done
10
170 171 0.8445389459212 18 0
171 1000001 1.2115237891781 19 1
170 1000001 1.2115237891781 17 0
132 1000003 0.3961912900174 15 0
130 1000005 0.28962065492721 16 0
15 1000003 -0.27973265785699 2585 1
20 1000001 0.13531907101657 2586 1
170 1000005 1.0417188024537 2587 1
170 172 1 2588 1
172 171 0.8445389459212 2589 1
