218
10000
2
10000
211
3
10000
172
connections
0.69999790000157
step
0.29999955
link
1.9999940000045
enable
0.19999940000045
bias
0.3999988000009
node
0.451249323125
disable
0.44321130194205
done
13
7 171 0.63949184228492 24 1
84 172 0.97342146996521 45 1
23 1000002 0.73064019042482 43 1
1000003 1000002 -1.1120258706244 21 1
172 1000003 0.63297497195196 46 1
84 1000003 0.49750961528825 22 0
48 1000004 -1.0716269417402 65 1
170 1000004 0.24382190664541 44 0
122 1000004 -0.41343833385266 20 0
7 1000005 0.92092488415632 23 0
171 1000005 0.90342791108585 25 1
106 1000006 1.3220222972182 42 1
67 1000006 -1.5325785088656 66 1
0
172
connections
0.73683878947866
step
0.315789
link
1.8999943000043
enable
0.21052536842247
bias
0.42105073684495
node
0.42868685696875
disable
0.42105073684495
done
16
7 171 0.49796648247169 24 1
84 172 1.2409077731056 45 1
23 1000002 0.85383519719993 43 1
1000003 1000002 -1.3630707530061 21 1
172 1000003 0.75561100897092 46 1
84 1000003 -1.5048677022614 22 0
48 1000004 -0.75608851438948 65 1
170 1000004 0.28436648878597 44 0
122 1000004 -0.62545170739921 20 0
7 1000005 1.0118152939894 23 0
171 1000005 0.81353979185003 25 1
106 1000006 1.3745365420682 42 1
67 1000006 -1.3248826948149 66 1
5 1000004 1.8017517624439 2124 1
120 1000001 -1.0068056276131 2125 1
170 1000003 -0.70296334727012 2126 1
0
175
connections
0.73683878947866
step
0.2849995725
link
2.1052536842247
enable
0.18999943000043
bias
0.37999886000085
node
0.42868685696875
disable
0.42105073684495
done
18
7 171 0.63949184228492 24 1
84 172 0.97342146996521 45 1
23 1000002 -0.87125762884152 43 1
1000003 1000002 -1.1120258706244 21 1
172 1000003 0.63297497195196 46 1
84 1000003 0.49750961528825 22 0
48 1000004 -1.0716269417402 65 1
170 1000004 0.24382190664541 44 0
122 1000004 -0.41343833385266 20 0
7 1000005 0.92092488415632 23 0
171 1000005 0.90342791108585 25 1
106 1000006 1.3220222972182 42 0
67 1000006 -1.1605497938978 66 1
159 1000002 1.6614886928922 2127 1
90 1000001 -1.7332682271798 2128 0
170 171 -1.4604327524644 2129 1
90 175 1 2130 1
175 1000001 -1.7332682271798 2131 1
0
10
2
0
174
connections
0.81643942267473
step
0.31578805263371
link
2.1052505263442
enable
0.21052505263442
bias
0.37999829000256
node
0.52631263158605
disable
0.46653681295699
done
26
7 171 1.1575522470185 24 1
128 172 -1.3839507656875 2005 1
84 172 0.67216954882858 45 1
1000003 173 -0.13351619031927 2009 1
5 174 1 2028 1
124 1000001 1.5157322916349 2025 1
63 1000001 -1.6018769320012 2006 1
5 1000002 -1.2141995993517 2020 1
1000003 1000002 -0.988934345428 21 1
174 1000002 -1.2141995993517 2029 1
154 1000002 0.48774681844539 2026 1
173 1000002 -0.79932204876767 2010 1
23 1000002 0.86280220114315 43 1
84 1000003 0.49333934694143 22 0
170 1000003 -0.017517624439222 2027 1
172 1000003 -1.2357007441758 46 1
122 1000004 0.33710745567187 20 1
48 1000004 -0.74350889831182 65 1
29 1000004 0.53177718676632 2007 1
170 1000004 0.2904644036379 44 1
7 1000005 0.80670952443091 23 0
170 1000005 -0.74757440185703 2008 1
171 1000005 0.44617463956515 25 1
154 1000006 -0.43524448121555 2021 1
67 1000006 -1.9658192693869 66 1
106 1000006 1.5088521236813 42 1
0
175
connections
0.8594086294901
step
0.33240797784382
link
2.2160498615457
enable
0.22160498615457
bias
0.3999976000054
node
0.49999700000675
disable
0.44320997230914
done
28
7 171 1.4593844124529 24 1
128 172 -1.5569262724539 2005 1
84 172 0.64691964933051 45 1
1000003 173 -0.28764303767732 2009 1
5 174 0.92932259951665 2028 1
124 1000001 1.76375751977 2025 1
63 1000001 -1.9259460519151 2006 1
5 1000002 -1.0311809425238 2020 1
1000003 1000002 -0.69389905932821 21 1
174 1000002 -0.9880055418553 2029 1
154 1000002 0.24124327971352 2026 1
173 1000002 -0.51696750769503 2010 1
23 1000002 0.79500717184973 43 1
84 1000003 0.80430164879532 22 0
170 1000003 -0.32428006354013 2027 1
172 1000003 -0.99830705267144 46 1
122 1000004 0.56218560760585 20 1
48 1000004 -1.0080698179624 65 1
29 1000004 0.4642851894338 2007 1
170 1000004 0.51953952640444 44 1
7 1000005 1.1234339568252 23 0
170 1000005 -0.92119916276884 2008 1
171 1000005 0.41838859106165 25 1
154 1000006 -0.28091474193706 2021 1
67 1000006 -2.2108416970996 66 1
106 1000006 1.3603048041352 42 1
152 173 -1.9836420789209 2132 1
59 173 -0.41743217261269 2133 1
