187
10000
1
10000
180
5
10000
172
connections
0.69999790000157
step
0.29999955
link
1.9999940000045
enable
0.19999940000045
bias
0.3999988000009
node
0.451249323125
disable
0.44321130194205
done
13
7 171 0.63949184228492 24 1
84 172 0.97342146996521 45 1
23 1000002 0.73064019042482 43 1
1000003 1000002 -1.1120258706244 21 1
172 1000003 0.63297497195196 46 1
84 1000003 0.49750961528825 22 0
122 1000004 -0.41343833385266 20 0
170 1000004 0.24382190664541 44 0
48 1000004 -1.0716269417402 65 1
7 1000005 0.92092488415632 23 0
171 1000005 0.90342791108585 25 1
106 1000006 1.3220222972182 42 1
67 1000006 -1.5325785088656 66 1
0
177
connections
0.6649980050015
step
0.2849995725
link
2.1052536842247
enable
0.18999943000043
bias
0.42105073684495
node
0.47499857500107
disable
0.42105073684495
done
17
7 171 -0.55531361751267 24 1
84 172 1.2405558390009 45 1
23 1000002 0.52757353741546 43 1
1000003 1000002 -1.190696609238 21 1
172 1000003 0.84625279773011 46 1
84 1000003 0.46222279422948 22 0
122 1000004 -0.29456601849399 20 0
170 1000004 0.26799298767136 44 0
48 1000004 -1.101155844253 65 1
7 1000005 0.87344380055765 23 0
171 1000005 0.8135365392243 25 1
106 1000006 1.221415282383 42 1
67 1000006 -1.283239761197 66 0
151 172 -0.37690359202857 1810 1
14 1000006 0.53364665669729 1811 1
67 177 1 1812 1
177 1000006 -1.283239761197 1813 1
0
177
connections
0.73683878947866
step
0.3157885263165
link
1.8999943000043
enable
0.21052536842247
bias
0.37999886000085
node
0.47499857500107
disable
0.42105073684495
done
16
7 171 -0.27668080690939 24 1
84 172 0.97342146996521 45 1
23 1000002 0.73064019042482 43 1
1000003 1000002 -1.0548114711061 21 1
172 1000003 0.63297497195196 46 1
84 1000003 0.49750961528825 22 0
122 1000004 -0.41343833385266 20 0
170 1000004 0.24382190664541 44 0
48 1000004 -1.2174186890508 65 1
7 1000005 0.92092488415632 23 0
171 1000005 0.90342791108585 25 1
106 1000006 1.3220222972182 42 1
67 1000006 -1.3678655134067 66 1
152 1000006 -0.41401409955138 1814 1
5 1000006 0.26703695791498 1815 1
170 1000003 -1.0868861964782 1816 1
0
172
connections
0.73683878947866
step
0.3157885263165
link
2.1052536842247
enable
0.18999943000043
bias
0.42105073684495
node
0.42868685696875
disable
0.46653751276326
done
15
7 171 0.49280105096855 24 1
84 172 1.1374017481498 45 1
23 1000002 0.92204849515738 43 1
1000003 1000002 -0.86647468003576 21 1
172 1000003 -1.1463362529374 46 1
84 1000003 1.2813501388592 22 0
122 1000004 -0.21676801137758 20 0
170 1000004 0.40953691595392 44 0
48 1000004 -1.3683912500645 65 1
7 1000005 1.0157664896582 23 0
171 1000005 0.9736941589991 25 1
106 1000006 1.0594707416153 42 1
67 1000006 -1.6576622602943 66 1
153 1000002 1.3748588518937 1817 1
18 172 0.13043610950041 1818 1
0
177
connections
0.6649980050015
step
0.2849995725
link
1.8999943000043
enable
0.21052536842247
bias
0.42105073684495
node
0.42868685696875
disable
0.46653751276326
done
17
7 171 0.66096661704314 24 1
84 172 1.0647979829123 45 1
23 1000002 0.61291597967048 43 1
1000003 1000002 -1.0612918239801 21 1
172 1000003 0.84112111805925 46 1
84 1000003 0.65613070369068 22 0
122 1000004 -0.26796826182707 20 0
170 1000004 0.28317928039224 44 0
48 1000004 -1.0412281210973 65 1
7 1000005 1.0418672669076 23 0
171 1000005 -1.7653736991485 25 0
106 1000006 1.0187428519917 42 1
67 1000006 0.14447462385937 66 1
118 1000006 0.86092715231788 1819 1
169 172 0.94174016541032 1820 1
84 177 1 1821 1
177 172 1.0647979829123 1822 1
