23
40000
5
40000
1
2
40000
170
connections
0.69999895
step
0.285
link
1.805
enable
0.22160598338
bias
0.44321196676
node
0.49999925
disable
0.3999994
done
5
170 1000001 1.6575823236793 202 1
1000003 1000002 -1.3870662556841 21 0
47 1000004 1.1698965422529 201 1
122 1000004 -0.29377117221595 20 0
168 1000006 0.56978057191687 200 1
0
171
connections
0.7368398947385
step
0.315789
link
1.89999715
enable
0.23326910628529
bias
0.421051368422
node
0.5263142105275
disable
0.421051368422
done
7
170 1000001 1.6575823236793 202 1
1000003 1000002 -1.3870662556841 21 0
47 1000004 1.1698965422529 201 1
122 1000004 -0.29377117221595 20 0
168 1000006 0.56978057191687 200 1
167 1000001 -1.389751884518 411 0
158 1000003 -0.33698538163396 412 1
40000
1
2
40000
171
connections
0.6649990025
step
0.27075
link
1.71475
enable
0.210525684211
bias
0.46653821257058
node
0.5263142105275
disable
0.421051368422
done
9
170 171 1 245 1
171 1000001 1.7518205435347 246 1
170 1000001 1.7518205435347 202 0
14 1000001 -0.67928098391675 244 0
68 1000002 -1.2228766747032 243 1
1000003 1000002 -0.093081453901791 21 0
122 1000004 -0.16370507675405 20 0
47 1000004 0.75850703451643 201 1
168 1000006 0.21051667836543 200 1
0
172
connections
0.69999790000157
step
0.2572125
link
1.8049972925
enable
0.22160565097102
bias
0.44321130194205
node
0.55401412742756
disable
0.3999988000009
done
13
170 171 1.074925788522 245 1
171 1000001 1.9723747478408 246 1
170 1000001 1.9219794034394 202 0
14 1000001 -0.92781166913358 244 0
68 1000002 -1.3708992618336 243 1
1000003 1000002 0.083404298150578 21 0
122 1000004 -0.37180959006012 20 0
47 1000004 0.52526764694662 201 1
168 1000006 0.08659279953917 200 1
152 1000004 0.9532151249733 424 0
170 1000006 0.8064821314127 425 1
152 172 1 426 1
172 1000004 0.9532151249733 427 1
30000
1
2
30000
172
connections
0.77562094183
step
0.29999955
link
1.999997
enable
0.1999997
bias
0.361
node
0.55401495845
disable
0.361
done
10
170 171 -0.32275313897886 18 1
170 172 1 370 1
171 1000001 0.97048591104312 19 1
170 1000001 1.7924111150211 17 1
172 1000002 1.585558641316 371 1
170 1000002 1.585558641316 369 0
132 1000003 0.53834934577013 15 0
69 1000005 -1.0263374736778 368 1
5 1000005 1.8426465651418 367 1
130 1000005 0.65373858471939 16 1
0
172
connections
0.7368398947385
step
0.2849995725
link
1.89999715
enable
0.210525684211
bias
0.37999943
node
0.58317276571322
disable
0.34295
done
12
170 171 -0.32275313897886 18 1
170 172 1 370 1
171 1000001 0.97048591104312 19 1
170 1000001 1.7924111150211 17 1
172 1000002 1.585558641316 371 0
170 1000002 1.585558641316 369 0
132 1000003 0.53834934577013 15 0
69 1000005 -1.0263374736778 368 1
5 1000005 1.8426465651418 367 1
130 1000005 0.65373858471939 16 1
1000004 1000001 0.70943327127903 428 1
64 1000001 0.8799707022309 429 1
40000
1
3
40000
171
connections
0.631749052375
step
0.285
link
1.8049972925
enable
0.22160565097102
bias
0.44321130194205
node
0.49999850000112
disable
0.3999988000009
done
12
170 171 1 382 1
170 1000001 1.7547625659963 202 1
166 1000001 0.57454145939512 379 1
171 1000002 1.3694875942259 383 1
1000003 1000002 -1.2014644306772 21 0
170 1000002 1.3694875942259 381 0
127 1000003 -0.66133610034486 361 1
122 1000004 -0.46556093020417 20 0
64 1000004 -0.015198217719047 360 1
47 1000004 0.96194143498032 201 0
67 1000005 1.6596575823237 380 1
168 1000006 1.3801080355235 200 1
0
172
connections
0.6649980050015
step
0.285
link
1.8999943000043
enable
0.23326875638163
bias
0.42105073684495
node
0.47499857500107
disable
0.37999886000085
done
17
170 171 1 382 1
170 1000001 1.7547625659963 202 1
166 1000001 0.57454145939512 379 1
171 1000002 1.3694875942259 383 1
1000003 1000002 -1.2014644306772 21 0
170 1000002 1.3694875942259 381 0
127 1000003 -0.66133610034486 361 1
122 1000004 -0.46556093020417 20 0
64 1000004 -0.015198217719047 360 1
47 1000004 0.96194143498032 201 0
67 1000005 1.6596575823237 380 1
168 1000006 1.3801080355235 200 0
98 171 0.45173497726371 418 1
97 1000002 -0.79537339396344 419 1
170 1000005 0.11993774224067 420 1
168 172 1 421 1
172 1000006 1.3801080355235 422 1
0
172
connections
0.6649980050015
step
0.27075
link
1.714747427875
enable
0.21052536842247
bias
0.42105073684495
node
0.52631342105618
disable
0.42105073684495
done
13
170 171 1 382 1
170 1000001 1.7547625659963 202 1
166 1000001 0.57454145939512 379 1
171 1000002 1.3694875942259 383 1
1000003 1000002 -1.2014644306772 21 0
170 1000002 1.3694875942259 381 0
127 1000003 -0.66133610034486 361 1
122 1000004 -0.46556093020417 20 0
64 1000004 -0.015198217719047 360 0
47 1000004 0.96194143498032 201 0
67 1000005 1.6596575823237 380 1
168 1000006 1.3801080355235 200 1
12 171 -1.5342875453963 423 1
0
0
1
0
171
connections
0.7368398947385
step
0.29999955
link
1.89999715
enable
0.23326910628529
bias
0.421051368422
node
0.4749992875
disable
0.421051368422
done
10
170 1000001 1.6575823236793 202 0
1000003 1000002 -1.3870662556841 21 0
47 1000004 1.1698965422529 201 1
122 1000004 -0.29377117221595 20 0
168 1000006 0.56978057191687 200 0
61 1000005 1.3863338114566 413 1
24 1000002 0.056093020416883 414 1
170 1000004 -1.619861445967 415 1
170 171 1 416 1
171 1000001 1.6575823236793 417 1
