26
40000
4
40000
4
1
40000
170
connections
0.69999895
step
0.285
link
1.805
enable
0.22160598338
bias
0.44321196676
node
0.49999925
disable
0.3999994
done
5
170 1000001 1.6575823236793 202 1
1000003 1000002 -1.3870662556841 21 0
122 1000004 -0.29377117221595 20 0
47 1000004 1.1698965422529 201 1
168 1000006 0.56978057191687 200 1
40000
4
3
40000
171
connections
0.6649990025
step
0.27075
link
1.71475
enable
0.210525684211
bias
0.46653821257058
node
0.5263142105275
disable
0.421051368422
done
9
170 171 1 245 1
14 1000001 -0.67928098391675 244 0
170 1000001 1.7518205435347 202 0
171 1000001 1.7518205435347 246 1
1000003 1000002 -0.093081453901791 21 0
68 1000002 -1.2228766747032 243 1
122 1000004 -0.16370507675405 20 0
47 1000004 0.75850703451643 201 1
168 1000006 0.21051667836543 200 1
0
171
connections
0.69999790000157
step
0.2572125
link
1.6290125
enable
0.19999940000045
bias
0.49109211869817
node
0.49999850000112
disable
0.44321130194205
done
12
170 171 1.1795157525101 245 1
14 1000001 -0.60130949545274 244 0
170 1000001 1.753037253563 202 0
171 1000001 1.8628865447707 246 1
1000003 1000002 0.079416629154332 21 0
68 1000002 -1.2681147385327 243 1
122 1000004 -0.10033410863063 20 0
47 1000004 0.62615253265481 201 1
168 1000006 0.0096025288399913 200 1
156 1000005 0.45527512436293 459 1
155 171 -0.86898403881954 460 1
170 1000006 -0.44404431287576 461 1
0
172
connections
0.69999790000157
step
0.2849995725
link
1.8049972925
enable
0.19999940000045
bias
0.49109211869817
node
0.49999850000112
disable
0.3999988000009
done
13
170 171 1 245 1
14 1000001 -0.67928098391675 244 0
170 1000001 1.7518205435347 202 1
171 1000001 1.7518205435347 246 1
1000003 1000002 -0.093081453901791 21 0
68 1000002 -1.2228766747032 243 1
122 1000004 -0.16370507675405 20 0
47 1000004 0.75850703451643 201 1
168 1000006 0.21051667836543 200 1
62 1000001 -0.47199926755577 474 1
150 171 -1.8455763420515 475 0
150 172 1 476 1
172 171 -1.8455763420515 477 1
40000
4
2
40000
171
connections
0.631749052375
step
0.285
link
1.8049972925
enable
0.22160565097102
bias
0.44321130194205
node
0.49999850000112
disable
0.3999988000009
done
12
170 171 1 382 1
166 1000001 0.57454145939512 379 1
170 1000001 1.7547625659963 202 1
171 1000002 1.3694875942259 383 1
1000003 1000002 -1.2014644306772 21 0
170 1000002 1.3694875942259 381 0
127 1000003 -0.66133610034486 361 1
64 1000004 -0.015198217719047 360 1
122 1000004 -0.46556093020417 20 0
47 1000004 0.96194143498032 201 0
67 1000005 1.6596575823237 380 1
168 1000006 1.3801080355235 200 1
0
172
connections
0.60016159975625
step
0.27075
link
1.714747427875
enable
0.21052536842247
bias
0.42105073684495
node
0.52631342105618
disable
0.37999886000085
done
16
170 171 1 382 1
166 1000001 0.57454145939512 379 0
170 1000001 1.7547625659963 202 1
171 1000002 1.3694875942259 383 1
1000003 1000002 -1.2014644306772 21 0
170 1000002 1.3694875942259 381 0
127 1000003 -0.66133610034486 361 1
64 1000004 -0.015198217719047 360 1
122 1000004 -0.46556093020417 20 0
47 1000004 0.96194143498032 201 0
67 1000005 1.6596575823237 380 1
168 1000006 1.3801080355235 200 1
155 1000002 1.4470046082949 462 1
10 1000001 1.2157963805048 463 1
166 172 1 464 1
172 1000001 0.57454145939512 465 1
40000
4
4
40000
171
connections
0.7368398947385
step
0.315789
link
1.89999715
enable
0.23326910628529
bias
0.421051368422
node
0.5263142105275
disable
0.421051368422
done
9
47 171 1 389 1
165 1000001 -0.092593157750176 387 1
170 1000001 1.9311016452223 202 1
1000003 1000002 -1.1903763633839 21 0
150 1000004 1.8024842066713 388 1
171 1000004 0.52253791924802 390 1
47 1000004 0.52253791924802 201 0
122 1000004 -0.20715977224036 20 1
168 1000006 0.31069808993805 200 1
0
172
connections
0.77561977839859
step
0.33240897507
link
1.8049972925
enable
0.22160565097102
bias
0.44321130194205
node
0.55401412742756
disable
0.44321130194205
done
14
47 171 0.78871786480963 389 1
165 1000001 -0.067951860089571 387 1
170 1000001 -1.3410443433943 202 1
1000003 1000002 -1.281586699846 21 0
150 1000004 2.0595388964293 388 1
171 1000004 0.5095020742526 390 1
47 1000004 0.58905623491726 201 0
122 1000004 -0.28107547227393 20 1
168 1000006 0.3763236784792 200 1
136 1000002 -1.6901760917997 466 1
8 1000005 -0.99374370555742 467 1
170 1000005 0.067567979979858 468 0
170 172 1 469 1
172 1000005 0.067567979979858 470 1
0
171
connections
0.77561977839859
step
0.33240897507
link
1.8049972925
enable
0.24554605934908
bias
0.44321130194205
node
0.55401412742756
disable
0.3999988000009
done
12
47 171 0.97548043785686 389 1
165 1000001 -0.30073045873932 387 1
170 1000001 2.0008459521044 202 1
1000003 1000002 -1.4489324578573 21 0
150 1000004 2.0601069955108 388 1
171 1000004 0.54614446501016 390 1
47 1000004 0.45200233150237 201 1
122 1000004 -0.47646917075665 20 1
168 1000006 0.52766121594354 200 1
3 1000002 -0.71333964049196 471 1
122 1000005 -1.9549546800134 472 1
170 1000006 1.4239326151311 473 1
0
171
connections
0.77561977839859
step
0.33240897507
link
1.9999940000045
enable
0.24554605934908
bias
0.3999988000009
node
0.55401412742756
disable
0.3999988000009
done
11
47 171 -0.84444715720084 389 1
165 1000001 -0.35510565654123 387 1
170 1000001 1.9506909189081 202 1
1000003 1000002 -0.89475180384183 21 0
150 1000004 -1.599475081637 388 1
171 1000004 0.67214072558847 390 1
47 1000004 0.51706996558847 201 0
122 1000004 -0.076324524842745 20 1
168 1000006 0.28147142111952 200 1
18 1000005 -0.38386181218909 478 0
1000006 1000005 -1.2420422986541 479 1
