155
20000
7
20000
153
1
20000
171
connections
0.736841
step
0.315789
link
2.10526
enable
0.19
bias
0.38
node
0.526315
disable
0.38
done
5
170 171 1 18 1
171 1000001 1.2115237891781 19 1
170 1000001 1.2115237891781 17 0
132 1000003 0.3961912900174 15 0
130 1000005 0.28962065492721 16 1
0
11
2
0
172
connections
0.7368398947385
step
0.3157885263165
link
1.89999715
enable
0.210525684211
bias
0.421051368422
node
0.5263142105275
disable
0.37999943
done
12
170 171 0.98482168807101 18 1
29 171 -1.9785242540524 2783 1
111 171 1.0116885891293 2804 1
6 172 1 2806 1
170 1000001 1.2420764773497 17 0
171 1000001 1.2231619632245 19 1
170 1000002 -0.56575212866604 2805 1
132 1000003 0.24822850079214 15 0
172 1000004 1.1756340220344 2807 1
6 1000004 1.1756340220344 2803 0
130 1000005 0.77828841537825 16 1
45 1000006 1.6713862724243 2782 1
0
172
connections
0.77561977839859
step
0.33240847645654
link
1.9999940000045
enable
0.19999940000045
bias
0.3999988000009
node
0.55401412742756
disable
0.3609994585
done
14
170 171 0.82963956995352 18 1
29 171 -2.0082175311479 2783 1
111 171 1.2030058124788 2804 1
6 172 1.0427392471484 2806 1
170 1000001 1.1443128588429 17 0
171 1000001 1.0872951849054 19 1
170 1000002 -0.7756948582497 2805 1
132 1000003 -0.065189263425664 15 0
172 1000004 0.91876232086074 2807 1
6 1000004 0.85754973664679 2803 0
130 1000005 0.71276437138787 16 1
45 1000006 1.3579279297616 2782 1
95 1000005 0.88753929258095 3012 1
50 1000004 -0.18634601886044 3013 1
0
3
3
0
172
connections
0.7368398947385
step
0.285
link
1.89999715
enable
0.189999715
bias
0.421051368422
node
0.4749992875
disable
0.34295
done
11
170 171 1.00984977987 18 0
172 171 1.00984977987 2942 1
170 172 1 2941 1
171 1000001 1.1245440014344 19 1
170 1000001 1.258461839259 17 1
132 1000003 0.4053030883816 15 0
145 1000003 2.1702815332499 2922 1
7 1000003 -0.4451429792169 2940 1
76 1000004 0.072983336893826 2923 1
130 1000005 0.53774355342265 16 1
81 1000006 1.6131473738823 2939 1
0
172
connections
0.69999790000157
step
0.27075
link
1.8049972925
enable
0.19999940000045
bias
0.44321130194205
node
0.451249323125
disable
0.3609994585
done
13
170 171 1.00984977987 18 0
172 171 1.00984977987 2942 1
170 172 1 2941 1
171 1000001 1.1245440014344 19 0
170 1000001 1.258461839259 17 1
132 1000003 0.4053030883816 15 0
145 1000003 2.1702815332499 2922 1
7 1000003 -0.4451429792169 2940 1
76 1000004 0.072983336893826 2923 1
130 1000005 0.53774355342265 16 1
81 1000006 1.6131473738823 2939 1
128 1000006 1.7040925321207 3014 1
170 1000006 1.970702230903 3015 1
0
173
connections
0.69999790000157
step
0.315789
link
1.8049972925
enable
0.19999940000045
bias
0.44321130194205
node
0.49999850000112
disable
0.3258025
done
15
170 171 0.85895685793634 18 0
172 171 0.94879679012421 2942 1
170 172 0.86556777364422 2941 1
171 1000001 1.2371571324808 19 1
170 1000001 1.0464677405316 17 1
132 1000003 0.43497667250587 15 0
145 1000003 2.4295567634205 2922 1
7 1000003 -0.70266420084231 2940 1
76 1000004 0.31037324137089 2923 0
130 1000005 0.55887839265114 16 1
81 1000006 1.8645777526475 2939 0
52 171 -1.5190282906583 3016 1
135 1000005 -1.2413098544267 3017 1
81 173 1 3018 1
173 1000006 1.8645777526475 3019 1
0
0
1
0
172
connections
0.69999895
step
0.29999955
link
1.999997
enable
0.1805
bias
0.3999994
node
0.49999925
disable
0.361
done
9
170 171 1.1823325613651 18 0
171 1000001 1.0893431197623 19 1
170 1000001 -0.44367809076205 17 0
132 1000003 0.15976780359355 15 0
130 1000005 0.71298299890689 16 1
140 1000003 -0.30024109622486 2995 1
52 1000002 0.55525376140629 2996 1
170 172 1 2997 1
172 171 1.1823325613651 2998 1
0
0
1
0
173
connections
0.69999895
step
0.29999955
link
2.2160598338
enable
0.1805
bias
0.361
node
0.49999925
disable
0.3999994
done
10
170 171 1.8790246284371 18 1
171 1000001 1.0358015270501 19 1
170 1000001 1.4729968306055 17 0
132 1000003 -0.13519699697867 15 0
130 1000005 0.34803132168045 16 0
1000004 171 -0.78975798821986 2999 1
137 1000005 -0.84273812067019 3000 1
170 1000002 0.2831507309183 3001 1
130 173 1 3002 1
173 1000005 0.34803132168045 3003 1
0
0
1
0
172
connections
0.7368398947385
step
0.315789
link
2.10525684211
enable
0.210525684211
bias
0.37999943
node
0.58317276571322
disable
0.37999943
done
12
170 171 1.1083854296975 18 1
170 1000001 1.6477040804665 17 0
171 1000001 1.0812561345125 19 1
77 1000003 -1.6666063628346 2980 0
132 1000003 0.16064766025026 15 0
75 1000003 -1.2917042575457 2981 1
170 1000004 1.7747126160161 2982 1
130 1000005 0.47230363240859 16 1
95 1000006 -0.34553056428724 3004 1
113 171 -0.56672872096927 3005 1
77 172 1 3006 1
172 1000003 -1.6666063628346 3007 1
0
0
1
0
172
connections
0.69999895
step
0.285
link
2.2160598338
enable
0.1805
bias
0.361
node
0.55401495845
disable
0.361
done
9
170 171 1.2019710379345 18 1
171 1000001 1.2527425458541 19 1
170 1000001 0.94221457564013 17 0
132 1000003 -1.7276528214362 15 0
130 1000005 0.5520412305063 16 0
10 1000003 -0.84969634083071 3008 1
118 1000001 -1.8655964842677 3009 1
130 172 1 3010 1
172 1000005 0.5520412305063 3011 1
