37
20000
5
20000
35
3
20000
171
connections
0.736841
step
0.315789
link
2.10526
enable
0.19
bias
0.38
node
0.526315
disable
0.38
done
5
170 171 1 18 1
171 1000001 1.2115237891781 19 1
170 1000001 1.2115237891781 17 0
132 1000003 0.3961912900174 15 0
130 1000005 0.28962065492721 16 1
0
173
connections
0.69999895
step
0.33240897507
link
2.2160598338
enable
0.1805
bias
0.3999994
node
0.55401495845
disable
0.3999994
done
7
170 171 1.469139318456 18 1
171 1000001 0.90520679335189 19 1
170 1000001 1.3491356470481 17 0
132 1000003 0.65464593822621 15 0
130 1000005 0.050622027314827 16 1
81 1000005 1.5335551011689 671 1
58 1000005 0.88949247718741 672 1
0
173
connections
0.69999895
step
0.29999955
link
1.999997
enable
0.1805
bias
0.361
node
0.49999925
disable
0.3999994
done
7
170 171 0.88585789392224 18 1
171 1000001 1.3017424715629 19 1
170 1000001 1.332111394789 17 0
132 1000003 0.38918730259865 15 0
130 1000005 -0.0047940162160098 16 0
34 171 0.072695089571825 673 1
133 1000004 0.95529038361766 674 1
0
10
4
0
172
connections
0.81644187199851
step
0.34990365942793
link
1.89999715
enable
0.171475
bias
0.421051368422
node
0.5263142105275
disable
0.34295
done
9
170 171 0.4776604843826 18 1
80 171 -1.0661223208186 466 1
171 1000001 2.1540737169611 19 1
170 1000001 1.6474812501371 17 0
46 1000002 0.83333841975158 471 1
101 1000002 2.2060481791349 467 0
132 1000003 0.50424034184208 15 0
141 1000004 -1.5610217596973 470 1
130 1000005 -0.24452442889444 16 1
0
172
connections
0.90464201958419
step
0.34990313457244
link
1.8999943000043
enable
0.1714747427875
bias
0.46653751276326
node
0.52631342105618
disable
0.342949485575
done
13
170 171 -0.68294320505387 18 1
107 171 -1.4770558035282 661 1
80 171 -1.6592675767554 466 1
171 1000001 1.7468291666705 19 1
96 1000001 -0.40859827207811 662 1
170 1000001 1.6510754158744 17 0
101 1000002 1.935241419993 467 1
46 1000002 0.66661914998492 471 1
132 1000003 -0.00033949967389407 15 0
141 1000004 -0.31818597979675 470 1
130 1000005 0.66463209936827 16 1
123 1000003 1.720328379162 675 1
1000001 1000004 -1.4626300851466 676 1
0
173
connections
0.77561977839859
step
0.36831908902363
link
1.9999940000045
enable
0.18049972925
bias
0.44321130194205
node
0.55401412742756
disable
0.3609994585
done
13
170 171 0.26333692499622 18 1
80 171 1.2343516342662 466 0
171 1000001 2.4393925876751 19 1
170 1000001 1.6340712744541 17 0
46 1000002 0.79688531737102 471 1
101 1000002 2.2313281752046 467 0
132 1000003 0.71328084291243 15 0
141 1000004 -0.59675893429365 470 1
130 1000005 -0.60930274479137 16 1
171 1000004 -1.3727835932493 677 1
62 171 1.9136936552019 678 0
62 173 1 679 1
173 171 1.9136936552019 680 1
0
172
connections
0.77561977839859
step
0.36831908902363
link
1.9999940000045
enable
0.16290125
bias
0.44321130194205
node
0.49999850000112
disable
0.3258025
done
11
170 171 0.63101530269216 18 1
80 171 -0.87861871279827 466 1
171 1000001 2.0073283418214 19 1
170 1000001 0.53425702688681 17 0
46 1000002 0.95173512877852 471 1
101 1000002 2.3989922131658 467 0
132 1000003 0.49062803626611 15 0
141 1000004 -1.8429459844295 470 1
130 1000005 -0.47948563736213 16 0
5 171 0.97067171239357 685 1
1000004 1000001 -0.51484725486007 686 1
0
3
1
0
171
connections
0.81644187199851
step
0.2849995725
link
1.89999715
enable
0.210525684211
bias
0.37999943
node
0.4749992875
disable
0.37999943
done
10
170 171 1.0755574598318 18 1
170 1000001 1.2932566601392 17 0
171 1000001 1.4153210542084 19 1
37 1000001 1.7300943021943 617 1
147 1000001 1.4529862361522 618 1
138 1000003 1.6513414059494 597 1
132 1000003 0.60355463753082 15 0
133 1000003 -0.46393466201918 598 1
170 1000004 0.84304760834933 599 1
130 1000005 0.28816750221587 16 1
0
1
1
0
171
connections
0.7368398947385
step
0.285
link
2.3326910628529
enable
0.171475
bias
0.37999943
node
0.4749992875
disable
0.37999943
done
10
170 171 0.98666996083737 18 1
171 1000001 0.71731816676809 19 1
170 1000001 0.97254682376403 17 0
170 1000002 -1.2408215582751 642 1
68 1000003 0.32416760765404 651 1
132 1000003 0.14086118675689 15 1
130 1000005 1.9560533463546 16 1
154 1000005 0.53901791436506 641 1
105 1000006 1.1476790673544 640 1
162 1000006 -0.97286904507584 652 1
0
0
1
0
172
connections
0.69999895
step
0.33240897507
link
1.999997
enable
0.1805
bias
0.3999994
node
0.49999925
disable
0.361
done
9
170 171 1.2996621208714 18 1
171 1000001 1.2148005035233 19 1
170 1000001 -0.073671681875057 17 0
132 1000003 0.72074832421078 15 0
130 1000005 -0.61482589190344 16 1
158 171 1.1182592242195 681 1
78 1000004 -1.7971129490036 682 0
78 172 1 683 1
172 1000004 -1.7971129490036 684 1
