186
20000
6
20000
184
2
20000
171
connections
0.736841
step
0.315789
link
2.10526
enable
0.19
bias
0.38
node
0.526315
disable
0.38
done
5
170 171 1 18 1
171 1000001 1.2115237891781 19 1
170 1000001 1.2115237891781 17 0
132 1000003 0.3961912900174 15 0
130 1000005 0.28962065492721 16 1
0
172
connections
0.69999895
step
0.33240897507
link
1.999997
enable
0.1805
bias
0.361
node
0.49999925
disable
0.3999994
done
7
170 171 0.73747735658249 18 1
171 1000001 1.0194352872417 19 1
170 1000001 0.95355608303919 17 1
132 1000003 0.20026811928077 15 0
130 1000005 0.19631038078879 16 1
22 1000001 0.24958037049471 3595 0
1000004 1000006 1.2306894131291 3596 1
0
6
1
0
172
connections
0.77562094183
step
0.29999955
link
1.999997
enable
0.1805
bias
0.3999994
node
0.49999925
disable
0.361
done
9
170 171 1.2370643741615 18 1
155 172 1 3469 1
171 1000001 0.93650054986877 19 1
170 1000001 -1.3215124973296 17 0
2 1000003 -0.64998321481979 3467 1
132 1000003 0.36970122379223 15 0
155 1000004 1.4665364543596 3468 0
172 1000004 1.4665364543596 3470 1
130 1000005 0.91940061647389 16 0
0
6
4
0
171
connections
0.7368398947385
step
0.2849995725
link
2.3326910628529
enable
0.189999715
bias
0.34295
node
0.58317276571322
disable
0.421051368422
done
10
170 171 0.87677697245651 18 1
56 171 2.0647810486762 3450 1
170 1000001 0.99430541936728 17 1
171 1000001 1.0625077768554 19 1
132 1000003 0.30383433147366 15 0
52 1000004 -1.8922086245308 3472 1
130 1000005 -0.074396713410977 16 1
99 1000005 0.14667195654164 3473 1
71 1000006 -1.5371575941327 3451 1
2 1000006 1.0254829554125 3471 1
0
172
connections
0.69999790000157
step
0.270749593875
link
2.2160565097102
enable
0.19999940000045
bias
0.3609994585
node
0.61386514837271
disable
0.3999988000009
done
14
170 171 0.87677697245651 18 1
56 171 2.0647810486762 3450 1
170 1000001 0.99430541936728 17 1
171 1000001 1.0625077768554 19 0
132 1000003 0.30383433147366 15 0
52 1000004 -1.8922086245308 3472 1
130 1000005 -0.074396713410977 16 1
99 1000005 0.14667195654164 3473 1
71 1000006 -1.5371575941327 3451 1
2 1000006 1.0254829554125 3471 1
15 1000002 0.11908322397534 3602 1
164 1000005 -0.89059114352855 3603 1
171 172 1 3604 1
172 1000001 1.0625077768554 3605 1
0
172
connections
0.77561977839859
step
0.270749593875
link
2.4554605934908
enable
0.19999940000045
bias
0.3258025
node
0.61386514837271
disable
0.44321130194205
done
14
170 171 0.89871490304943 18 0
56 171 2.2664034382799 3450 1
170 1000001 1.2265169686903 17 1
171 1000001 1.1860790582178 19 1
132 1000003 0.29455512391967 15 0
52 1000004 1.1637928403577 3472 1
130 1000005 -0.095888448805395 16 1
99 1000005 0.33140503159469 3473 1
71 1000006 -1.784391048472 3451 1
2 1000006 1.7388836329234 3471 1
84 1000001 1.3444624164556 3606 0
33 1000002 0.4391613513596 3607 1
170 172 1 3608 1
172 171 0.89871490304943 3609 1
0
172
connections
0.69999790000157
step
0.29999910000067
link
2.2160565097102
enable
0.19999940000045
bias
0.3258025
node
0.61386514837271
disable
0.44321130194205
done
14
170 171 0.87677697245651 18 1
56 171 2.0647810486762 3450 0
170 1000001 0.99430541936728 17 1
171 1000001 1.0625077768554 19 1
132 1000003 0.30383433147366 15 0
52 1000004 -1.8922086245308 3472 1
130 1000005 -0.074396713410977 16 1
99 1000005 0.14667195654164 3473 1
71 1000006 -1.5371575941327 3451 1
2 1000006 1.0254829554125 3471 1
24 1000002 -0.19769890438551 3610 0
64 1000002 0.75228125858333 3611 1
24 172 1 3612 1
172 1000002 -0.19769890438551 3613 1
0
0
1
0
172
connections
0.7368398947385
step
0.34990365942793
link
2.10525684211
enable
0.189999715
bias
0.37999943
node
0.5263142105275
disable
0.37999943
done
11
170 171 -1.9464094973601 18 0
171 172 0.93790430068137 3573 1
170 1000001 1.6800060902002 17 0
172 1000001 1.0292523052609 3574 1
171 1000001 1.1283918534078 19 0
171 1000002 1.3111095310412 3571 1
120 1000002 1.0020513257707 3572 1
132 1000003 0.33245366099454 15 0
130 1000005 -0.16305637103201 16 1
129 1000006 -1.1604968413343 3593 1
108 1000005 0.10711996826075 3594 1
0
0
1
0
173
connections
0.81644187199851
step
0.3157885263165
link
2.10525684211
enable
0.189999715
bias
0.34295
node
0.58317276571322
disable
0.37999943
done
11
170 171 1.1339856611434 18 1
171 172 1.2609902975914 3573 1
170 1000001 1.6815461438121 17 0
172 1000001 1.2225707801569 3574 1
171 1000001 1.0180652554389 19 0
171 1000002 1.0072271992034 3571 1
120 1000002 0.96470608130778 3572 0
132 1000003 1.8937955870235 15 1
130 1000005 1.0072939237648 16 1
15 1000005 0.87484359263894 3597 1
89 1000005 -1.1911374248482 3598 1
0
0
1
0
174
connections
0.85941120772179
step
0.33240847645654
link
1.8049972925
enable
0.19999940000045
bias
0.3609994585
node
0.55401412742756
disable
0.3258025
done
16
170 171 0.88624972605543 18 0
173 171 1.3319024977689 3589 1
155 172 -0.47396635546686 3469 1
170 173 0.9965609767901 3588 1
171 1000001 0.84236212485599 19 1
170 1000001 -1.2210721511128 17 0
2 1000003 -0.19795176862733 3467 1
132 1000003 -0.11534695665289 15 0
13 1000004 -1.9018663677262 3587 1
172 1000004 1.5850353889693 3470 1
155 1000004 1.6581218906561 3468 0
34 1000005 1.1622755830441 3586 1
130 1000005 0.49610670044456 16 0
113 1000006 -1.2594988860744 3599 1
158 1000006 -0.39558091982788 3600 1
170 172 1.8884243293558 3601 1
