55
20000
4
20000
53
3
20000
171
connections
0.736841
step
0.315789
link
2.10526
enable
0.19
bias
0.38
node
0.526315
disable
0.38
done
5
170 171 1 18 1
171 1000001 1.2115237891781 19 1
170 1000001 1.2115237891781 17 0
132 1000003 0.3961912900174 15 0
130 1000005 0.28962065492721 16 1
0
171
connections
0.69999895
step
0.285
link
1.999997
enable
0.1999997
bias
0.361
node
0.49999925
disable
0.3999994
done
7
170 171 1.2625075533311 18 1
171 1000001 1.4597148045289 19 1
170 1000001 1.0013942381054 17 0
132 1000003 -1.7779473250526 15 0
130 1000005 -1.6546525467696 16 1
38 171 1.2088381603442 1034 1
137 1000002 1.0054628131962 1035 1
0
172
connections
0.77562094183
step
0.33240897507
link
2.2160598338
enable
0.1999997
bias
0.3999994
node
0.55401495845
disable
0.3999994
done
8
170 171 0.68309201415413 18 1
171 1000001 1.2594774384337 19 1
170 1000001 1.2954502838452 17 0
132 1000003 0.38118738748959 15 0
130 1000005 -0.37714774010437 16 1
11 1000005 0.92428357799005 1036 0
17 1000001 -0.094424268318735 1037 1
170 1000005 -0.75630970183416 1038 1
0
12
3
0
171
connections
0.7368398947385
step
0.315789
link
2.10525684211
enable
0.189999715
bias
0.421051368422
node
0.58317276571322
disable
0.37999943
done
9
170 171 1.1207731621754 18 1
41 1000001 0.096377452925199 793 1
170 1000001 1.1171977660146 17 0
171 1000001 -1.391464188818 19 1
132 1000003 0.39767397421186 15 0
29 1000005 -0.70682765681936 770 1
13 1000005 -1.190038758507 792 1
130 1000005 0.353666879635 16 1
150 1000006 -2.0292942074343 769 0
0
171
connections
0.69999790000157
step
0.29999955
link
2.2160565097102
enable
0.19999940000045
bias
0.44321130194205
node
0.55401412742756
disable
0.3609994585
done
11
170 171 1.1207731621754 18 1
41 1000001 0.096377452925199 793 1
170 1000001 1.1171977660146 17 0
171 1000001 -1.391464188818 19 1
132 1000003 0.39767397421186 15 0
29 1000005 -0.70682765681936 770 1
13 1000005 -1.190038758507 792 0
130 1000005 0.353666879635 16 1
150 1000006 -2.0292942074343 769 0
112 1000006 -0.3504135258034 1039 1
102 1000002 -0.58674886318552 1040 1
0
171
connections
0.77561977839859
step
0.29999955
link
1.9999940000045
enable
0.18049972925
bias
0.3999988000009
node
0.61386514837271
disable
0.3999988000009
done
12
170 171 1.0875843329035 18 1
41 1000001 0.10792258774224 793 1
170 1000001 1.0928678243355 17 0
171 1000001 -1.4020388364895 19 1
132 1000003 0.25218330222327 15 0
29 1000005 -1.0024142369686 770 1
13 1000005 -0.97322643685568 792 1
130 1000005 0.53133011605426 16 1
150 1000006 -1.3760795922727 769 0
51 1000004 0.83272804956206 1045 1
68 171 1.9727774895474 1046 1
170 1000005 1.4593340861232 1047 1
0
9
2
0
173
connections
0.7368398947385
step
0.285
link
2.10525684211
enable
0.189999715
bias
0.421051368422
node
0.5263142105275
disable
0.37999943
done
14
170 171 1.262289317009 18 1
31 171 -0.95736564226203 846 1
130 172 1 827 1
171 173 1 848 1
171 1000001 0.92766699632454 19 0
173 1000001 0.92766699632454 849 1
170 1000001 1.3170989167014 17 1
36 1000002 -1.0262153996399 825 0
170 1000002 -0.93160802026429 847 0
132 1000002 1.8717001861629 826 1
132 1000003 0.56021975517767 15 0
130 1000005 0.56767472144821 16 0
172 1000005 0.56767472144821 828 1
1000002 1000005 -0.53975035859249 845 1
0
173
connections
0.69999790000157
step
0.27075
link
1.9999940000045
enable
0.18049972925
bias
0.3999988000009
node
0.55401412742756
disable
0.3609994585
done
16
170 171 1.2505642811498 18 1
31 171 -0.72330285805841 846 1
130 172 1.0172942213202 827 1
171 173 0.80706986449782 848 1
171 1000001 1.2775658436842 19 1
173 1000001 0.96532096983448 849 1
170 1000001 1.395852487367 17 1
36 1000002 -0.77870063631092 825 0
170 1000002 -0.77938086336863 847 0
132 1000002 1.9480575197607 826 1
132 1000003 1.1912594988861 15 0
130 1000005 0.73021396062177 16 0
172 1000005 0.63804972526303 828 1
1000002 1000005 -0.39297670674764 845 1
116 1000003 1.7980895413068 1043 1
4 171 -0.75521103549303 1044 1
0
2
2
0
171
connections
0.81644187199851
step
0.34990365942793
link
2.3326910628529
enable
0.171475
bias
0.37999943
node
0.58317276571322
disable
0.421051368422
done
10
170 171 1.0401422868847 18 1
125 171 0.7421491134373 970 1
170 1000001 0.88664212693818 17 0
171 1000001 1.1226670060537 19 1
132 1000003 0.3332033043547 15 0
151 1000003 0.022400585955382 994 0
170 1000004 0.27961058381909 995 1
171 1000004 1.6738181707205 993 1
130 1000005 0.52163840659279 16 1
55 1000006 -1.8444776757103 969 1
0
171
connections
0.85941120772179
step
0.33240847645654
link
2.4554605934908
enable
0.16290125
bias
0.3999988000009
node
0.61386514837271
disable
0.44321130194205
done
12
170 171 -0.93173009430219 18 1
125 171 1.036048645632 970 1
170 1000001 0.99298808655285 17 0
171 1000001 0.91795889586918 19 1
132 1000003 0.12705465937428 15 0
151 1000003 -0.21468912330289 994 0
170 1000004 0.18665551103942 995 1
171 1000004 1.9678394382501 993 1
130 1000005 0.22305206400588 16 1
55 1000006 -1.7900721256375 969 1
150 1000005 -1.7675710318308 1041 1
119 1000005 -0.014831995605335 1042 1
