20
0
16
0
10
2
-1
171
connections
0.26315710526375
step
0.0857375
link
1.89999715
enable
0.189999715
bias
0.421051368422
node
0.4286875
disable
0.421051368422
done
8
122 171 1 569 1
1000003 1000002 -1.282937101352 21 1
129 1000004 -1.7484054078799 567 1
171 1000004 -0.40788507683035 570 1
37 1000004 -0.70777496375927 207 1
122 1000004 -0.40788507683035 20 0
170 1000006 -0.76229132969146 568 0
89 1000006 1.2560467219306 208 1
0
172
connections
0.23749928750053
step
0.094999715000214
link
1.8999943000043
enable
0.18999943000043
bias
0.42105073684495
node
0.42868685696875
disable
0.42105073684495
done
14
122 171 1.0098190486583 569 1
1000003 1000002 -1.282937101352 21 1
133 1000003 0.77230140079958 1052 0
33 1000003 0.86617633594775 1053 1
170 1000003 -1.5660267952513 1054 1
171 1000004 -0.43068234632408 570 1
129 1000004 -1.7479784927208 567 1
37 1000004 -0.7196432051811 207 1
122 1000004 -0.36647981498436 20 0
170 1000006 -0.81561716449491 568 0
89 1000006 1.2560467219306 208 1
74 1000002 -0.81942197943052 1102 1
39 1000003 -0.82735679189428 1103 1
170 1000002 -0.62788781395917 1104 1
0
8
3
-1
170
connections
0.249999625
step
0.09999985
link
1.805
enable
0.1805
bias
0.44321196676
node
0.49999925
disable
0.44321196676
done
3
27 1000005 1.4709311197241 42 1
87 1000006 -0.67647328104495 657 1
55 1000006 0.76400036622211 658 1
0
170
connections
0.26315710526375
step
0.0949998575
link
1.89999715
enable
0.171475
bias
0.421051368422
node
0.5263142105275
disable
0.46653821257058
done
5
27 1000005 1.4709311197241 42 1
87 1000006 -0.67647328104495 657 1
55 1000006 0.76400036622211 658 1
54 1000004 1.4874111148412 1105 1
127 1000003 1.54222235786 1106 1
0
170
connections
0.23749964375
step
0.0949998575
link
1.71475
enable
0.171475
bias
0.421051368422
node
0.4749992875
disable
0.421051368422
done
5
27 1000005 1.4709311197241 42 1
87 1000006 -0.67647328104495 657 1
55 1000006 0.76400036622211 658 1
28 1000006 -1.6691793572802 1149 1
170 1000003 -0.61445966978973 1150 1
0
8
1
-1
171
connections
0.277007479225
step
0.09025
link
1.805
enable
0.1999997
bias
0.3999994
node
0.55401495845
disable
0.44321196676
done
5
27 171 1 661 1
81 1000001 -1.6054567094943 660 1
87 1000004 0.78719443342387 659 1
27 1000005 1.5115487151708 42 0
171 1000005 1.5115487151708 662 1
0
8
3
-1
171
connections
0.26315710526375
step
0.0857375
link
1.71475
enable
0.189999715
bias
0.37999943
node
0.4749992875
disable
0.46653821257058
done
8
37 171 1 671 1
1000003 1000002 -1.4929291173284 21 1
1000006 1000003 -1.3320108645894 670 1
171 1000004 -0.6940693140202 672 1
37 1000004 -0.6940693140202 207 0
122 1000004 -0.3762872482223 20 1
158 1000006 1.3609424115726 669 0
89 1000006 1.1904176446577 208 1
0
173
connections
0.26315671052809
step
0.08573737139375
link
1.8999943000043
enable
0.21052536842247
bias
0.37999886000085
node
0.47499857500107
disable
0.51693829690525
done
14
37 171 1 671 0
170 172 1 1093 0
170 1000001 0.38691366313669 1092 0
172 1000001 0.38691366313669 1094 1
1000003 1000002 -1.4929291173284 21 1
171 1000003 0.29633472701193 1091 1
1000006 1000003 -1.3320108645894 670 1
37 1000004 -0.6940693140202 207 0
122 1000004 -0.3762872482223 20 1
171 1000004 -0.6940693140202 672 1
158 1000006 1.3609424115726 669 0
89 1000006 1.1904176446577 208 1
120 1000005 1.5543076876125 1121 1
18 171 -0.94491409039583 1122 1
0
173
connections
0.27700706371378
step
0.081450625
link
1.8049972925
enable
0.19999940000045
bias
0.3999988000009
node
0.451249323125
disable
0.49109211869817
done
12
37 171 1 671 1
1000003 1000002 -1.4929291173284 21 1
1000006 1000003 -1.3320108645894 670 1
171 1000004 -0.6940693140202 672 1
37 1000004 -0.6940693140202 207 0
122 1000004 -0.3762872482223 20 1
158 1000006 1.3609424115726 669 0
89 1000006 1.1904176446577 208 0
19 1000001 -0.59627063814203 1123 1
88 1000006 0.37922299874874 1124 0
88 173 1 1125 1
173 1000006 0.37922299874874 1126 1
0
4
3
-1
171
connections
0.23749964375
step
0.0949998575
link
1.89999715
enable
0.171475
bias
0.421051368422
node
0.4749992875
disable
0.46653821257058
done
7
27 171 1 882 1
49 1000002 0.25470748008667 880 1
117 1000003 0.80416272469253 881 1
27 1000005 1.4709311197241 42 0
171 1000005 1.4709311197241 883 1
55 1000006 0.76400036622211 658 1
87 1000006 -0.67647328104495 657 1
0
171
connections
0.2256246615625
step
0.090249864625
link
1.9999940000045
enable
0.16290125
bias
0.44321130194205
node
0.451249323125
disable
0.49109211869817
done
9
27 171 1.0606687755393 882 1
49 1000002 0.23996375849673 880 1
117 1000003 0.77695308045807 881 1
27 1000005 1.5408322798644 42 0
171 1000005 0.54805139316996 883 1
55 1000006 0.82005294946084 658 1
87 1000006 -0.67862438258834 657 0
35 171 -1.5167088839381 1127 1
87 1000003 1.8411816766869 1128 1
0
172
connections
0.2256246615625
step
0.105263
link
1.9999940000045
enable
0.16290125
bias
0.44321130194205
node
0.451249323125
disable
0.44321130194205
done
10
27 171 1 882 1
49 1000002 0.25470748008667 880 1
117 1000003 0.80416272469253 881 1
27 1000005 1.4709311197241 42 0
171 1000005 1.4709311197241 883 1
55 1000006 0.76400036622211 658 1
87 1000006 -0.67647328104495 657 0
76 1000003 -0.38007751701407 1159 1
87 172 1 1160 0
172 1000006 -0.67647328104495 1161 1
0
4
4
-1
172
connections
0.29158638285661
step
0.0949998575
link
1.71475
enable
0.210525684211
bias
0.37999943
node
0.5263142105275
disable
0.46653821257058
done
9
27 171 1.0860237669571 661 1
171 172 1 886 1
81 1000001 -1.6889001403457 660 1
87 1000004 0.75456332907613 659 1
167 1000005 0.2003845332194 885 1
171 1000005 0.079165013580737 662 0
27 1000005 1.4611567805045 42 0
172 1000005 0.079165013580737 887 0
156 1000006 -1.0315866573077 884 1
0
172
connections
0.30693257418636
step
0.090249864625
link
1.8049972925
enable
0.22160565097102
bias
0.3609994585
node
0.49999850000112
disable
0.44321130194205
done
12
27 171 1.0860237669571 661 1
171 172 1 886 1
81 1000001 -1.6889001403457 660 1
87 1000004 0.75456332907613 659 1
167 1000005 0.2003845332194 885 1
171 1000005 0.079165013580737 662 0
27 1000005 1.4611567805045 42 0
172 1000005 0.079165013580737 887 0
156 1000006 -1.0315866573077 884 0
106 1000003 -0.11395611438337 1129 1
91 1000006 1.6688131351665 1130 1
170 1000005 0.029847102267525 1131 1
0
173
connections
0.30693257418636
step
0.099999700000225
link
1.6290125
enable
0.22160565097102
bias
0.3609994585
node
0.49999850000112
disable
0.44321130194205
done
12
27 171 1.0860237669571 661 1
171 172 1 886 1
81 1000001 -1.6889001403457 660 1
87 1000004 0.75456332907613 659 1
167 1000005 0.2003845332194 885 0
171 1000005 0.079165013580737 662 0
27 1000005 1.4611567805045 42 0
172 1000005 0.079165013580737 887 0
156 1000006 -1.0315866573077 884 1
48 1000003 -0.14996795556505 1143 1
167 173 1 1144 1
173 1000005 0.2003845332194 1145 1
0
173
connections
0.30693257418636
step
0.090249864625
link
1.6290125
enable
0.19999940000045
bias
0.3609994585
node
0.55401412742756
disable
0.44321130194205
done
12
27 171 1.0860237669571 661 1
171 172 1 886 1
81 1000001 -1.6889001403457 660 1
87 1000004 0.75456332907613 659 0
167 1000005 0.2003845332194 885 1
171 1000005 0.079165013580737 662 0
27 1000005 1.4611567805045 42 0
172 1000005 0.079165013580737 887 0
156 1000006 -1.0315866573077 884 1
15 1000001 0.37092196417127 1146 1
87 173 1 1147 1
173 1000004 0.75456332907613 1148 1
0
4
3
-1
172
connections
0.26315710526375
step
0.0949998575
link
1.71475
enable
0.189999715
bias
0.37999943
node
0.58317276571322
disable
0.46653821257058
done
10
27 171 1 661 1
170 171 0.23651844843898 890 1
171 172 1 891 1
81 1000001 -1.6054567094943 660 1
44 1000003 1.947874385815 889 1
169 1000003 -0.1116367076632 888 1
87 1000004 0.78719443342387 659 1
171 1000005 1.5115487151708 662 0
27 1000005 1.5115487151708 42 0
172 1000005 1.5115487151708 892 1
0
173
connections
0.27700706371378
step
0.099999700000225
link
1.8049972925
enable
0.19999940000045
bias
0.3999988000009
node
0.61386514837271
disable
0.44321130194205
done
12
27 171 1 661 0
170 171 0.23651844843898 890 1
171 172 1 891 1
81 1000001 -1.6054567094943 660 1
44 1000003 1.947874385815 889 1
169 1000003 -0.1116367076632 888 1
87 1000004 0.78719443342387 659 1
171 1000005 1.5115487151708 662 0
27 1000005 1.5115487151708 42 0
172 1000005 1.5115487151708 892 1
154 1000006 1.7536545915098 1132 1
77 171 0.77523117770928 1133 1
0
173
connections
0.27700706371378
step
0.095
link
1.6290125
enable
0.18049972925
bias
0.3609994585
node
0.61386514837271
disable
0.44321130194205
done
14
27 171 1 661 1
170 171 0.23651844843898 890 1
171 172 1 891 1
81 1000001 -1.6054567094943 660 1
44 1000003 1.947874385815 889 1
169 1000003 -0.1116367076632 888 0
87 1000004 0.78719443342387 659 1
171 1000005 1.5115487151708 662 0
27 1000005 1.5115487151708 42 0
172 1000005 1.5115487151708 892 1
17 1000005 -1.8073671681875 1155 1
5 171 1.5793328653829 1156 1
169 173 1 1157 1
173 1000003 -0.1116367076632 1158 1
0
2
1
-1
170
connections
0.26315710526375
step
0.1052628421055
link
1.89999715
enable
0.171475
bias
0.46653821257058
node
0.5263142105275
disable
0.421051368422
done
5
46 1000004 1.8731650746178 1048 1
27 1000005 1.3926401341303 42 1
96 1000006 0.18573564867092 1047 1
87 1000006 1.6320688497574 657 1
55 1000006 -1.528305917539 658 1
0
1
1
-1
170
connections
0.23749964375
step
0.1052628421055
link
1.71475
enable
0.171475
bias
0.421051368422
node
0.5263142105275
disable
0.46653821257058
done
6
27 1000005 1.4709311197241 42 1
30 1000005 1.6122928556169 1055 1
170 1000005 1.9630115665151 1057 1
87 1000006 -0.67647328104495 657 1
81 1000006 1.6985992004151 1056 0
55 1000006 0.76400036622211 658 1
0
1
1
-1
172
connections
0.29158638285661
step
0.0949998575
link
1.89999715
enable
0.189999715
bias
0.421051368422
node
0.58317276571322
disable
0.421051368422
done
10
27 171 1 661 1
170 171 -1.1945554979095 1060 1
150 171 0.7909787285989 1059 1
171 172 1 1061 1
81 1000001 -1.6054567094943 660 1
28 1000004 0.61323892941069 1058 1
87 1000004 0.78719443342387 659 1
171 1000005 1.5115487151708 662 1
27 1000005 1.5115487151708 42 0
172 1000005 1.5115487151708 1062 1
0
1
1
-1
172
connections
0.27700664820319
step
0.1052628421055
link
1.6290100564812
enable
0.19999910000135
bias
0.32580201129625
node
0.49999775000337
disable
0.4432106371251
done
16
37 171 0.98681925592337 671 1
170 171 1.3140176607371 951 1
122 172 0.92189533737873 1019 1
83 1000002 1.6045475042478 950 0
1000003 1000002 -1.5391918264309 21 1
45 1000002 1.6310922574541 1070 1
1000004 1000002 0.31878689167361 1018 1
1000006 1000003 1.8580278939177 670 1
160 1000004 0.57573335680469 949 1
172 1000004 -0.38419954962633 1020 1
171 1000004 -0.71635418403228 672 1
3 1000004 -0.0443739127781 1069 1
122 1000004 1.0975066377758 20 1
37 1000004 -0.71888113490862 207 0
158 1000006 1.37952469747 669 0
89 1000006 1.2134478065601 208 1
0
1
3
-1
171
connections
0.24999925000056
step
0.095
link
1.9999940000045
enable
0.18049972925
bias
0.49109211869817
node
0.55401412742756
disable
0.44321130194205
done
10
27 171 1 1083 1
170 1000003 -0.21808526871548 1082 1
150 1000003 1.8539994506668 1081 1
157 1000004 1.148167363506 1080 1
46 1000004 1.8731650746178 1048 1
171 1000005 1.3926401341303 1084 1
27 1000005 1.3926401341303 42 0
87 1000006 1.6320688497574 657 1
96 1000006 0.18573564867092 1047 0
55 1000006 -1.528305917539 658 1
0
172
connections
0.23749928750053
step
0.095
link
1.8999943000043
enable
0.18999943000043
bias
0.51693829690525
node
0.52631342105618
disable
0.42105073684495
done
14
27 171 1 1083 1
170 1000003 -0.21808526871548 1082 1
150 1000003 1.8539994506668 1081 1
157 1000004 1.148167363506 1080 1
46 1000004 1.8731650746178 1048 1
171 1000005 1.3926401341303 1084 1
27 1000005 1.3926401341303 42 0
87 1000006 1.6320688497574 657 0
96 1000006 0.18573564867092 1047 0
55 1000006 -1.528305917539 658 1
3 1000002 1.2825708792383 1134 1
170 1000002 -0.16644795068209 1135 1
55 172 1 1136 1
172 1000006 -1.528305917539 1137 1
0
172
connections
0.23749928750053
step
0.09025
link
1.8999943000043
enable
0.1714747427875
bias
0.51693829690525
node
0.58317189095407
disable
0.42105073684495
done
15
27 171 1 1083 1
170 1000003 -0.21808526871548 1082 1
150 1000003 1.8539994506668 1081 1
157 1000004 1.148167363506 1080 1
46 1000004 1.8731650746178 1048 1
171 1000005 1.3926401341303 1084 1
27 1000005 1.3926401341303 42 0
87 1000006 1.6320688497574 657 1
96 1000006 0.18573564867092 1047 0
55 1000006 -1.528305917539 658 0
110 171 0.28400524918363 1138 0
34 1000001 0.20221564378796 1139 1
170 1000005 -1.5429548020875 1140 1
110 172 1 1141 1
172 171 0.28400524918363 1142 1
0
0
1
0
171
connections
0.23749964375
step
0.0949998575
link
1.71475
enable
0.171475
bias
0.46653821257058
node
0.4749992875
disable
0.421051368422
done
7
27 1000005 1.4709311197241 42 1
87 1000006 -0.67647328104495 657 0
55 1000006 0.76400036622211 658 1
99 1000002 -1.665639210181 1107 1
8 1000002 -1.2450941496017 1108 1
87 171 1 1109 1
171 1000006 -0.67647328104495 1110 1
0
0
1
0
172
connections
0.26315710526375
step
0.0857375
link
1.71475
enable
0.210525684211
bias
0.421051368422
node
0.5263142105275
disable
0.46653821257058
done
10
27 171 1 661 0
81 1000001 -1.6054567094943 660 1
87 1000004 0.78719443342387 659 1
27 1000005 1.5115487151708 42 0
171 1000005 1.5115487151708 662 1
40 1000003 -1.0164494766076 1111 1
13 171 -1.8366649372845 1112 1
170 171 1.5892208624531 1113 0
170 172 1 1114 1
172 171 1.5892208624531 1115 1
0
0
1
0
172
connections
0.29158638285661
step
0.105263
link
1.71475
enable
0.189999715
bias
0.421051368422
node
0.5263142105275
disable
0.46653821257058
done
10
27 171 0.9253968123722 661 1
81 1000001 -1.5644174069948 660 1
87 1000004 0.80884326783044 659 0
27 1000005 1.4431969938963 42 0
171 1000005 1.4995244404736 662 1
75 1000006 -1.1745353556932 1116 1
50 1000002 -0.88131351664785 1117 1
170 1000005 -1.1683095797601 1118 1
87 172 1 1119 1
172 1000004 0.80884326783044 1120 1
0
0
1
0
171
connections
0.26315710526375
step
0.0949998575
link
1.89999715
enable
0.189999715
bias
0.46653821257058
node
0.5263142105275
disable
0.421051368422
done
7
27 1000005 1.4709311197241 42 1
87 1000006 -0.67647328104495 657 0
55 1000006 0.76400036622211 658 1
53 1000005 -0.8218634601886 1151 1
88 1000001 0.31586657307657 1152 1
87 171 1 1153 1
171 1000006 -0.67647328104495 1154 1
