135
20000
5
20000
133
2
20000
171
connections
0.736841
step
0.315789
link
2.10526
enable
0.19
bias
0.38
node
0.526315
disable
0.38
done
5
170 171 1 18 1
171 1000001 1.2115237891781 19 1
170 1000001 1.2115237891781 17 0
132 1000003 0.3961912900174 15 0
130 1000005 0.28962065492721 16 1
0
171
connections
0.77562094183
step
0.33240897507
link
1.999997
enable
0.1805
bias
0.3999994
node
0.49999925
disable
0.3999994
done
7
170 171 1.3127081104933 18 1
171 1000001 1.2107426529411 19 1
170 1000001 1.2719756182269 17 0
132 1000003 0.48708714305939 15 1
130 1000005 -0.59823691311312 16 1
62 1000004 0.068666646320994 2622 1
2 171 -0.3441877498703 2623 0
0
9
4
0
172
connections
0.7368398947385
step
0.285
link
1.89999715
enable
0.189999715
bias
0.34295
node
0.5263142105275
disable
0.37999943
done
10
170 171 1.1826862418821 18 1
152 172 1 2451 1
171 1000001 0.91047123001812 19 1
170 1000001 1.1028778954436 17 0
38 1000001 -0.037171544541765 2450 1
132 1000003 0.82332667012543 15 0
130 1000005 0.55033748023167 16 1
161 1000006 0.85765541550951 2423 1
152 1000006 -0.94525391399884 2424 0
172 1000006 -0.94525391399884 2452 1
0
172
connections
0.69999790000157
step
0.315789
link
1.9999940000045
enable
0.19999940000045
bias
0.3258025
node
0.55401412742756
disable
0.3609994585
done
12
170 171 1.1826862418821 18 1
152 172 1 2451 1
171 1000001 0.91047123001812 19 0
170 1000001 1.1028778954436 17 0
38 1000001 -0.037171544541765 2450 1
132 1000003 0.82332667012543 15 0
130 1000005 0.55033748023167 16 1
161 1000006 0.85765541550951 2423 1
152 1000006 -0.94525391399884 2424 0
172 1000006 -0.94525391399884 2452 1
123 1000004 -0.70601519821772 2629 1
3 1000002 1.3423871578112 2630 1
0
172
connections
0.69999790000157
step
0.27075
link
1.9999940000045
enable
0.18049972925
bias
0.3258025
node
0.49999850000112
disable
0.3999988000009
done
12
170 171 1.445652602855 18 1
152 172 0.9676012222663 2451 1
171 1000001 0.84913582396935 19 1
170 1000001 1.1538516418958 17 0
38 1000001 -0.0099122821741386 2450 1
132 1000003 0.55986453596606 15 0
130 1000005 0.47095593019657 16 1
161 1000006 0.62593929105502 2423 1
152 1000006 -0.94855080568865 2424 0
172 1000006 -1.1893478423414 2452 1
82 1000001 -1.637684255501 2631 1
76 1000001 0.21662038026063 2632 1
0
173
connections
0.77561977839859
step
0.29999955
link
1.8049972925
enable
0.18049972925
bias
0.3258025
node
0.49999850000112
disable
0.3999988000009
done
13
170 171 1.1239534584948 18 1
152 172 1.1663286790017 2451 1
171 1000001 0.97211547484218 19 1
170 1000001 -1.4228339487899 17 0
38 1000001 0.036850989158299 2450 1
132 1000003 0.97897999052553 15 0
130 1000005 1.2530289620655 16 1
161 1000006 -0.18292794579913 2423 1
152 1000006 -0.73292780651112 2424 0
172 1000006 -1.168072269306 2452 1
133 1000001 1.4264961699271 2638 0
133 173 1 2639 1
173 1000001 1.4264961699271 2640 1
0
5
2
0
174
connections
0.81644187199851
step
0.3157885263165
link
2.3326910628529
enable
0.171475
bias
0.421051368422
node
0.5263142105275
disable
0.37999943
done
11
170 171 1.3010392539127 18 1
59 171 0.27497548786369 2504 1
171 173 0.91784120649287 2506 1
171 1000001 1.1403455393465 19 1
1000006 1000001 0.16779076509903 2518 1
170 1000001 0.94582281772288 17 0
1 1000001 0.057606263943219 2505 1
173 1000001 1.1837452657861 2507 1
132 1000003 0.11470986144838 15 0
130 1000005 0.36043572713171 16 1
131 1000006 -0.82320627460555 2519 1
0
175
connections
0.77561977839859
step
0.29999910000067
link
2.4554605934908
enable
0.16290125
bias
0.44321130194205
node
0.49999850000112
disable
0.3609994585
done
16
170 171 0.7268898586993 18 1
59 171 0.15012158830898 2504 1
171 173 0.83477312475496 2506 1
171 1000001 1.0775477907914 19 1
1000006 1000001 0.0031652633102777 2518 0
170 1000001 0.76922188874211 17 0
1 1000001 0.067832985788391 2505 1
173 1000001 0.92690531240869 2507 1
132 1000003 1.3089388714255 15 0
130 1000005 0.28190878598038 16 1
131 1000006 -0.52527632333989 2519 1
152 173 0.22309030426954 2633 1
158 1000006 1.959349345378 2634 1
170 1000005 -1.6778466139714 2635 1
1000006 175 1 2636 1
175 1000001 0.0031652633102777 2637 1
0
0
1
0
172
connections
0.7368398947385
step
0.285
link
2.10525684211
enable
0.210525684211
bias
0.421051368422
node
0.5263142105275
disable
0.37999943
done
12
170 171 0.79379373374963 18 1
151 171 1.0530214850307 2604 1
170 1000001 1.0530790440794 17 0
171 1000001 1.1696231171363 19 0
132 1000003 0.24703361205821 15 1
168 1000003 1.7610597552416 2603 1
130 1000005 -0.29911816766869 16 1
162 1000002 0.82503738517411 2617 1
135 1000003 1.8821985534227 2618 1
170 1000003 -0.74691000091556 2619 1
171 172 1 2620 1
172 1000001 1.1696231171363 2621 1
0
0
1
0
172
connections
0.77562094183
step
0.33240897507
link
2.2160598338
enable
0.1999997
bias
0.3999994
node
0.49999925
disable
0.361
done
10
170 171 0.76134766263247 18 0
171 1000001 1.0071095660982 19 1
170 1000001 1.4529151756887 17 0
132 1000003 0.17429787555449 15 0
130 1000005 1.994872890408 16 1
63 1000006 0.46565141758477 2624 1
131 1000002 -0.52302621539964 2625 0
170 1000005 1.3930478835414 2626 1
170 172 1 2627 1
172 171 0.76134766263247 2628 1
