88
20000
7
20000
86
1
20000
171
connections
0.736841
step
0.315789
link
2.10526
enable
0.19
bias
0.38
node
0.526315
disable
0.38
done
5
170 171 1 18 1
171 1000001 1.2115237891781 19 1
170 1000001 1.2115237891781 17 0
132 1000003 0.3961912900174 15 0
130 1000005 0.28962065492721 16 1
0
11
3
0
172
connections
0.7368398947385
step
0.315789
link
2.10525684211
enable
0.171475
bias
0.421051368422
node
0.58317276571322
disable
0.37999943
done
13
170 171 1.0588556603595 18 1
101 171 -1.8399609363079 1429 1
4 171 0.17120883816034 1448 1
37 172 1 1451 1
37 1000001 1.2662129581591 1449 0
172 1000001 1.2662129581591 1452 1
170 1000001 1.2276664502396 17 1
171 1000001 1.4799738332774 19 1
132 1000003 0.36029193929868 15 0
28 1000004 1.1338847010712 1430 1
1000001 1000005 1.0840784936064 1450 1
130 1000005 0.10877466399121 16 1
143 1000006 0.10724204229865 1428 1
0
173
connections
0.77561977839859
step
0.29999955
link
1.9999940000045
enable
0.16290125
bias
0.3999988000009
node
0.61386514837271
disable
0.3999988000009
done
18
170 171 1.3518054452452 18 1
101 171 -1.9777792665227 1429 1
4 171 0.1921475561037 1448 1
37 172 1.1696246730811 1451 1
37 1000001 1.4449382371151 1449 0
172 1000001 1.502636444583 1452 1
170 1000001 1.196253795555 17 1
171 1000001 1.2288831732002 19 1
132 1000003 0.5170256133137 15 0
28 1000004 1.2364358946364 1430 1
1000001 1000005 0.88425885254219 1450 1
130 1000005 0.4038302228721 16 1
143 1000006 0.34331761823634 1428 1
83 1000001 -1.9903561510056 1678 1
27 172 0.353465376751 1679 0
170 1000006 -0.29963072603534 1680 1
27 173 1 1681 1
173 172 0.353465376751 1682 1
0
173
connections
0.77561977839859
step
0.29999955
link
2.2160565097102
enable
0.18049972925
bias
0.3999988000009
node
0.55401412742756
disable
0.3609994585
done
17
170 171 0.76868915936308 18 1
101 171 -1.1980956450087 1429 1
4 171 0.28362970288553 1448 1
37 172 0.94355610139012 1451 1
37 1000001 1.3687641517243 1449 0
172 1000001 1.0630607008591 1452 1
170 1000001 1.4444604608127 17 1
171 1000001 1.6095521782937 19 1
132 1000003 -0.79244361705374 15 0
28 1000004 1.2388163348048 1430 1
1000001 1000005 1.0140294638798 1450 1
130 1000005 -0.17011221282235 16 1
143 1000006 0.053746227282022 1428 0
97 172 -1.7087313455611 1685 1
28 1000005 1.3586230048524 1686 1
143 173 1 1687 1
173 1000006 0.053746227282022 1688 1
0
1
1
0
173
connections
0.85941120772179
step
0.33240847645654
link
1.9999940000045
enable
0.18049972925
bias
0.44321130194205
node
0.49999850000112
disable
0.3999988000009
done
12
170 171 0.56481626675378 18 1
6 171 -0.11151463362529 1642 1
170 1000001 -1.6940824610126 17 0
171 1000001 0.75820467512092 19 0
89 1000002 0.07432380058743 1610 0
132 1000003 0.89601660988125 15 0
98 1000005 1.8205978888207 1611 1
130 1000005 0.25983561935065 16 1
51 1000005 0.50898770104068 1643 1
83 1000006 -2.1007109181984 1631 1
93 1000006 0.91329691457869 1632 1
170 1000006 -0.34662923062838 1644 1
0
1
2
0
172
connections
0.7368398947385
step
0.285
link
2.10525684211
enable
0.189999715
bias
0.34295
node
0.4749992875
disable
0.37999943
done
10
170 171 -1.3685110019227 18 1
170 1000001 0.93420013576194 17 0
171 1000001 1.0835899049468 19 1
119 1000001 -0.86739707632679 1653 0
1000005 1000002 0.12347788933988 1629 1
132 1000003 0.19552043409956 15 0
52 1000004 1.3670461134678 1655 1
134 1000004 1.50669881283 1630 1
130 1000005 -0.015032622160319 16 1
32 1000006 1.8723105563524 1654 1
0
173
connections
0.77561977839859
step
0.27075
link
2.2160565097102
enable
0.18049972925
bias
0.3609994585
node
0.49999850000112
disable
0.3609994585
done
12
170 171 -1.3556126361888 18 1
170 1000001 0.9769440473193 17 0
171 1000001 1.0536534673724 19 1
119 1000001 -0.71148467207862 1653 0
1000005 1000002 0.30683960234382 1629 1
132 1000003 0.4604203104996 15 0
52 1000004 1.5885162587359 1655 1
134 1000004 1.2993086260567 1630 1
130 1000005 0.24884265632108 16 1
32 1000006 1.8508022629475 1654 1
76 1000004 1.7341227454451 1683 1
50 1000001 0.14996795556505 1684 1
0
0
1
0
172
connections
0.7368398947385
step
0.315789
link
2.10525684211
enable
0.189999715
bias
0.421051368422
node
0.4749992875
disable
0.37999943
done
11
170 171 1.0110541087985 18 1
5 171 -1.5532090212714 1649 1
170 1000001 1.0953448165838 17 0
171 1000001 0.91283155378887 19 1
34 1000002 -0.1270180364391 1650 1
132 1000003 0.59027908172857 15 0
130 1000005 0.1888615376751 16 1
62 171 -1.0486770226142 1665 1
137 1000002 -0.60615863521226 1666 0
137 172 1 1667 1
172 1000002 -0.60615863521226 1668 1
0
0
1
0
172
connections
0.77562094183
step
0.33240897507
link
2.2160598338
enable
0.1999997
bias
0.361
node
0.55401495845
disable
0.361
done
10
170 171 -1.4027998393425 18 1
171 1000001 1.1152614287411 19 1
170 1000001 0.98650582976691 17 0
132 1000003 -0.47798089541307 15 0
130 1000005 -0.17401920797217 16 1
1000006 1000001 -1.8996551408429 1669 0
85 1000006 -1.6762596514786 1670 1
108 171 1.2164067506943 1671 1
1000006 172 1 1672 1
172 1000001 -1.8996551408429 1673 1
0
0
1
0
172
connections
0.77562094183
step
0.33240897507
link
1.999997
enable
0.1999997
bias
0.361
node
0.55401495845
disable
0.3999994
done
9
170 171 0.70674574901044 18 1
171 1000001 0.68752954483689 19 1
170 1000001 -0.65999328592792 17 0
132 1000003 -0.75411236915189 15 0
130 1000005 -0.10637752606165 16 1
115 171 0.32746360667745 1674 1
85 171 1.6492812891018 1675 0
85 172 1 1676 1
172 171 1.6492812891018 1677 1
