205
10000
2
10000
198
4
10000
172
connections
0.69999790000157
step
0.29999955
link
1.9999940000045
enable
0.19999940000045
bias
0.3999988000009
node
0.451249323125
disable
0.44321130194205
done
13
7 171 0.63949184228492 24 1
84 172 0.97342146996521 45 1
23 1000002 0.73064019042482 43 1
1000003 1000002 -1.1120258706244 21 1
172 1000003 0.63297497195196 46 1
84 1000003 0.49750961528825 22 0
122 1000004 -0.41343833385266 20 0
170 1000004 0.24382190664541 44 0
48 1000004 -1.0716269417402 65 1
7 1000005 0.92092488415632 23 0
171 1000005 0.90342791108585 25 1
106 1000006 1.3220222972182 42 1
67 1000006 -1.5325785088656 66 1
0
173
connections
0.69999685000472
step
0.270749593875
link
2.2160531856255
enable
0.22160531856255
bias
0.3999982000027
node
0.49999775000337
disable
0.4432106371251
done
22
7 171 0.50038853215606 24 1
84 172 1.0707407307063 45 1
23 1000002 0.93109751478797 43 1
1000003 1000002 -1.2804754302609 21 1
172 1000003 0.41701823543039 46 1
95 1000003 1.6026490066225 1983 1
84 1000003 0.23936873231979 22 0
122 1000004 -0.42830280937384 20 0
170 1000004 0.50799903654874 44 0
48 1000004 -1.0716530350266 65 1
7 1000005 0.99423200170904 23 1
12 1000005 -0.77169103061007 1985 0
171 1000005 0.62096808513482 25 1
106 1000006 1.2117433708677 42 1
156 1000006 -0.80587176122318 1984 1
67 1000006 -1.5397889536913 66 1
33 172 0.74776451918088 1991 1
120 1000005 1.8242133854183 1992 1
43 1000006 0.057435834833827 1993 1
170 1000001 -0.30341502121036 1994 1
12 173 1 1995 1
173 1000005 -0.77169103061007 1996 1
0
172
connections
0.73683878947866
step
0.3157885263165
link
2.1052536842247
enable
0.18999943000043
bias
0.37999886000085
node
0.47499857500107
disable
0.46653751276326
done
15
7 171 0.79894539597511 24 1
84 172 1.2002384091057 45 1
23 1000002 0.54414502395703 43 1
1000003 1000002 -1.2494526553284 21 1
172 1000003 0.83908994165719 46 1
84 1000003 0.27080916957936 22 0
122 1000004 -0.14886292527186 20 0
170 1000004 0.25878878128665 44 1
48 1000004 -1.2076394992494 65 1
7 1000005 1.175766523653 23 0
171 1000005 0.96372909243179 25 1
106 1000006 1.4156688657237 42 1
67 1000006 -1.8220007953651 66 1
107 1000001 -0.20441297647023 1997 1
153 1000001 -0.16595965453047 1998 1
0
173
connections
0.73683878947866
step
0.3157885263165
link
1.8999943000043
enable
0.18999943000043
bias
0.42105073684495
node
0.47499857500107
disable
0.46653751276326
done
17
7 171 0.49021822907296 24 1
84 172 1.1579293997827 45 1
23 1000002 -1.9027069917905 43 1
1000003 1000002 -0.80776366888674 21 1
172 1000003 0.72346047485384 46 1
84 1000003 0.27366183853867 22 0
122 1000004 -0.1571896346666 20 0
170 1000004 0.31104273769669 44 0
48 1000004 -1.3807078410442 65 1
7 1000005 1.1101551375889 23 0
171 1000005 1.0207439220374 25 0
106 1000006 1.3607357134667 42 0
67 1000006 -1.8734092226936 66 1
1000004 1000005 -0.49885555589465 1999 1
53 1000005 1.6590472121342 2000 1
171 173 1 2001 1
173 1000005 1.0207439220374 2002 1
0
14
1
0
174
connections
0.66499700750449
step
0.33240897507
link
2.1052505263442
enable
0.17147448557539
bias
0.37999829000256
node
0.3868898884143
disable
0.42105010526884
done
22
7 171 1.191453396213 24 1
84 172 0.96348081379025 45 1
53 172 -1.759941061481 1852 1
106 173 0.75453047365432 1839 1
32 173 -0.96395764030885 1872 1
167 1000001 0.41178266626408 1837 1
1000003 1000002 -1.286289887923 21 1
23 1000002 -0.69502853480636 43 1
172 1000003 0.83416979782623 46 1
170 1000003 1.0547913133911 1838 1
84 1000003 0.3925022339246 22 0
108 1000003 -1.8727891741061 1851 1
122 1000004 -0.43052412232124 20 0
170 1000004 0.61906470830147 44 0
48 1000004 -1.3056909502288 65 1
41 1000005 1.4628166030525 1836 1
117 1000005 1.7968688009278 1871 1
171 1000005 -1.3499557481613 25 1
7 1000005 1.2018856255983 23 0
173 1000006 1.6220344195082 1840 1
106 1000006 1.0643234354862 42 0
67 1000006 -1.5567907619655 66 1
