140
20000
5
20000
138
2
20000
171
connections
0.736841
step
0.315789
link
2.10526
enable
0.19
bias
0.38
node
0.526315
disable
0.38
done
5
170 171 1 18 1
171 1000001 1.2115237891781 19 1
170 1000001 1.2115237891781 17 0
132 1000003 0.3961912900174 15 0
130 1000005 0.28962065492721 16 1
0
175
connections
0.69999895
step
0.29999955
link
1.999997
enable
0.1805
bias
0.361
node
0.49999925
disable
0.361
done
9
170 171 1.2780811893719 18 0
171 1000001 1.1958769728401 19 1
170 1000001 0.99423200170904 17 1
132 1000003 0.098865157437361 15 0
130 1000005 0.17353757455824 16 1
87 1000001 0.11236915189062 2720 1
160 1000003 1.4925382244331 2721 1
170 175 1 2722 1
175 171 1.2780811893719 2723 0
0
14
4
0
172
connections
0.7368398947385
step
0.285
link
1.89999715
enable
0.189999715
bias
0.34295
node
0.5263142105275
disable
0.37999943
done
10
170 171 1.1826862418821 18 1
152 172 1 2451 1
38 1000001 -0.037171544541765 2450 1
171 1000001 0.91047123001812 19 1
170 1000001 1.1028778954436 17 0
132 1000003 0.82332667012543 15 0
130 1000005 0.55033748023167 16 1
161 1000006 0.85765541550951 2423 1
152 1000006 -0.94525391399884 2424 0
172 1000006 -0.94525391399884 2452 1
0
173
connections
0.77561977839859
step
0.315789
link
1.9999940000045
enable
0.19999940000045
bias
0.3258025
node
0.49999850000112
disable
0.3999988000009
done
15
170 171 1.3155572078845 18 0
152 172 1.1569644899747 2451 1
38 1000001 0.24315178817103 2450 1
171 1000001 0.62259216818762 19 1
170 1000001 0.85857919977416 17 0
132 1000003 1.115118520249 15 0
130 1000005 0.42107090541554 16 1
161 1000006 0.76073198727378 2423 1
152 1000006 -0.96264943830683 2424 0
172 1000006 -0.97236394717246 2452 1
134 172 -1.3564256721702 2724 1
61 1000006 -1.579210791345 2725 1
170 1000005 -1.4037903988769 2726 1
170 173 1 2727 1
173 171 1.3155572078845 2728 1
0
173
connections
0.69999790000157
step
0.27075
link
1.8049972925
enable
0.18049972925
bias
0.3609994585
node
0.49999850000112
disable
0.3609994585
done
13
170 171 1.0723353934675 18 1
152 172 1.2518940931425 2451 1
38 1000001 -0.51669989623707 2450 1
171 1000001 1.0032221303141 19 1
170 1000001 0.96995284127323 17 0
132 1000003 0.85683267464217 15 0
130 1000005 0.49021671848967 16 1
161 1000006 0.88808762627033 2423 1
152 1000006 -0.83875357066561 2424 0
172 1000006 -0.57891058076724 2452 1
48 1000001 -0.76290169988098 2729 1
67 1000002 -0.27509384441664 2730 1
170 1000003 -1.4927823725089 2731 1
0
172
connections
0.69999790000157
step
0.29999955
link
1.9999940000045
enable
0.19999940000045
bias
0.3609994585
node
0.49999850000112
disable
0.3999988000009
done
12
170 171 1.1060452239967 18 1
152 172 1.1013426624027 2451 1
38 1000001 -0.10311889274728 2450 1
171 1000001 1.1941006760904 19 1
170 1000001 1.2259008744575 17 0
132 1000003 0.54414502395703 15 0
130 1000005 0.57980916062505 16 1
161 1000006 1.0534649304437 2423 0
152 1000006 -1.1606196604709 2424 0
172 1000006 -0.69390689882656 2452 1
94 1000001 -0.8614154484695 2738 1
161 1000004 0.38190862758263 2739 1
0
10
1
0
174
connections
0.81644187199851
step
0.3157885263165
link
2.3326910628529
enable
0.171475
bias
0.421051368422
node
0.5263142105275
disable
0.37999943
done
11
170 171 1.3010392539127 18 1
59 171 0.27497548786369 2504 1
171 173 0.91784120649287 2506 1
173 1000001 1.1837452657861 2507 1
1 1000001 0.057606263943219 2505 1
170 1000001 0.94582281772288 17 0
1000006 1000001 0.16779076509903 2518 1
171 1000001 1.1403455393465 19 1
132 1000003 0.11470986144838 15 0
130 1000005 0.36043572713171 16 1
131 1000006 -0.82320627460555 2519 1
0
1
2
0
174
connections
0.77562094183
step
0.29999955
link
1.999997
enable
0.1805
bias
0.361
node
0.55401495845
disable
0.3999994
done
9
170 171 -1.9329813531907 18 1
109 171 1.7592699972533 2694 0
174 171 1.7592699972533 2697 0
109 174 1 2696 1
171 1000001 -1.469832453383 19 1
170 1000001 1.1079654863109 17 0
132 1000003 0.37322004239174 15 0
130 1000005 0.068157319408246 16 1
67 1000006 -0.4760277108066 2695 1
0
175
connections
0.81644187199851
step
0.2849995725
link
2.10525684211
enable
0.171475
bias
0.34295
node
0.5263142105275
disable
0.421051368422
done
15
170 171 -1.9329813531907 18 1
109 171 1.7592699972533 2694 0
174 171 1.7592699972533 2697 0
109 174 1 2696 1
171 1000001 -1.469832453383 19 1
170 1000001 1.1079654863109 17 0
132 1000003 0.37322004239174 15 0
130 1000005 0.068157319408246 16 1
67 1000006 -0.4760277108066 2695 1
138 171 1.9538560136723 2732 1
33 174 0.74776451918088 2733 1
120 1000005 1.8242133854183 2734 0
170 1000006 0.057435834833827 2735 1
120 175 1 2736 1
175 1000005 1.8242133854183 2737 1
0
0
1
0
174
connections
0.7368398947385
step
0.34990365942793
link
2.3326910628529
enable
0.210525684211
bias
0.37999943
node
0.58317276571322
disable
0.37999943
done
10
170 171 1 18 1
9 171 1.1423078096866 2698 1
170 1000001 1.2115237891781 17 0
171 1000001 1.2115237891781 19 1
132 1000003 0.3961912900174 15 0
111 1000004 -1.9586169011505 2699 1
130 1000005 0.28962065492721 16 1
46 1000002 -0.50495925778985 2717 1
148 171 1.1215552232429 2718 1
57 1000006 -1.9011200292978 2719 1
