183
20000
5
20000
181
2
20000
171
connections
0.736841
step
0.315789
link
2.10526
enable
0.19
bias
0.38
node
0.526315
disable
0.38
done
5
170 171 1 18 1
171 1000001 1.2115237891781 19 1
170 1000001 1.2115237891781 17 0
132 1000003 0.3961912900174 15 0
130 1000005 0.28962065492721 16 1
0
172
connections
0.77562094183
step
0.29999955
link
2.2160598338
enable
0.1999997
bias
0.3999994
node
0.55401495845
disable
0.361
done
8
170 171 1.1589310034013 18 1
171 1000001 1.018479247055 19 1
170 1000001 0.97575950157018 17 0
132 1000003 0.55565331468703 15 0
130 1000005 0.12259615495315 16 1
100 1000005 -1.3768120365001 3538 1
148 171 1.4863124485 3539 1
170 1000004 0.92855616931669 3540 1
0
3
3
0
172
connections
0.77562094183
step
0.29999955
link
1.999997
enable
0.1805
bias
0.3999994
node
0.49999925
disable
0.361
done
9
170 171 1.2370643741615 18 1
155 172 1 3469 1
170 1000001 -1.3215124973296 17 0
171 1000001 0.93650054986877 19 1
132 1000003 0.36970122379223 15 0
2 1000003 -0.64998321481979 3467 1
155 1000004 1.4665364543596 3468 0
172 1000004 1.4665364543596 3470 1
130 1000005 0.91940061647389 16 0
0
173
connections
0.77561977839859
step
0.33240847645654
link
1.9999940000045
enable
0.16290125
bias
0.3609994585
node
0.451249323125
disable
0.3999988000009
done
15
170 171 1.0320519256398 18 1
86 171 0.60898390465682 3523 1
29 172 -1.4128911733307 3522 1
155 172 1.627803770058 3469 1
171 173 1.0768657193552 3524 1
173 1000001 1.3264121800439 3525 1
170 1000001 -1.591602148065 17 0
171 1000001 0.76602035800341 19 1
132 1000003 0.69296910994384 15 0
2 1000003 -0.73823118798472 3467 1
172 1000004 1.7922494873986 3470 1
155 1000004 1.4341209868772 3468 0
130 1000005 1.2278785934959 16 0
63 1000003 1.6542863246559 3541 1
160 173 -0.91280861842708 3542 1
0
172
connections
0.7368398947385
step
0.2849995725
link
1.89999715
enable
0.171475
bias
0.37999943
node
0.5263142105275
disable
0.34295
done
11
170 171 1.4799319867875 18 1
155 172 -1.2068849757378 3469 1
170 1000001 -1.0459239034803 17 0
171 1000001 0.69130193698546 19 1
132 1000003 0.11883166998451 15 0
2 1000003 -0.81980702087657 3467 1
155 1000004 1.4178376840593 3468 0
172 1000004 1.3816375979744 3470 1
130 1000005 1.0091006375681 16 0
46 1000004 0.82992034669027 3545 1
93 1000005 1.7657399212622 3546 1
0
3
3
0
171
connections
0.7368398947385
step
0.2849995725
link
2.3326910628529
enable
0.189999715
bias
0.34295
node
0.58317276571322
disable
0.421051368422
done
10
170 171 0.87677697245651 18 1
56 171 2.0647810486762 3450 1
170 1000001 0.99430541936728 17 1
171 1000001 1.0625077768554 19 1
132 1000003 0.30383433147366 15 0
52 1000004 -1.8922086245308 3472 1
130 1000005 -0.074396713410977 16 1
99 1000005 0.14667195654164 3473 1
71 1000006 -1.5371575941327 3451 1
2 1000006 1.0254829554125 3471 1
0
171
connections
0.69999790000157
step
0.29999910000067
link
2.4554605934908
enable
0.19999940000045
bias
0.3609994585
node
0.61386514837271
disable
0.44321130194205
done
12
170 171 0.70032253188176 18 1
56 171 2.2921585213931 3450 1
170 1000001 1.2183685918981 17 1
171 1000001 1.1923056601133 19 1
132 1000003 0.27260483441558 15 0
52 1000004 -0.54707480086673 3472 1
130 1000005 0.076916654480839 16 1
99 1000005 -0.034671534583983 3473 1
71 1000006 -1.2660533322192 3451 1
2 1000006 1.0708852057528 3471 0
5 1000006 -0.72957548753319 3543 1
72 171 0.76326792199469 3544 1
0
171
connections
0.69999790000157
step
0.270749593875
link
2.4554605934908
enable
0.18049972925
bias
0.3258025
node
0.55401412742756
disable
0.44321130194205
done
13
170 171 0.94247508399862 18 1
56 171 0.63887447737053 3450 0
170 1000001 0.88550815679969 17 1
171 1000001 -0.82747886593219 19 1
132 1000003 0.45381375828799 15 0
52 1000004 -1.9590304869432 3472 1
130 1000005 0.019923993827498 16 1
99 1000005 0.24413255591771 3473 1
71 1000006 -1.4364414223824 3451 1
2 1000006 0.94945625131248 3471 1
56 1000003 1.1526841029084 3547 1
104 1000002 -0.95504623554186 3548 1
118 1000004 0.94857631153294 3549 1
0
1
1
0
172
connections
0.77562094183
step
0.29999955
link
2.2160598338
enable
0.1999997
bias
0.361
node
0.49999925
disable
0.3999994
done
10
170 171 1.1540053233604 18 1
35 172 1 3515 1
170 1000001 1.0586171305109 17 0
171 1000001 1.394423993968 19 1
115 1000002 -1.3492233039338 3513 1
35 1000003 0.67122409741508 3512 0
172 1000003 0.67122409741508 3516 1
132 1000003 0.25148799439222 15 0
170 1000004 -0.14679403057955 3514 0
130 1000005 0.42895880463424 16 1
0
0
1
0
172
connections
0.69999895
step
0.315789
link
2.2160598338
enable
0.1999997
bias
0.361
node
0.55401495845
disable
0.361
done
9
170 171 1.3116834635151 18 0
171 1000001 1.1961328460646 19 1
170 1000001 -1.6180303353984 17 0
132 1000003 0.61317756691183 15 0
130 1000005 0.54110885814997 16 1
89 1000003 0.97689748832667 3534 1
53 1000002 -0.94381542405469 3535 1
170 172 1 3536 1
172 171 1.3116834635151 3537 1
