193
10000
3
10000
186
3
10000
172
connections
0.69999790000157
step
0.29999955
link
1.9999940000045
enable
0.19999940000045
bias
0.3999988000009
node
0.451249323125
disable
0.44321130194205
done
13
7 171 0.63949184228492 24 1
84 172 0.97342146996521 45 1
23 1000002 0.73064019042482 43 1
1000003 1000002 -1.1120258706244 21 1
172 1000003 0.63297497195196 46 1
84 1000003 0.49750961528825 22 0
122 1000004 -0.41343833385266 20 0
170 1000004 0.24382190664541 44 0
48 1000004 -1.0716269417402 65 1
7 1000005 0.92092488415632 23 0
171 1000005 0.90342791108585 25 1
106 1000006 1.3220222972182 42 1
67 1000006 -1.5325785088656 66 1
0
173
connections
0.6649980050015
step
0.2849995725
link
2.1052536842247
enable
0.21052536842247
bias
0.37999886000085
node
0.42868685696875
disable
0.42105073684495
done
15
7 171 0.43383325615368 24 1
84 172 -1.1362214524716 45 1
23 1000002 0.61963985577952 43 1
1000003 1000002 1.2806176946318 21 0
172 1000003 0.39334292684721 46 1
84 1000003 0.509695180066 22 0
122 1000004 -0.57919158722137 20 0
170 1000004 0.29671299830386 44 0
48 1000004 -0.87219595331118 65 1
7 1000005 0.8056125315257 23 1
171 1000005 1.3195734496459 25 1
106 1000006 1.2222328720254 42 1
67 1000006 -1.6789183571066 66 1
87 1000002 -0.25898007141331 1889 1
18 1000006 -0.65425580614643 1890 1
0
173
connections
0.73683878947866
step
0.2849995725
link
2.1052536842247
enable
0.21052536842247
bias
0.37999886000085
node
0.42868685696875
disable
0.42105073684495
done
16
7 171 -1.1382793664357 24 1
84 172 0.95025932934912 45 1
23 1000002 0.62116145819247 43 1
1000003 1000002 -1.2010126752219 21 1
172 1000003 0.87911294314791 46 1
84 1000003 0.603283100843 22 0
122 1000004 -0.48816080851764 20 0
170 1000004 0.10725834306551 44 0
48 1000004 -0.92518272035333 65 1
7 1000005 1.0277942877425 23 0
171 1000005 0.66717059769684 25 0
106 1000006 1.404416198103 42 1
67 1000006 -1.5952980717581 66 1
154 1000005 1.6920072023682 1891 1
162 172 0.34601886043886 1892 1
63 1000004 -0.38166447950682 1893 1
0
2
1
0
174
connections
0.66499700750449
step
0.33240897507
link
2.1052505263442
enable
0.17147448557539
bias
0.37999829000256
node
0.3868898884143
disable
0.42105010526884
done
22
7 171 1.191453396213 24 1
84 172 0.96348081379025 45 1
53 172 -1.759941061481 1852 1
106 173 0.75453047365432 1839 1
32 173 -0.96395764030885 1872 1
167 1000001 0.41178266626408 1837 1
1000003 1000002 -1.286289887923 21 1
23 1000002 -0.69502853480636 43 1
172 1000003 0.83416979782623 46 1
170 1000003 1.0547913133911 1838 1
84 1000003 0.3925022339246 22 0
108 1000003 -1.8727891741061 1851 1
122 1000004 -0.43052412232124 20 0
170 1000004 0.61906470830147 44 0
48 1000004 -1.3056909502288 65 1
41 1000005 1.4628166030525 1836 1
117 1000005 1.7968688009278 1871 1
171 1000005 -1.3499557481613 25 1
7 1000005 1.2018856255983 23 0
173 1000006 1.6220344195082 1840 1
106 1000006 1.0643234354862 42 0
67 1000006 -1.5567907619655 66 1
0
0
1
0
174
connections
0.66499700750449
step
0.33240897507
link
1.8999914500128
enable
0.17147448557539
bias
0.34294897115077
node
0.47499786250321
disable
0.51693752149781
done
23
7 171 0.27712322183702 24 0
173 171 0.10746448899389 1881 1
84 172 -0.74669028537624 45 1
7 173 0.67560527982991 1880 1
1000002 1000001 1.9750285700726 1878 1
23 1000002 0.56037676920731 43 1
1000003 1000002 -0.3163153879793 21 1
172 1000003 0.69624367126246 46 1
84 1000003 -0.3623640605679 22 0
122 1000004 0.69098611532878 20 0
80 1000004 -0.18572583789828 1864 1
48 1000004 -0.73398939363979 65 0
170 1000004 0.37162573461257 44 0
170 1000005 0.78380663563972 1879 0
7 1000005 0.92388736575037 23 1
171 1000005 1.5531575020301 25 1
106 1000006 0.95684493990409 42 1
67 1000006 -1.1862953499113 66 1
10 1000006 0.095034638508255 1865 1
79 172 -1.1482894375439 1885 1
170 172 -0.32990508743553 1886 1
170 174 1 1887 1
174 1000005 0.78380663563972 1888 1
