75
20000
5
20000
73
3
20000
171
connections
0.736841
step
0.315789
link
2.10526
enable
0.19
bias
0.38
node
0.526315
disable
0.38
done
5
170 171 1 18 1
171 1000001 1.2115237891781 19 1
170 1000001 1.2115237891781 17 0
132 1000003 0.3961912900174 15 0
130 1000005 0.28962065492721 16 1
0
171
connections
0.69999895
step
0.29999955
link
1.999997
enable
0.1805
bias
0.3999994
node
0.55401495845
disable
0.361
done
7
170 171 0.93661305581835 18 1
171 1000001 1.2276283824717 19 1
170 1000001 1.2692311521851 17 0
132 1000003 0.6218478624485 15 1
130 1000005 0.25449085136418 16 0
44 1000005 0.63423566393017 1407 1
32 1000003 0.049134800256355 1408 1
0
172
connections
0.77562094183
step
0.285
link
2.2160598338
enable
0.1805
bias
0.3999994
node
0.55401495845
disable
0.361
done
7
170 171 1 18 1
171 1000001 1.2115237891781 19 1
170 1000001 1.2115237891781 17 0
132 1000003 0.3961912900174 15 0
130 1000005 0.28962065492721 16 1
122 1000005 -0.73152867213965 1424 1
154 1000006 0.35016937772759 1425 1
0
10
3
0
173
connections
0.7368398947385
step
0.285
link
1.89999715
enable
0.189999715
bias
0.34295
node
0.5263142105275
disable
0.34295
done
13
170 171 1.047317893053 18 0
172 171 1.047317893053 1215 1
170 172 1 1214 1
37 173 1 1235 1
16 1000001 0.50556962797937 1233 1
44 1000001 0.98361156041139 1234 1
171 1000001 1.4807424166921 19 0
170 1000001 1.0701164876324 17 0
68 1000001 1.0458693197424 1212 1
132 1000003 0.35355394438459 15 0
37 1000004 -1.5058442945647 1213 0
173 1000004 -1.5058442945647 1236 1
130 1000005 0.30762960035554 16 1
0
174
connections
0.6649980050015
step
0.2849995725
link
1.8999943000043
enable
0.1714747427875
bias
0.342949485575
node
0.52631342105618
disable
0.342949485575
done
18
170 171 1.047317893053 18 1
172 171 1.047317893053 1215 0
170 172 1 1214 1
37 173 1 1235 1
16 1000001 0.50556962797937 1233 1
171 1000001 1.4807424166921 19 0
44 1000001 0.98361156041139 1234 1
170 1000001 1.0701164876324 17 0
68 1000001 1.0458693197424 1212 1
96 1000003 -1.3112582781457 1395 1
132 1000003 0.35355394438459 15 0
170 1000003 -0.60579241309854 1397 1
173 1000004 -1.5058442945647 1236 0
37 1000004 -1.5058442945647 1213 0
130 1000005 0.30762960035554 16 1
41 1000006 -1.3475142674032 1396 1
171 172 1.0453810235908 1418 1
6 1000003 1.1254615924558 1419 1
0
173
connections
0.69999790000157
step
0.27075
link
1.8049972925
enable
0.19999940000045
bias
0.3258025
node
0.49999850000112
disable
0.3258025
done
15
170 171 1.2024701117486 18 0
172 171 1.2990963057853 1215 1
170 172 0.92871607867672 1214 1
37 173 0.96307316049684 1235 1
16 1000001 0.33220600756859 1233 1
44 1000001 0.75316792046876 1234 1
171 1000001 1.5789137704932 19 1
170 1000001 0.81081884823908 17 0
68 1000001 1.2598037125767 1212 1
132 1000003 0.23822883833277 15 0
37 1000004 -1.6258627201147 1213 0
173 1000004 -1.3010817056795 1236 1
130 1000005 0.52977730231178 16 1
130 171 -1.4022034363842 1426 1
154 172 -0.32258064516129 1427 1
0
3
2
0
172
connections
0.7368398947385
step
0.285
link
2.10525684211
enable
0.210525684211
bias
0.37999943
node
0.4749992875
disable
0.37999943
done
11
170 171 1.2755247149312 18 1
143 171 -1.3339640491958 1340 1
130 172 1 1341 1
171 1000001 1.5398850845622 19 1
115 1000001 -1.3842585528123 1339 1
170 1000001 0.78763886488083 17 0
96 1000002 0.25515472884304 1325 1
132 1000003 -1.6801660206915 15 0
100 1000004 -0.99269188512833 1326 1
130 1000005 0.20697511784265 16 0
172 1000005 0.20697511784265 1342 1
0
173
connections
0.69999790000157
step
0.315789
link
2.2160565097102
enable
0.19999940000045
bias
0.3609994585
node
0.451249323125
disable
0.3609994585
done
15
170 171 1.1435018409726 18 1
143 171 -1.3349181527451 1340 1
130 172 1.2388631966613 1341 1
171 1000001 1.4011931231681 19 1
115 1000001 -1.5891016936247 1339 1
170 1000001 0.72550648526109 17 0
96 1000002 -1.2979522080142 1325 1
132 1000003 -1.4856734577776 15 0
100 1000004 -0.96764425760674 1326 1
130 1000005 0.39713084644154 16 0
172 1000005 -0.054728739544358 1342 0
118 171 0.59883419293802 1420 1
119 1000004 -0.068910794396802 1421 1
172 173 1 1422 1
173 1000005 -0.054728739544358 1423 1
0
0
1
0
172
connections
0.6649990025
step
0.3157885263165
link
2.10525684211
enable
0.171475
bias
0.37999943
node
0.58317276571322
disable
0.37999943
done
12
170 171 1.2593133908383 18 1
170 1000001 0.90768563282631 17 1
171 1000001 1.5157667161255 19 1
143 1000003 0.17368603104507 1393 0
132 1000003 0.088748747885901 15 0
130 1000005 -1.2439954832606 16 1
106 1000005 1.2954942042238 1394 1
66 1000004 1.5077974791711 1409 1
71 171 -1.8823206274606 1410 1
170 1000005 -0.64326914273507 1411 1
143 172 1 1412 1
172 1000003 0.17368603104507 1413 1
0
0
1
0
172
connections
0.7368398947385
step
0.2849995725
link
2.10525684211
enable
0.171475
bias
0.37999943
node
0.58317276571322
disable
0.37999943
done
11
170 171 0.77708505375523 18 1
170 1000001 1.0809790770088 17 1
171 1000001 1.0892071600065 19 0
143 1000003 1.4385814996796 1393 1
132 1000003 0.68112128042016 15 0
130 1000005 0.4409704141689 16 1
106 1000005 1.4116330986818 1394 1
135 1000005 0.68428601947081 1414 1
158 1000006 -0.73616748558 1415 1
171 172 1 1416 1
172 1000001 1.0892071600065 1417 1
