142
20000
6
20000
140
2
20000
171
connections
0.736841
step
0.315789
link
2.10526
enable
0.19
bias
0.38
node
0.526315
disable
0.38
done
5
170 171 1 18 1
171 1000001 1.2115237891781 19 1
170 1000001 1.2115237891781 17 0
132 1000003 0.3961912900174 15 0
130 1000005 0.28962065492721 16 1
0
171
connections
0.69999895
step
0.33240897507
link
2.2160598338
enable
0.1999997
bias
0.361
node
0.49999925
disable
0.361
done
8
170 171 0.68904690988355 18 1
171 1000001 1.40351084485 19 1
170 1000001 1.0527908190277 17 0
132 1000003 0.52915690897069 15 0
130 1000005 0.065282385488511 16 1
153 1000005 -1.9549546800134 2756 1
30 1000003 0.11859492782373 2757 1
170 1000003 1.6113162633137 2758 1
0
12
3
0
174
connections
0.81644187199851
step
0.3157885263165
link
2.3326910628529
enable
0.171475
bias
0.421051368422
node
0.5263142105275
disable
0.37999943
done
11
170 171 1.3010392539127 18 1
59 171 0.27497548786369 2504 1
171 173 0.91784120649287 2506 1
173 1000001 1.1837452657861 2507 1
1 1000001 0.057606263943219 2505 1
170 1000001 0.94582281772288 17 0
1000006 1000001 0.16779076509903 2518 1
171 1000001 1.1403455393465 19 1
132 1000003 0.11470986144838 15 0
130 1000005 0.36043572713171 16 1
131 1000006 -0.82320627460555 2519 1
0
175
connections
0.85941120772179
step
0.33240847645654
link
2.4554605934908
enable
0.18049972925
bias
0.44321130194205
node
0.55401412742756
disable
0.3999988000009
done
16
170 171 1.1868007867544 18 1
59 171 0.43819213808218 2504 1
171 173 0.60679728130491 2506 1
173 1000001 1.2165630831431 2507 1
1 1000001 -0.22113721906091 2505 1
170 1000001 1.0950196152096 17 0
1000006 1000001 -0.14903558849495 2518 0
171 1000001 0.84354464833762 19 1
132 1000003 0.074202428772485 15 0
130 1000005 0.38410310515146 16 1
131 1000006 -0.29450361644337 2519 1
10 1000001 1.4501785332804 2761 1
169 173 1.3421430097354 2762 1
170 173 -0.096621601001007 2763 1
1000006 175 1 2764 1
175 1000001 -0.14903558849495 2765 1
0
174
connections
0.77561977839859
step
0.315789
link
2.4554605934908
enable
0.16290125
bias
0.3999988000009
node
0.55401412742756
disable
0.3609994585
done
14
170 171 1.3010392539127 18 1
59 171 0.27497548786369 2504 1
171 173 0.91784120649287 2506 1
173 1000001 1.1837452657861 2507 1
1 1000001 0.057606263943219 2505 1
170 1000001 0.94582281772288 17 0
1000006 1000001 0.16779076509903 2518 1
171 1000001 1.1403455393465 19 1
132 1000003 0.11470986144838 15 0
130 1000005 0.36043572713171 16 1
131 1000006 -0.82320627460555 2519 1
7 1000003 -0.75630970183416 2766 1
126 1000002 1.9777825251015 2767 1
115 1000001 1.0517288735618 2768 1
0
3
2
0
174
connections
0.77562094183
step
0.29999955
link
1.999997
enable
0.1805
bias
0.361
node
0.55401495845
disable
0.3999994
done
9
170 171 -1.9329813531907 18 1
109 171 1.7592699972533 2694 0
174 171 1.7592699972533 2697 0
109 174 1 2696 1
171 1000001 -1.469832453383 19 1
170 1000001 1.1079654863109 17 0
132 1000003 0.37322004239174 15 0
130 1000005 0.068157319408246 16 1
67 1000006 -0.4760277108066 2695 1
0
175
connections
0.81644187199851
step
0.2849995725
link
1.89999715
enable
0.171475
bias
0.34295
node
0.58317276571322
disable
0.421051368422
done
13
170 171 -1.7639751367764 18 1
109 171 1.4830377690046 2694 0
174 171 1.831487516418 2697 0
109 174 0.95281464031457 2696 1
171 1000001 -1.2944420795476 19 1
170 1000001 1.3276274695101 17 0
132 1000003 0.31262273346484 15 0
130 1000005 0.29439481079585 16 1
67 1000006 -0.42939900789903 2695 1
64 171 0.70809045686209 2774 0
94 1000001 1.0180364391003 2775 1
64 175 1 2776 1
175 171 0.70809045686209 2777 1
0
2
1
0
174
connections
0.7368398947385
step
0.34990365942793
link
2.3326910628529
enable
0.210525684211
bias
0.37999943
node
0.58317276571322
disable
0.37999943
done
10
170 171 1 18 1
9 171 1.1423078096866 2698 1
148 171 1.1215552232429 2718 1
171 1000001 1.2115237891781 19 1
170 1000001 1.2115237891781 17 0
46 1000002 -0.50495925778985 2717 1
132 1000003 0.3961912900174 15 0
111 1000004 -1.9586169011505 2699 1
130 1000005 0.28962065492721 16 1
57 1000006 -1.9011200292978 2719 1
0
0
1
0
171
connections
0.7368398947385
step
0.285
link
1.89999715
enable
0.210525684211
bias
0.37999943
node
0.4749992875
disable
0.37999943
done
9
170 171 0.86846254234403 18 1
170 1000001 1.581982548039 17 1
160 1000001 1.3008819849239 2741 1
171 1000001 1.7634441636046 19 1
132 1000003 -0.069521390623467 15 0
130 1000005 0.48257322836902 16 1
148 1000005 -0.40831675160985 2740 1
40 171 -0.44062623981445 2759 1
162 171 -0.81527146214179 2760 1
0
0
1
0
172
connections
0.77562094183
step
0.33240897507
link
1.999997
enable
0.1999997
bias
0.3999994
node
0.55401495845
disable
0.3999994
done
10
170 171 0.83996851766322 18 1
171 1000001 1.4480254657371 19 1
170 1000001 1.40190799387 17 0
132 1000003 0.67487432337864 15 0
130 1000005 0.057115961191768 16 1
99 1000005 -1.2935575426496 2769 1
141 171 -0.23041474654378 2770 0
170 1000002 1.1806390575884 2771 1
141 172 1 2772 1
172 171 -0.23041474654378 2773 1
