224
10000
2
10000
217
4
10000
172
connections
0.69999790000157
step
0.29999955
link
1.9999940000045
enable
0.19999940000045
bias
0.3999988000009
node
0.451249323125
disable
0.44321130194205
done
13
7 171 0.63949184228492 24 1
84 172 0.97342146996521 45 1
23 1000002 0.73064019042482 43 1
1000003 1000002 -1.1120258706244 21 1
172 1000003 0.63297497195196 46 1
84 1000003 0.49750961528825 22 0
48 1000004 -1.0716269417402 65 1
170 1000004 0.24382190664541 44 0
122 1000004 -0.41343833385266 20 0
7 1000005 0.92092488415632 23 0
171 1000005 0.90342791108585 25 1
106 1000006 1.3220222972182 42 1
67 1000006 -1.5325785088656 66 1
0
174
connections
0.69999685000472
step
0.29999910000067
link
1.8049945850041
enable
0.22160531856255
bias
0.4432106371251
node
0.45124864625102
disable
0.4432106371251
done
17
7 171 1.0417644600046 24 1
36 171 1.4518486371008 2177 1
84 172 0.872389964762 45 1
23 1000002 0.49046329323198 43 1
1000003 1000002 -1.3935763280597 21 1
84 1000003 -1.6860255745109 22 0
172 1000003 0.46905488302763 46 1
48 1000004 -0.78989427523338 65 1
170 1000004 0.54323505302201 44 1
122 1000004 -0.45044898030963 20 1
7 1000005 -0.40286004152009 23 0
133 1000005 0.3963588955811 2178 1
171 1000005 1.0395667875544 25 1
67 1000006 -1.7713454551505 66 1
106 1000006 1.1159771986277 42 1
56 1000006 -0.71651356547746 2183 1
1000002 1000004 0.63106173894467 2184 1
0
174
connections
0.6649980050015
step
0.3157885263165
link
2.1052536842247
enable
0.18999943000043
bias
0.42105073684495
node
0.42868685696875
disable
0.46653751276326
done
15
7 171 0.79617971049688 24 1
84 172 1.6716980197993 45 1
23 1000002 0.63724419419284 43 1
1000003 1000002 -0.54377880184332 21 1
172 1000003 0.67192860427737 46 1
84 1000003 1.3254188665426 22 0
48 1000004 -0.9221072897115 65 1
170 1000004 0.033215910808299 44 1
122 1000004 -0.2575534675796 20 0
7 1000005 0.9218597114842 23 0
171 1000005 0.63917938729565 25 1
106 1000006 1.0825812151438 42 1
67 1000006 -1.3632012894066 66 1
1000004 1000003 -0.59675893429365 2185 1
99 1000004 0.99056978057192 2186 1
0
173
connections
0.73683878947866
step
0.2849995725
link
2.1052536842247
enable
0.18999943000043
bias
0.42105073684495
node
0.42868685696875
disable
0.42105073684495
done
16
7 171 0.63949184228492 24 1
84 172 0.97342146996521 45 1
23 1000002 0.85880171576395 43 1
1000003 1000002 -1.2445884636135 21 1
172 1000003 0.61939776522958 46 1
84 1000003 0.49750961528825 22 1
48 1000004 -0.99568678037362 65 1
170 1000004 0.24382190664541 44 0
122 1000004 -0.41343833385266 20 0
7 1000005 0.92092488415632 23 0
171 1000005 0.90342791108585 25 1
106 1000006 1.3172820168443 42 1
67 1000006 -1.5325785088656 66 1
93 172 -0.69795831171606 2192 1
124 1000004 -0.2462843714713 2193 1
170 172 -0.80281991027558 2194 1
0
0
1
0
175
connections
0.69999580000945
step
0.29999955
link
2.2160498615457
enable
0.24554532271146
bias
0.49109064542292
node
0.49999700000675
disable
0.49109064542292
done
26
7 171 0.32219152780671 24 1
170 172 0.42963957640309 2164 1
84 172 1.6319211640619 45 1
38 172 0.8866455472869 2157 1
28 172 -1.6224766825602 2163 1
23 1000002 0.97896587769097 43 1
170 1000002 1.6134132454283 2176 1
1000003 1000002 -0.8423471772702 21 0
84 1000003 0.28272982331919 22 0
172 1000003 0.64873760585978 46 1
131 1000004 1.6767083195883 2174 1
48 1000004 -0.63815016039407 65 0
122 1000004 -0.11581922402112 20 0
72 1000004 -1.9337714750557 2175 1
170 1000004 0.24857363144322 44 1
51 1000005 -0.88496697886441 2162 1
7 1000005 1.2074108584307 23 0
171 1000005 1.019333831773 25 1
67 1000006 -0.81038850062563 66 1
106 1000006 1.0464680366405 42 1
122 1000006 0.44204498197119 2156 1
11 1000003 1.5090182195502 2187 1
15 1000003 -0.84383678701132 2188 1
114 1000002 -0.41059602649007 2189 1
170 175 1 2190 1
175 1000002 1.6134132454283 2191 1
