38
40000
3
40000
16
3
40000
170
connections
0.69999895
step
0.285
link
1.805
enable
0.22160598338
bias
0.44321196676
node
0.49999925
disable
0.3999994
done
5
170 1000001 1.6575823236793 202 1
1000003 1000002 -1.3870662556841 21 0
122 1000004 -0.29377117221595 20 0
47 1000004 1.1698965422529 201 1
168 1000006 0.56978057191687 200 1
0
170
connections
0.7368398947385
step
0.285
link
1.71475
enable
0.210525684211
bias
0.46653821257058
node
0.4749992875
disable
0.37999943
done
7
170 1000001 1.5679517502365 202 1
1000003 1000002 -1.1762756736961 21 0
122 1000004 -0.46677861873226 20 0
47 1000004 1.1156485183264 201 1
168 1000006 0.780014496292 200 1
164 1000005 0.53938413647877 675 0
137 1000001 -0.66634113589892 676 1
0
170
connections
0.7368398947385
step
0.27075
link
1.71475
enable
0.210525684211
bias
0.46653821257058
node
0.5263142105275
disable
0.37999943
done
8
170 1000001 1.4659577242347 202 1
1000003 1000002 -1.5189997634816 21 0
122 1000004 -0.24203724021119 20 0
47 1000004 1.3956468626972 201 1
168 1000006 0.58616587572863 200 1
44 1000004 1.3444624164556 692 1
109 1000002 -0.48445081942198 693 1
170 1000004 1.7687917722098 694 1
40000
16
2
40000
171
connections
0.6649990025
step
0.27075
link
1.71475
enable
0.210525684211
bias
0.46653821257058
node
0.5263142105275
disable
0.421051368422
done
9
170 171 1 245 1
14 1000001 -0.67928098391675 244 0
170 1000001 1.7518205435347 202 0
171 1000001 1.7518205435347 246 1
1000003 1000002 -0.093081453901791 21 0
68 1000002 -1.2228766747032 243 1
122 1000004 -0.16370507675405 20 0
47 1000004 0.75850703451643 201 1
168 1000006 0.21051667836543 200 1
0
172
connections
0.69999790000157
step
0.285
link
1.8049972925
enable
0.19999940000045
bias
0.44321130194205
node
0.55401412742756
disable
0.44321130194205
done
13
170 171 -0.41804254280221 245 1
14 1000001 -0.466246375927 244 0
170 1000001 1.9215402310251 202 0
171 1000001 1.5432044053468 246 1
1000003 1000002 -0.19932477797784 21 0
68 1000002 -1.4714503921628 243 1
122 1000004 0.011181089205603 20 0
47 1000004 0.74113757744072 201 0
168 1000006 0.39392666402173 200 1
153 1000001 -0.24604022339549 677 0
170 1000003 -0.73152867213965 678 1
47 172 1 679 1
172 1000004 0.74113757744072 680 1
40000
16
5
40000
171
connections
0.631749052375
step
0.285
link
1.8049972925
enable
0.22160565097102
bias
0.44321130194205
node
0.49999850000112
disable
0.3999988000009
done
12
170 171 1 382 1
166 1000001 0.57454145939512 379 1
170 1000001 1.7547625659963 202 1
171 1000002 1.3694875942259 383 1
1000003 1000002 -1.2014644306772 21 0
170 1000002 1.3694875942259 381 0
127 1000003 -0.66133610034486 361 1
64 1000004 -0.015198217719047 360 1
122 1000004 -0.46556093020417 20 0
47 1000004 0.96194143498032 201 0
67 1000005 1.6596575823237 380 1
168 1000006 1.3801080355235 200 1
0
171
connections
0.6649980050015
step
0.27075
link
1.714747427875
enable
0.21052536842247
bias
0.46653751276326
node
0.52631342105618
disable
0.42105073684495
done
13
170 171 0.78092609179968 382 1
166 1000001 0.71693578142644 379 1
170 1000001 2.0126720404675 202 1
171 1000002 1.1753841288491 383 0
1000003 1000002 -1.2608002182073 21 0
170 1000002 1.3362625278481 381 0
127 1000003 -0.52046214941862 361 1
64 1000004 -1.3530075991089 360 1
122 1000004 -0.72264411603137 20 0
47 1000004 0.75517922757653 201 0
67 1000005 0.35468611713004 380 1
168 1000006 1.2034392605365 200 1
71 1000004 -1.1008026367992 681 1
0
172
connections
0.6649980050015
step
0.315789
link
1.8999943000043
enable
0.23326875638163
bias
0.46653751276326
node
0.47499857500107
disable
0.42105073684495
done
17
170 171 1 382 0
166 1000001 0.57454145939512 379 1
170 1000001 1.7547625659963 202 1
171 1000002 1.3694875942259 383 1
1000003 1000002 -1.2014644306772 21 0
170 1000002 1.3694875942259 381 0
127 1000003 -0.66133610034486 361 1
64 1000004 -0.015198217719047 360 1
122 1000004 -0.46556093020417 20 0
47 1000004 0.96194143498032 201 0
67 1000005 1.6596575823237 380 1
168 1000006 1.3801080355235 200 1
1000004 1000003 1.5214697714164 682 1
98 1000002 1.8568071535386 683 1
170 1000004 1.7831965086825 684 1
170 172 1 685 1
172 171 1 686 1
0
172
connections
0.60016159975625
step
0.27075
link
1.714747427875
enable
0.23326875638163
bias
0.46653751276326
node
0.47499857500107
disable
0.42105073684495
done
15
170 171 1 382 1
166 1000001 0.57454145939512 379 1
170 1000001 1.7547625659963 202 1
171 1000002 1.3694875942259 383 1
1000003 1000002 -1.2014644306772 21 0
170 1000002 1.3694875942259 381 0
127 1000003 -0.66133610034486 361 1
64 1000004 -0.015198217719047 360 1
122 1000004 -0.46556093020417 20 0
47 1000004 0.96194143498032 201 0
67 1000005 1.6596575823237 380 1
168 1000006 1.3801080355235 200 1
123 1000002 -1.968260750145 687 1
82 1000005 0.53547776726585 688 1
170 1000003 -0.080141605883969 689 1
0
171
connections
0.6649980050015
step
0.29999955
link
1.8999943000043
enable
0.21052536842247
bias
0.46653751276326
node
0.52631342105618
disable
0.37999886000085
done
14
170 171 1.216867254886 382 1
166 1000001 0.78640978992737 379 1
170 1000001 1.4889314879528 202 1
171 1000002 1.5665788846355 383 1
1000003 1000002 -1.4806442847423 21 0
170 1000002 1.5146669778848 381 1
127 1000003 -0.8639207142201 361 1
64 1000004 0.28091938369854 360 1
122 1000004 -0.25127553734703 20 0
47 1000004 1.0783541147572 201 0
67 1000005 1.554634393199 380 1
168 1000006 1.4219213826365 200 1
169 1000003 0.88021485030671 690 1
66 1000003 0.042176580095828 691 1
