190
7
3
7
188
4
7
172
connections
0.277007479225
step
0.11080299169
link
2.2160598338
enable
0.1999997
bias
0.361
node
0.55401495845
disable
0.3999994
done
8
170 171 1 18 1
171 1000001 1.2115237891781 19 1
170 1000001 1.2115237891781 17 0
170 1000002 1.2800073244423 42 1
132 1000003 0.3961912900174 15 0
55 1000004 -1.5657826471755 40 1
130 1000005 0.28962065492721 16 0
151 1000006 -1.3804742576373 41 1
0
173
connections
0.24999925000056
step
0.11080282548551
link
2.2160565097102
enable
0.19999940000045
bias
0.3609994585
node
0.55401412742756
disable
0.44321130194205
done
14
170 171 1 18 1
170 1000001 1.2115237891781 17 0
171 1000001 1.2115237891781 19 0
170 1000002 1.2800073244423 42 1
132 1000003 0.3961912900174 15 0
69 1000003 0.92989898373363 4342 1
55 1000004 -1.5657826471755 40 0
122 1000005 -1.9457991271706 4341 1
130 1000005 0.28962065492721 16 0
151 1000006 -1.3804742576373 41 0
107 1000005 -1.8161564989166 4357 1
124 1000006 -0.54292428357799 4358 1
171 173 1 4359 1
173 1000001 1.2115237891781 4360 1
0
173
connections
0.24999925000056
step
0.11080282548551
link
2.4554605934908
enable
0.18049972925
bias
0.3258025
node
0.61386514837271
disable
0.3999988000009
done
13
170 171 0.89763072799088 18 0
170 1000001 1.2076248769254 17 0
171 1000001 1.6205938901944 19 1
170 1000002 1.2926035500636 42 1
132 1000003 0.36563910250369 15 0
69 1000003 1.0228202411425 4342 1
55 1000004 -1.5998854486227 40 1
122 1000005 -1.9327159602099 4341 1
130 1000005 0.34736716363464 16 0
151 1000006 -1.3547238527765 41 1
168 1000005 1.4960783715323 4361 1
64 1000002 -1.6163212988678 4362 1
152 1000006 1.4617755668813 4363 1
0
173
connections
0.29158638285661
step
0.095
link
2.10525684211
enable
0.210525684211
bias
0.37999943
node
0.58317276571322
disable
0.37999943
done
10
170 171 1 18 1
171 1000001 1.2115237891781 19 1
170 1000001 1.2115237891781 17 0
170 1000002 1.2800073244423 42 1
132 1000003 0.3961912900174 15 0
55 1000004 -1.5657826471755 40 1
130 1000005 0.28962065492721 16 1
151 1000006 -1.3804742576373 41 0
117 171 -0.66927091280862 4364 1
122 1000002 1.5374614703818 4365 1
7
185
4
7
173
connections
0.24999925000056
step
0.105263
link
2.4554605934908
enable
0.19999940000045
bias
0.3999988000009
node
0.61386514837271
disable
0.3999988000009
done
16
170 171 0.95052475164037 18 0
173 171 0.95052475164037 84 1
170 173 1 83 1
170 1000001 1.1422468765831 17 1
171 1000001 1.260407943083 19 0
99 1000001 1.1180150761437 81 1
156 1000001 1.9458151955626 71 1
148 1000002 -1.1371004850307 70 1
170 1000002 1.2954432421339 42 0
159 1000002 -0.31078110711997 72 1
132 1000003 0.45135903497421 15 0
13 1000004 0.70650349436933 80 1
113 1000004 -1.1816156498917 82 1
55 1000004 -1.5178301095309 40 1
130 1000005 -1.9385967589343 16 0
151 1000006 -1.3401288486282 41 1
0
174
connections
0.22562432312551
step
0.105263
link
2.7207237973569
enable
0.22160531856255
bias
0.4432106371251
node
0.68018094933922
disable
0.4432106371251
done
24
170 171 0.95052475164037 18 0
173 171 0.95052475164037 84 1
170 173 1 83 1
99 1000001 1.1180150761437 81 0
171 1000001 1.260407943083 19 0
170 1000001 1.1422468765831 17 1
156 1000001 1.9458151955626 71 1
159 1000002 -0.31078110711997 72 1
170 1000002 1.2954432421339 42 0
148 1000002 -1.1371004850307 70 1
1 1000002 0.225043488876 4351 1
132 1000003 0.45135903497421 15 0
13 1000004 0.70650349436933 80 1
55 1000004 -1.5178301095309 40 1
113 1000004 -1.1816156498917 82 1
130 1000005 -1.9385967589343 16 0
110 1000006 -1.5139011810663 4350 1
151 1000006 -1.3401288486282 41 1
31 1000003 1.1326639606922 4366 1
43 1000002 1.8886684774316 4367 1
165 1000001 1.2656025879696 4368 1
170 1000005 -0.55623035370952 4369 1
99 174 1 4370 1
174 1000001 1.1180150761437 4371 1
0
173
connections
0.26315671052809
step
0.09999985
link
2.3326875638163
enable
0.21052536842247
bias
0.42105073684495
node
0.64617287113157
disable
0.37999886000085
done
18
170 171 0.95052475164037 18 0
173 171 0.95052475164037 84 1
170 173 1 83 1
170 1000001 1.1422468765831 17 1
171 1000001 1.260407943083 19 0
99 1000001 1.1180150761437 81 1
156 1000001 1.9458151955626 71 1
148 1000002 -1.1371004850307 70 1
170 1000002 1.2954432421339 42 0
159 1000002 -0.31078110711997 72 1
132 1000003 0.45135903497421 15 0
13 1000004 0.70650349436933 80 1
113 1000004 -1.1816156498917 82 1
55 1000004 -1.5178301095309 40 1
130 1000005 -1.9385967589343 16 0
151 1000006 -1.3401288486282 41 1
39 173 -1.6342661824396 4372 1
97 1000003 0.72481460005493 4373 1
0
173
connections
0.26315671052809
step
0.11080299169
link
2.3326875638163
enable
0.18999943000043
bias
0.42105073684495
node
0.64617287113157
disable
0.37999886000085
done
18
170 171 0.95052475164037 18 0
173 171 0.95052475164037 84 1
170 173 1 83 1
170 1000001 1.1422468765831 17 1
171 1000001 1.260407943083 19 0
99 1000001 1.1180150761437 81 1
156 1000001 1.9458151955626 71 1
148 1000002 -1.1371004850307 70 1
170 1000002 1.2954432421339 42 0
159 1000002 -0.31078110711997 72 1
132 1000003 0.45135903497421 15 0
13 1000004 0.70650349436933 80 1
113 1000004 -1.1816156498917 82 1
55 1000004 -1.5178301095309 40 1
130 1000005 -1.9385967589343 16 0
151 1000006 -1.3401288486282 41 1
102 1000003 1.1371807000946 4379 1
115 1000006 0.65315713980529 4380 1
0
13
2
-1
173
connections
0.27700706371378
step
0.09999985
link
2.2160565097102
enable
0.22160565097102
bias
0.3609994585
node
0.61386514837271
disable
0.3999988000009
done
17
170 171 1 18 1
58 173 1 4041 1
170 1000001 1.2115237891781 17 0
171 1000001 1.2115237891781 19 1
170 1000002 1.2800073244423 42 1
132 1000003 0.3961912900174 15 0
165 1000004 -0.56074709311197 4064 1
55 1000004 -1.5657826471755 40 1
170 1000004 1.6437879573962 4040 1
12 1000005 0.010437330240791 4037 1
144 1000005 -0.51179540391247 4038 1
130 1000005 0.28962065492721 16 0
68 1000005 0.81221961119419 4065 1
58 1000006 -1.6237678151799 4039 0
173 1000006 -1.6237678151799 4042 1
151 1000006 -1.3804742576373 41 1
170 1000006 1.930051576281 4066 1
0
174
connections
0.29158594547704
step
0.095
link
2.3326875638163
enable
0.21052536842247
bias
0.342949485575
node
0.64617287113157
disable
0.37999886000085
done
22
170 171 1 18 0
58 173 1 4041 1
170 1000001 1.2115237891781 17 0
171 1000001 1.2115237891781 19 1
170 1000002 1.2800073244423 42 1
132 1000003 0.3961912900174 15 0
165 1000004 -0.56074709311197 4064 1
55 1000004 -1.5657826471755 40 1
170 1000004 1.6437879573962 4040 0
12 1000005 0.010437330240791 4037 1
144 1000005 -0.51179540391247 4038 1
130 1000005 0.28962065492721 16 0
68 1000005 0.81221961119419 4065 1
58 1000006 -1.6237678151799 4039 0
173 1000006 -1.6237678151799 4042 1
151 1000006 -1.3804742576373 41 1
170 1000006 1.930051576281 4066 1
15 1000005 0.60322885830256 4374 1
64 1000004 1.6979888302255 4375 1
170 1000005 0.20270393993957 4376 1
170 174 1 4377 1
174 1000004 1.6437879573962 4378 1
