41
20000
5
20000
39
3
20000
171
connections
0.736841
step
0.315789
link
2.10526
enable
0.19
bias
0.38
node
0.526315
disable
0.38
done
5
170 171 1 18 1
171 1000001 1.2115237891781 19 1
170 1000001 1.2115237891781 17 0
132 1000003 0.3961912900174 15 0
130 1000005 0.28962065492721 16 1
0
172
connections
0.69999895
step
0.33240897507
link
1.999997
enable
0.1999997
bias
0.3999994
node
0.49999925
disable
0.361
done
8
170 171 1.0143140679288 18 1
171 1000001 -0.053651539658803 19 1
170 1000001 1.2699669821887 17 0
132 1000003 0.34026396436778 15 0
130 1000005 0.41889362985067 16 1
157 1000001 1.3250526444288 755 1
14 1000004 -1.1386455885495 756 1
170 1000006 -1.1623279519028 757 0
0
171
connections
0.69999895
step
0.33240897507
link
2.2160598338
enable
0.1805
bias
0.3999994
node
0.55401495845
disable
0.3999994
done
7
170 171 0.7759356354756 18 1
171 1000001 1.1943286473359 19 1
170 1000001 1.5180842560393 17 0
132 1000003 -1.3870662556841 15 0
130 1000005 0.5069286982322 16 1
59 1000002 -0.84078493606372 764 1
18 1000002 -1.3404339732047 765 1
0
14
3
0
172
connections
0.81644187199851
step
0.34990365942793
link
1.89999715
enable
0.171475
bias
0.421051368422
node
0.5263142105275
disable
0.34295
done
9
170 171 0.4776604843826 18 1
80 171 -1.0661223208186 466 1
171 1000001 2.1540737169611 19 1
170 1000001 1.6474812501371 17 0
46 1000002 0.83333841975158 471 1
101 1000002 2.2060481791349 467 0
132 1000003 0.50424034184208 15 0
141 1000004 -1.5610217596973 470 1
130 1000005 -0.24452442889444 16 1
0
172
connections
0.85941120772179
step
0.315789
link
1.8049972925
enable
0.18049972925
bias
0.3999988000009
node
0.55401412742756
disable
0.3258025
done
11
170 171 0.2287358321105 18 1
80 171 -1.2416484616615 466 1
171 1000001 2.1185598626259 19 1
170 1000001 1.8412220951031 17 0
46 1000002 0.80279746876431 471 1
101 1000002 2.0517821638452 467 0
132 1000003 0.73940277322121 15 0
141 1000004 -1.0096133304849 470 1
130 1000005 -0.086287800854031 16 1
112 1000005 0.96053956724754 758 1
78 1000001 -0.034607989745781 759 1
0
172
connections
0.85941120772179
step
0.36831908902363
link
1.9999940000045
enable
0.16290125
bias
0.44321130194205
node
0.49999850000112
disable
0.3609994585
done
11
170 171 -1.92370372631 18 1
80 171 -1.0487556716734 466 1
171 1000001 2.4522292953281 19 1
170 1000001 1.8100308380265 17 0
46 1000002 1.112385063784 471 1
101 1000002 2.4012178419883 467 0
132 1000003 0.18495253021098 15 0
141 1000004 -1.8111801912357 470 1
130 1000005 -0.32697386027321 16 1
114 1000001 0.1361735892819 760 1
37 171 0.15204321420942 761 1
0
7
2
0
171
connections
0.81644187199851
step
0.2849995725
link
1.89999715
enable
0.210525684211
bias
0.37999943
node
0.4749992875
disable
0.37999943
done
10
170 171 1.0755574598318 18 1
37 1000001 1.7300943021943 617 1
171 1000001 1.4153210542084 19 1
147 1000001 1.4529862361522 618 1
170 1000001 1.2932566601392 17 0
138 1000003 1.6513414059494 597 1
132 1000003 0.60355463753082 15 0
133 1000003 -0.46393466201918 598 1
170 1000004 0.84304760834933 599 1
130 1000005 0.28816750221587 16 1
0
171
connections
0.77561977839859
step
0.270749593875
link
1.9999940000045
enable
0.19999940000045
bias
0.3609994585
node
0.451249323125
disable
0.3609994585
done
12
170 171 0.83661993103501 18 1
37 1000001 1.9085475929721 617 1
171 1000001 1.6507220729134 19 1
147 1000001 1.2383580827997 618 1
170 1000001 1.5569662853268 17 0
138 1000003 1.6375010919218 597 1
132 1000003 0.3993542312247 15 0
133 1000003 -0.65661662190477 598 1
170 1000004 -0.048524430066835 599 1
130 1000005 0.20576185935216 16 1
96 1000005 -0.98141422772912 762 1
72 1000001 -0.04498428296762 763 1
0
0
1
0
173
connections
0.77562094183
step
0.33240897507
link
2.2160598338
enable
0.1805
bias
0.361
node
0.49999925
disable
0.3999994
done
9
170 171 0.72519221394479 18 1
171 1000001 1.3330259802366 19 0
170 1000001 -1.829584643086 17 0
132 1000003 0.0794253289419 15 0
130 1000005 0.35344049995927 16 0
8 1000004 -1.5191503646962 750 1
106 1000006 0.9593188268685 751 1
130 173 1 752 1
173 1000005 0.35344049995927 753 1
0
0
1
0
172
connections
0.7368398947385
step
0.2849995725
link
2.10525684211
enable
0.189999715
bias
0.37999943
node
0.58317276571322
disable
0.421051368422
done
10
170 171 0.73011713812365 18 1
171 172 1.1744336199984 736 1
170 1000001 1.2188386071496 17 0
172 1000001 1.4571398946448 737 1
171 1000001 0.75984984893338 19 0
166 1000002 -1.319370275622 735 1
132 1000003 0.38842418841388 15 0
91 1000003 -0.61482589190344 734 1
130 1000005 0.47588323145505 16 1
61 1000003 -0.60530411694693 754 1
