50
20000
4
20000
48
3
20000
171
connections
0.736841
step
0.315789
link
2.10526
enable
0.19
bias
0.38
node
0.526315
disable
0.38
done
5
170 171 1 18 1
171 1000001 1.2115237891781 19 1
170 1000001 1.2115237891781 17 0
132 1000003 0.3961912900174 15 0
130 1000005 0.28962065492721 16 1
0
171
connections
0.69999895
step
0.29999955
link
2.2160598338
enable
0.1805
bias
0.361
node
0.55401495845
disable
0.3999994
done
7
170 171 1.2525372352565 18 1
171 1000001 1.0023288760659 19 1
170 1000001 0.95329180859554 17 0
132 1000003 -1.8854945524461 15 0
130 1000005 0.46406114157994 16 0
131 1000001 -1.1161839655751 935 1
14 1000005 0.89803765984069 936 1
0
171
connections
0.69999895
step
0.29999955
link
2.2160598338
enable
0.1999997
bias
0.3999994
node
0.55401495845
disable
0.3999994
done
7
170 171 1.2926751187124 18 1
171 1000001 1.4560957054094 19 1
170 1000001 1.3045898442259 17 0
132 1000003 1.301980651265 15 1
130 1000005 0.19952099455092 16 0
4 1000002 1.8963591418195 937 1
84 1000003 1.7864925077059 938 1
0
7
3
0
171
connections
0.7368398947385
step
0.315789
link
2.10525684211
enable
0.189999715
bias
0.421051368422
node
0.58317276571322
disable
0.37999943
done
9
170 171 1.1207731621754 18 1
170 1000001 1.1171977660146 17 0
41 1000001 0.096377452925199 793 1
171 1000001 -1.391464188818 19 1
132 1000003 0.39767397421186 15 0
29 1000005 -0.70682765681936 770 1
130 1000005 0.353666879635 16 1
13 1000005 -1.190038758507 792 1
150 1000006 -2.0292942074343 769 0
0
172
connections
0.73683878947866
step
0.3157885263165
link
2.1052536842247
enable
0.21052536842247
bias
0.46653751276326
node
0.52631342105618
disable
0.342949485575
done
15
170 171 0.91549664584669 18 1
171 172 1 921 1
171 1000001 -1.3234038899275 19 0
172 1000001 -1.3234038899275 922 1
170 1000001 1.0451404843006 17 0
41 1000001 0.096377452925199 793 1
132 1000003 0.47677162668602 15 0
141 1000004 -0.97116000854518 920 1
73 1000004 0.81221961119419 919 1
13 1000005 -1.190038758507 792 1
29 1000005 -0.35248878444777 770 1
130 1000005 0.37571115292297 16 1
150 1000006 -2.2341243601989 769 0
4 1000002 -0.90206610309152 939 1
64 1000001 1.4086733603931 940 1
0
171
connections
0.69999790000157
step
0.285
link
1.9999940000045
enable
0.19999940000045
bias
0.44321130194205
node
0.61386514837271
disable
0.3999988000009
done
12
170 171 0.86675463744011 18 1
170 1000001 1.0549303933531 17 0
41 1000001 0.18941755424665 793 1
171 1000001 -1.5723170285653 19 1
132 1000003 0.2464109656972 15 1
29 1000005 -0.9831124860683 770 1
130 1000005 0.17942434904019 16 1
13 1000005 -1.3781803338725 792 1
150 1000006 -2.2421026732688 769 0
66 1000001 1.0179143650624 947 1
152 1000005 1.1503646961882 948 1
170 1000002 -1.3116245002594 949 1
0
4
2
0
173
connections
0.7368398947385
step
0.285
link
2.10525684211
enable
0.189999715
bias
0.421051368422
node
0.5263142105275
disable
0.37999943
done
14
170 171 1.262289317009 18 1
31 171 -0.95736564226203 846 1
130 172 1 827 1
171 173 1 848 1
173 1000001 0.92766699632454 849 1
170 1000001 1.3170989167014 17 1
171 1000001 0.92766699632454 19 0
132 1000002 1.8717001861629 826 1
170 1000002 -0.93160802026429 847 0
36 1000002 -1.0262153996399 825 0
132 1000003 0.56021975517767 15 0
130 1000005 0.56767472144821 16 0
172 1000005 0.56767472144821 828 1
1000002 1000005 -0.53975035859249 845 1
0
174
connections
0.77561977839859
step
0.27075
link
1.9999940000045
enable
0.19999940000045
bias
0.3999988000009
node
0.55401412742756
disable
0.3609994585
done
16
170 171 1.1704142826757 18 1
31 171 -1.2137051683096 846 1
130 172 1.0959403744621 827 1
171 173 0.85183818323313 848 1
173 1000001 0.96170182557348 849 1
170 1000001 1.2807339534762 17 1
171 1000001 0.95193509380066 19 0
132 1000002 1.848093119602 826 1
170 1000002 -1.1684801858577 847 0
36 1000002 -0.99252761162145 825 0
132 1000003 0.44563830890551 15 1
130 1000005 0.50078665571134 16 0
172 1000005 0.58655541696505 828 1
1000002 1000005 -0.37590558336131 845 1
135 173 0.91305276650288 941 1
24 1000006 1.2203131199072 942 1
0
1
2
0
172
connections
0.7368398947385
step
0.33240897507
link
2.10525684211
enable
0.171475
bias
0.37999943
node
0.5263142105275
disable
0.37999943
done
12
170 171 0.85076471251564 18 1
95 171 0.2371288186285 911 1
166 171 1.0075380718406 910 1
128 172 1 913 1
10 1000001 -0.58980071413312 888 1
170 1000001 1.1982145265358 17 0
171 1000001 -0.62569048127689 19 1
172 1000002 -0.81014435254982 914 1
128 1000002 -0.81014435254982 887 0
170 1000003 0.98495437482833 912 1
132 1000003 0.26711746339305 15 1
130 1000005 0.63899655140843 16 1
0
173
connections
0.77561977839859
step
0.315789
link
2.2160565097102
enable
0.16290125
bias
0.3999988000009
node
0.55401412742756
disable
0.3609994585
done
16
170 171 1.1169788775903 18 1
95 171 0.10173285131382 911 0
166 171 1.1070250510269 910 1
128 172 1.127840238197 913 1
10 1000001 -0.89496928876614 888 1
170 1000001 1.3248211763054 17 0
171 1000001 -0.63801672814112 19 1
172 1000002 -0.73513639371929 914 1
128 1000002 -1.0132720344554 887 0
170 1000003 0.8823834245735 912 1
132 1000003 -0.23847163304544 15 1
130 1000005 0.63339721643727 16 1
171 1000005 -1.2725608081301 943 1
84 1000005 -0.58699301126133 944 1
95 173 1 945 1
173 171 0.10173285131382 946 1
