106
20000
6
20000
104
2
20000
171
connections
0.736841
step
0.315789
link
2.10526
enable
0.19
bias
0.38
node
0.526315
disable
0.38
done
5
170 171 1 18 1
171 1000001 1.2115237891781 19 1
170 1000001 1.2115237891781 17 0
132 1000003 0.3961912900174 15 0
130 1000005 0.28962065492721 16 1
0
172
connections
0.77562094183
step
0.29999955
link
2.2160598338
enable
0.1999997
bias
0.3999994
node
0.49999925
disable
0.361
done
7
170 171 -1.9144260994293 18 1
171 1000001 1.2120364993683 19 1
170 1000001 0.94569271113468 17 0
132 1000003 0.49605075508438 15 0
130 1000005 0.40686648876309 16 1
151 1000004 -0.86947233497116 2032 1
1000002 1000001 -1.7180089724418 2033 1
0
5
3
0
175
connections
0.81644187199851
step
0.2849995725
link
2.3326910628529
enable
0.210525684211
bias
0.37999943
node
0.4749992875
disable
0.34295
done
11
170 171 1.306322823086 18 1
107 171 -0.75859666248398 1900 1
138 175 1 1916 1
171 1000001 0.88390518212355 19 1
170 1000001 0.97627175398335 17 0
54 1000002 -0.45332193975646 1915 1
132 1000003 0.33045955475791 15 1
88 1000004 0.62654499954222 1914 1
138 1000004 -0.35766254358646 1899 0
175 1000004 -0.35766254358646 1917 1
130 1000005 0.08841426290376 16 1
0
175
connections
0.85941120772179
step
0.315789
link
2.2160565097102
enable
0.22160565097102
bias
0.3999988000009
node
0.49999850000112
disable
0.3258025
done
13
170 171 1.306322823086 18 1
107 171 -0.75859666248398 1900 1
138 175 1 1916 1
171 1000001 0.88390518212355 19 1
170 1000001 0.97627175398335 17 0
54 1000002 -0.45332193975646 1915 1
132 1000003 0.33045955475791 15 1
88 1000004 0.62654499954222 1914 1
138 1000004 -0.35766254358646 1899 1
175 1000004 -0.35766254358646 1917 1
130 1000005 0.08841426290376 16 1
17 171 -1.63133640553 2039 1
130 1000001 -0.10748619037446 2040 1
0
176
connections
0.85941120772179
step
0.270749593875
link
2.4554605934908
enable
0.19999940000045
bias
0.3999988000009
node
0.49999850000112
disable
0.3258025
done
15
170 171 1.5229505919577 18 1
107 171 -0.75837356488473 1900 1
138 175 0.93666507043514 1916 1
171 1000001 -0.11456648457289 19 0
170 1000001 0.73716896770567 17 0
54 1000002 -0.25523606024459 1915 1
132 1000003 0.27282600828499 15 1
88 1000004 0.60285533965149 1914 1
138 1000004 -0.38614467042404 1899 0
175 1000004 -0.23214122394917 1917 1
130 1000005 -0.05029460371142 16 1
91 1000002 -0.0057985168004395 2050 1
127 171 1.9205298013245 2051 1
171 176 1 2052 1
176 1000001 -0.11456648457289 2053 1
0
2
1
0
173
connections
0.7368398947385
step
0.3157885263165
link
2.3326910628529
enable
0.171475
bias
0.37999943
node
0.5263142105275
disable
0.37999943
done
11
170 171 0.93033938628614 18 1
123 173 1 1986 1
171 1000001 1.4209154732285 19 0
170 1000001 1.5020045158759 17 0
18 1000001 1.3848689230018 1985 1
173 1000002 0.023743400372326 1987 1
123 1000002 0.023743400372326 1984 0
38 1000003 0.59162775674242 1967 1
132 1000003 0.3713364479699 15 0
130 1000005 0.55664396187174 16 1
75 1000005 -1.2672627508586 1966 1
0
1
2
0
178
connections
0.85940991860498
step
0.24435150847219
link
2.2160531856255
enable
0.19999910000135
bias
0.3999982000027
node
0.55401329640637
disable
0.36099891700081
done
22
170 171 1.460486424717 18 1
107 171 -0.89799492133803 1900 1
20 175 -0.57345777335135 1996 1
170 175 -1.5195669926566 1972 1
138 175 0.99238615405285 1916 1
54 176 1.1812632256976 1973 1
132 178 1 2017 1
171 1000001 -1.1983430440831 19 1
170 1000001 0.6860417528571 17 0
176 1000002 -0.18822115643729 1974 1
54 1000002 -0.36218374042847 1915 0
132 1000003 0.21981663467179 15 0
120 1000003 1.9708673289896 1971 1
178 1000003 0.21981663467179 2018 1
175 1000004 -0.29353770391995 1917 1
89 1000004 -0.46699875773308 1995 1
138 1000004 -0.091553028603712 1899 0
88 1000004 0.4067427377478 1914 0
21 1000005 -0.78145695364238 2015 1
130 1000005 -0.032430373309253 16 1
89 1000006 -1.4513992736595 2016 1
18 1000006 -0.034747799005692 1970 1
0
179
connections
0.90464066262116
step
0.25721172836308
link
2.332684064785
enable
0.21052505263442
bias
0.42105010526884
node
0.52631263158605
disable
0.34294897115077
done
26
170 171 1.4248251532563 18 1
107 171 -1.7195959349345 1900 1
20 175 -0.45209327455007 1996 1
170 175 -1.5713829849331 1972 1
138 175 1.0766999812066 1916 1
54 176 1.4277522384949 1973 1
132 178 1.1468289858404 2017 1
171 1000001 -1.012391060893 19 1
170 1000001 1.2062746055483 17 0
176 1000002 -0.20135373560387 1974 0
54 1000002 -0.29510789525307 1915 0
132 1000003 0.29800768134144 15 0
120 1000003 1.6690572832423 1971 1
178 1000003 0.20776731666778 2018 1
175 1000004 -0.10048957514304 1917 1
89 1000004 -0.67598181520585 1995 1
138 1000004 1.4483474227119 1899 0
88 1000004 0.22826368663567 1914 0
21 1000005 -0.73041023378567 2015 1
130 1000005 -0.27307919549093 16 1
89 1000006 -1.4820681241101 2016 1
18 1000006 -0.034316064484375 1970 1
108 171 1.9196752830592 2046 1
128 171 -1.7878353221229 2047 1
176 179 1 2048 1
179 1000002 -0.20135373560387 2049 1
0
0
1
0
172
connections
0.69999895
step
0.29999955
link
1.999997
enable
0.1999997
bias
0.3999994
node
0.49999925
disable
0.3999994
done
10
170 171 1 18 1
171 1000001 1.2115237891781 19 1
170 1000001 1.2115237891781 17 0
132 1000003 0.3961912900174 15 0
130 1000005 0.28962065492721 16 1
108 1000004 0.77327799310282 2034 0
122 1000005 -0.58052308725242 2035 1
170 1000005 1.7106845301675 2036 1
108 172 1 2037 1
172 1000004 0.77327799310282 2038 1
0
0
1
0
177
connections
0.73683878947866
step
0.28499914500064
link
2.3326875638163
enable
0.21052536842247
bias
0.37999886000085
node
0.47499857500107
disable
0.342949485575
done
21
170 171 1.4356844455596 18 1
107 171 -0.90544076066342 1900 1
25 171 -0.11023302414105 2020 1
176 175 -1.8746299630726 2023 1
138 175 1.130040046904 1916 0
138 176 1.2120772164846 2022 1
171 1000001 0.6315399917737 19 1
170 1000001 0.72041006849234 17 0
19 1000001 0.60568892453191 2019 1
54 1000002 -0.66218098907133 1915 1
132 1000003 0.36127567984526 15 1
170 1000003 0.25981546720271 2021 1
88 1000004 0.49158202664342 1914 1
138 1000004 -0.36108075898565 1899 0
175 1000004 -0.73409222693564 1917 1
130 1000005 0.37129115712221 16 1
127 1000002 -0.74080629902036 2041 0
109 1000005 1.254982146672 2042 1
111 1000001 1.1121555223243 2043 1
127 177 1 2044 1
177 1000002 -0.74080629902036 2045 1
