84
20000
4
20000
82
4
20000
171
connections
0.736841
step
0.315789
link
2.10526
enable
0.19
bias
0.38
node
0.526315
disable
0.38
done
5
170 171 1 18 1
171 1000001 1.2115237891781 19 1
170 1000001 1.2115237891781 17 0
132 1000003 0.3961912900174 15 0
130 1000005 0.28962065492721 16 1
0
173
connections
0.77562094183
step
0.29999955
link
2.2160598338
enable
0.1805
bias
0.361
node
0.55401495845
disable
0.361
done
8
170 171 1.1543715449248 18 1
171 1000001 1.3771017139729 19 1
170 1000001 1.4337928121387 17 0
132 1000003 0.45139003530839 15 0
130 1000005 0.28112431463363 16 0
67 1000003 0.35517441328166 1586 1
83 1000001 -0.63386944181646 1587 1
170 1000002 0.27484969634083 1588 1
0
172
connections
0.77562094183
step
0.29999955
link
2.2160598338
enable
0.1999997
bias
0.361
node
0.49999925
disable
0.361
done
7
170 171 1.2319555833384 18 0
171 1000001 1.2115237891781 19 1
170 1000001 1.2147190723273 17 1
132 1000003 0.3961912900174 15 0
130 1000005 0.28962065492721 16 1
1000002 1000003 1.5832392345958 1591 1
86 1000001 1.8612018189032 1592 1
0
171
connections
0.77562094183
step
0.29999955
link
1.999997
enable
0.1805
bias
0.3999994
node
0.55401495845
disable
0.3999994
done
8
170 171 1.5307473982971 18 1
171 1000001 1.1143743636876 19 1
170 1000001 1.3272589590609 17 0
132 1000003 0.46598396464888 15 0
130 1000005 0.18813150389874 16 1
157 1000004 -0.65511032441176 1599 1
60 1000004 0.23187963499863 1600 1
170 1000006 0.6994232001709 1601 1
0
12
3
0
172
connections
0.7368398947385
step
0.285
link
2.10525684211
enable
0.210525684211
bias
0.37999943
node
0.4749992875
disable
0.37999943
done
11
170 171 1.2755247149312 18 1
143 171 -1.3339640491958 1340 1
130 172 1 1341 1
171 1000001 1.5398850845622 19 1
115 1000001 -1.3842585528123 1339 1
170 1000001 0.78763886488083 17 0
96 1000002 0.25515472884304 1325 1
132 1000003 -1.6801660206915 15 0
100 1000004 -0.99269188512833 1326 1
130 1000005 0.20697511784265 16 0
172 1000005 0.20697511784265 1342 1
0
173
connections
0.77561977839859
step
0.29999955
link
1.9999940000045
enable
0.22160565097102
bias
0.3999988000009
node
0.49999850000112
disable
0.3609994585
done
15
170 171 1.2755247149312 18 1
143 171 -1.3339640491958 1340 1
130 172 1 1341 1
171 1000001 1.5398850845622 19 0
115 1000001 -1.3842585528123 1339 1
170 1000001 0.78763886488083 17 0
96 1000002 0.25515472884304 1325 1
132 1000003 -1.6801660206915 15 0
100 1000004 -0.99269188512833 1326 1
130 1000005 0.20697511784265 16 0
172 1000005 0.20697511784265 1342 1
80 172 -1.6446424756615 1593 0
166 172 0.75154881435591 1594 1
80 173 1 1595 1
173 172 -1.6446424756615 1596 1
0
172
connections
0.8164406473357
step
0.2849995725
link
2.1052536842247
enable
0.18999943000043
bias
0.37999886000085
node
0.47499857500107
disable
0.342949485575
done
15
170 171 1.4473650284768 18 1
143 171 -1.2449447424345 1340 1
130 172 0.89635014174169 1341 1
170 1000001 0.57934119460128 17 0
171 1000001 1.7529619462569 19 1
115 1000001 -1.6181367993637 1339 0
96 1000002 0.082746771872616 1325 1
132 1000003 -1.4130531671728 15 0
74 1000004 0.20722067934202 1571 1
37 1000004 -0.85775322733238 1572 1
100 1000004 -0.81867255327464 1326 1
172 1000005 -0.028184904184087 1342 1
130 1000005 0.072489403863643 16 0
133 171 -1.4488357188635 1597 1
130 171 0.85946226386303 1598 1
0
7
2
0
172
connections
0.7368398947385
step
0.315789
link
2.10525684211
enable
0.171475
bias
0.421051368422
node
0.58317276571322
disable
0.37999943
done
13
170 171 1.0588556603595 18 1
101 171 -1.8399609363079 1429 1
4 171 0.17120883816034 1448 1
37 172 1 1451 1
37 1000001 1.2662129581591 1449 0
172 1000001 1.2662129581591 1452 1
170 1000001 1.2276664502396 17 1
171 1000001 1.4799738332774 19 1
132 1000003 0.36029193929868 15 0
28 1000004 1.1338847010712 1430 1
1000001 1000005 1.0840784936064 1450 1
130 1000005 0.10877466399121 16 1
143 1000006 0.10724204229865 1428 1
0
173
connections
0.77561977839859
step
0.315789
link
2.2160565097102
enable
0.16290125
bias
0.3999988000009
node
0.61386514837271
disable
0.3609994585
done
15
170 171 1.0588556603595 18 1
101 171 -1.8399609363079 1429 1
4 171 0.17120883816034 1448 1
37 172 1 1451 1
37 1000001 1.2662129581591 1449 0
172 1000001 1.2662129581591 1452 1
170 1000001 1.2276664502396 17 1
171 1000001 1.4799738332774 19 1
132 1000003 0.36029193929868 15 0
28 1000004 1.1338847010712 1430 1
1000001 1000005 1.0840784936064 1450 1
130 1000005 0.10877466399121 16 1
143 1000006 0.10724204229865 1428 1
23 172 -0.34882656331065 1602 1
1000003 1000003 1.495223853267 1603 1
0
0
1
0
172
connections
0.7368398947385
step
0.315789
link
2.10525684211
enable
0.210525684211
bias
0.34295
node
0.5263142105275
disable
0.37999943
done
9
170 171 0.95311641170232 18 1
171 1000001 0.37470557392651 19 0
170 1000001 1.5186347837138 17 1
132 1000003 0.31323680511032 15 0
3 1000004 -0.37585271501816 1563 1
99 1000005 0.25241092852565 1562 1
130 1000005 1.9128391369366 16 1
48 1000006 0.21796319467757 1589 1
1000001 1000005 -0.62300485244301 1590 1
