180
20000
6
20000
178
1
20000
171
connections
0.736841
step
0.315789
link
2.10526
enable
0.19
bias
0.38
node
0.526315
disable
0.38
done
5
170 171 1 18 1
171 1000001 1.2115237891781 19 1
170 1000001 1.2115237891781 17 0
132 1000003 0.3961912900174 15 0
130 1000005 0.28962065492721 16 1
0
14
4
0
172
connections
0.7368398947385
step
0.315789
link
1.89999715
enable
0.189999715
bias
0.34295
node
0.4749992875
disable
0.37999943
done
10
170 171 0.88870181186307 18 1
129 171 -1.5197607348857 3204 1
171 1000001 1.2115237891781 19 1
170 1000001 1.2115237891781 17 1
45 1000003 -1.8813440351573 3205 1
132 1000003 0.3961912900174 15 0
130 1000005 0.28962065492721 16 1
117 1000006 -1.4764244514298 3190 1
148 1000006 0.40314951017792 3189 1
170 1000006 0.25165562913907 3206 0
0
173
connections
0.77561977839859
step
0.33240897507
link
1.9999940000045
enable
0.18049972925
bias
0.3258025
node
0.49999850000112
disable
0.3999988000009
done
14
170 171 0.81660395164326 18 1
129 171 -1.3423210735512 3204 1
171 1000001 1.3888417149952 19 1
170 1000001 1.1320203516458 17 1
45 1000003 -1.8033217130875 3205 1
132 1000003 0.56421673800117 15 1
130 1000005 -1.0483108005005 16 0
117 1000006 -1.7100653433283 3190 1
148 1000006 0.42945452657724 3189 1
170 1000006 0.26649721764359 3206 0
161 1000005 -0.127140110477 3479 1
1000002 1000003 0.7849971007416 3480 1
130 173 1 3481 1
173 1000005 -1.0483108005005 3482 1
0
173
connections
0.69999790000157
step
0.33240897507
link
1.8049972925
enable
0.19999940000045
bias
0.3258025
node
0.451249323125
disable
0.3609994585
done
12
170 171 0.6172417525382 18 1
129 171 -1.5157130289299 3204 1
171 1000001 1.5354924350371 19 1
170 1000001 0.95783711540344 17 1
45 1000003 -1.6707111560601 3205 1
132 1000003 0.45905941953795 15 1
130 1000005 -0.018319481131927 16 1
117 1000006 -1.3699971752843 3190 1
148 1000006 0.49147877272666 3189 1
170 1000006 0.007565771991355 3206 0
105 1000002 0.46821497238075 3483 1
102 1000006 0.95773186437574 3484 1
0
173
connections
0.77561977839859
step
0.33240897507
link
1.9999940000045
enable
0.18049972925
bias
0.3609994585
node
0.451249323125
disable
0.3609994585
done
14
170 171 0.88870181186307 18 1
129 171 -1.5197607348857 3204 1
171 1000001 1.2115237891781 19 1
170 1000001 1.2115237891781 17 1
45 1000003 -1.8813440351573 3205 1
132 1000003 0.3961912900174 15 0
130 1000005 0.28962065492721 16 1
117 1000006 -1.4764244514298 3190 0
148 1000006 0.40314951017792 3189 1
170 1000006 0.25165562913907 3206 0
98 1000003 -1.3444624164556 3487 0
148 1000003 1.6111941892758 3488 1
98 173 1 3489 1
173 1000003 -1.3444624164556 3490 1
0
13
2
0
174
connections
0.7368398947385
step
0.315789
link
1.89999715
enable
0.210525684211
bias
0.37999943
node
0.4749992875
disable
0.37999943
done
11
170 171 1.26116416245 18 1
170 173 -1.1294900357067 3222 1
112 173 1.2381500283517 3211 1
170 1000001 0.98171975753044 17 0
171 1000001 1.4877030357677 19 1
112 1000001 -0.3511487554857 3210 0
173 1000001 0.08887609152501 3212 1
134 1000003 0.40517640433973 3209 1
113 1000003 0.078554643391217 3223 1
132 1000003 0.46863569789727 15 0
130 1000005 0.0024547614062931 16 1
0
175
connections
0.77561977839859
step
0.33240897507
link
1.8049972925
enable
0.19999940000045
bias
0.3999988000009
node
0.451249323125
disable
0.3609994585
done
13
170 171 1.2280419570726 18 1
170 173 -1.2148976458362 3222 1
112 173 1.4532059645835 3211 1
170 1000001 1.1408585127391 17 0
171 1000001 1.3614328702751 19 1
112 1000001 -0.27164531795332 3210 0
173 1000001 1.8638874477371 3212 1
134 1000003 0.18253228751911 3209 1
113 1000003 -0.2462458618371 3223 1
132 1000003 0.7756425283225 15 0
130 1000005 -0.23518311331568 16 1
15 171 -1.0617389446699 3485 1
117 1000005 1.3786431470687 3486 1
0
0
1
0
172
connections
0.77562094183
step
0.29999955
link
1.999997
enable
0.1805
bias
0.3999994
node
0.49999925
disable
0.361
done
9
170 171 1.2370643741615 18 1
171 1000001 0.93650054986877 19 1
170 1000001 -1.3215124973296 17 0
132 1000003 0.36970122379223 15 0
130 1000005 0.91940061647389 16 0
2 1000003 -0.64998321481979 3467 1
155 1000004 1.4665364543596 3468 0
155 172 1 3469 1
172 1000004 1.4665364543596 3470 1
0
0
1
0
171
connections
0.7368398947385
step
0.2849995725
link
2.3326910628529
enable
0.189999715
bias
0.34295
node
0.58317276571322
disable
0.421051368422
done
10
170 171 0.87677697245651 18 1
56 171 2.0647810486762 3450 1
170 1000001 0.99430541936728 17 1
171 1000001 1.0625077768554 19 1
132 1000003 0.30383433147366 15 0
130 1000005 -0.074396713410977 16 1
71 1000006 -1.5371575941327 3451 1
2 1000006 1.0254829554125 3471 1
52 1000004 -1.8922086245308 3472 1
99 1000005 0.14667195654164 3473 1
0
0
1
0
172
connections
0.77562094183
step
0.29999955
link
2.2160598338
enable
0.1805
bias
0.3999994
node
0.49999925
disable
0.3999994
done
10
170 171 1.1622636196371 18 1
171 1000001 1.3005430959395 19 1
170 1000001 1.0939392003952 17 0
132 1000003 0.6384743214713 15 0
130 1000005 0.45924532800836 16 0
132 1000006 -0.60213019196142 3474 1
1000001 1000002 -1.8815881832331 3475 1
170 1000005 0.7299417096469 3476 1
130 172 1 3477 1
172 1000005 0.45924532800836 3478 0
