176
20000
5
20000
174
3
20000
171
connections
0.736841
step
0.315789
link
2.10526
enable
0.19
bias
0.38
node
0.526315
disable
0.38
done
5
170 171 1 18 1
171 1000001 1.2115237891781 19 1
170 1000001 1.2115237891781 17 0
132 1000003 0.3961912900174 15 0
130 1000005 0.28962065492721 16 1
0
172
connections
0.77562094183
step
0.29999955
link
2.2160598338
enable
0.1805
bias
0.361
node
0.49999925
disable
0.3999994
done
7
170 171 1.2339331797861 18 1
171 1000001 1.0937927117695 19 1
170 1000001 0.9180612941023 17 0
132 1000003 1.1814935758538 15 0
130 1000005 0.51445322883847 16 1
161 1000003 -0.39680166020692 3400 1
32 1000003 0.65840632343516 3401 1
0
172
connections
0.77562094183
step
0.285
link
2.2160598338
enable
0.1805
bias
0.3999994
node
0.55401495845
disable
0.3999994
done
8
170 171 0.7743710135197 18 1
171 1000001 1.0782651753288 19 1
170 1000001 1.1658517715995 17 0
132 1000003 0.21897412030396 15 0
130 1000005 0.43121173741874 16 1
169 1000003 -0.88570818201239 3406 0
82 1000004 1.9354228339488 3407 1
1 1000004 -0.849330118717 3408 1
0
10
3
0
172
connections
0.7368398947385
step
0.315789
link
1.89999715
enable
0.189999715
bias
0.34295
node
0.4749992875
disable
0.37999943
done
10
170 171 0.88870181186307 18 1
129 171 -1.5197607348857 3204 1
171 1000001 1.2115237891781 19 1
170 1000001 1.2115237891781 17 1
45 1000003 -1.8813440351573 3205 1
132 1000003 0.3961912900174 15 0
130 1000005 0.28962065492721 16 1
117 1000006 -1.4764244514298 3190 1
148 1000006 0.40314951017792 3189 1
170 1000006 0.25165562913907 3206 0
0
174
connections
0.69999790000157
step
0.29999955
link
1.9999940000045
enable
0.18049972925
bias
0.3258025
node
0.49999850000112
disable
0.3999988000009
done
14
170 171 0.99561104204435 18 1
129 171 -1.6331414856059 3204 1
171 1000001 1.1541277145009 19 1
170 1000001 1.0332929093341 17 1
45 1000003 -1.8558371850688 3205 1
132 1000003 0.55418842842952 15 0
130 1000005 0.65279091769158 16 0
117 1000006 -1.4683034882397 3190 1
148 1000006 0.45409141165349 3189 1
170 1000006 0.14366604534288 3206 0
28 1000004 -0.51496932889798 3402 1
1000006 1000006 -1.6546525467696 3403 1
130 174 1 3404 1
174 1000005 0.65279091769158 3405 1
0
172
connections
0.77561977839859
step
0.33240897507
link
1.9999940000045
enable
0.19999940000045
bias
0.3258025
node
0.49999850000112
disable
0.3999988000009
done
12
170 171 0.88870181186307 18 1
129 171 -1.5197607348857 3204 1
171 1000001 1.2115237891781 19 1
170 1000001 1.2115237891781 17 1
45 1000003 -1.8813440351573 3205 1
132 1000003 0.3961912900174 15 0
130 1000005 0.28962065492721 16 1
117 1000006 -1.4764244514298 3190 1
148 1000006 0.40314951017792 3189 1
170 1000006 0.25165562913907 3206 0
15 1000001 1.7109286782434 3413 1
161 1000004 -0.38373973815119 3414 1
0
9
1
0
174
connections
0.7368398947385
step
0.315789
link
1.89999715
enable
0.210525684211
bias
0.37999943
node
0.4749992875
disable
0.37999943
done
11
170 171 1.26116416245 18 1
170 173 -1.1294900357067 3222 1
112 173 1.2381500283517 3211 1
170 1000001 0.98171975753044 17 0
171 1000001 1.4877030357677 19 1
112 1000001 -0.3511487554857 3210 0
173 1000001 0.08887609152501 3212 1
134 1000003 0.40517640433973 3209 1
113 1000003 0.078554643391217 3223 1
132 1000003 0.46863569789727 15 0
130 1000005 0.0024547614062931 16 1
0
1
2
0
173
connections
0.6649990025
step
0.285
link
2.3326910628529
enable
0.189999715
bias
0.34295
node
0.5263142105275
disable
0.421051368422
done
11
170 171 0.57883718257241 18 1
127 171 1.3266537980285 3359 1
171 173 1 3377 1
171 1000001 1.0043028157155 19 0
173 1000001 1.0043028157155 3378 1
170 1000001 1.5677373055773 17 0
5 1000002 1.4223456526383 3375 1
132 1000003 0.29619220356609 15 1
122 1000004 0.9303404339732 3360 1
130 1000005 0.053867116012259 16 1
140 1000005 1.603259376812 3376 1
0
174
connections
0.631749052375
step
0.29999955
link
2.2160565097102
enable
0.18049972925
bias
0.3258025
node
0.49999850000112
disable
0.44321130194205
done
15
170 171 0.50190318743553 18 1
127 171 1.5654394135426 3359 1
171 173 0.85467412771538 3377 1
171 1000001 0.9351327177435 19 0
173 1000001 1.2731918438216 3378 1
170 1000001 1.6521971538621 17 0
5 1000002 1.6984126234062 3375 1
132 1000003 1.9946287423322 15 1
122 1000004 0.85670243291574 3360 1
130 1000005 -0.22943273065207 16 1
140 1000005 1.7122560699103 3376 1
49 1000001 0.63216040528581 3409 1
116 1000003 -1.3920712912381 3410 0
116 174 1 3411 1
174 1000003 -1.3920712912381 3412 1
0
0
1
0
172
connections
0.69999895
step
0.33240897507
link
2.2160598338
enable
0.1999997
bias
0.3999994
node
0.55401495845
disable
0.3999994
done
10
170 171 0.91583003429805 18 0
171 1000001 1.2186960400822 19 1
170 1000001 1.2783058651352 17 0
132 1000003 1.6100955229347 15 0
130 1000005 0.23949605561019 16 1
86 1000006 -0.20453505050813 3395 1
56 1000006 1.1349833674123 3396 1
170 1000003 -0.8616595965453 3397 1
170 172 1 3398 1
172 171 0.91583003429805 3399 1
