136
20000
4
20000
134
4
20000
171
connections
0.736841
step
0.315789
link
2.10526
enable
0.19
bias
0.38
node
0.526315
disable
0.38
done
5
170 171 1 18 1
171 1000001 1.2115237891781 19 1
170 1000001 1.2115237891781 17 0
132 1000003 0.3961912900174 15 0
130 1000005 0.28962065492721 16 1
0
172
connections
0.69999895
step
0.33240897507
link
1.999997
enable
0.1999997
bias
0.361
node
0.55401495845
disable
0.3999994
done
7
170 171 0.94752184734528 18 1
171 1000001 0.91463972899564 19 1
170 1000001 1.4620859180045 17 0
132 1000003 -1.341410565508 15 0
130 1000005 0.060179638381354 16 1
4 1000005 -0.09149449140904 2641 1
1000003 1000003 -1.6805322428053 2642 1
0
172
connections
0.77562094183
step
0.29999955
link
2.2160598338
enable
0.1805
bias
0.3999994
node
0.55401495845
disable
0.3999994
done
7
170 171 1.2940118274224 18 1
171 1000001 1.5022579335994 19 1
170 1000001 0.37897885067293 17 0
132 1000003 0.17785914887387 15 0
130 1000005 0.27373579457228 16 1
155 171 -0.95712149418622 2643 1
73 1000003 0.26520584734642 2644 1
0
171
connections
0.69999895
step
0.315789
link
1.999997
enable
0.1805
bias
0.3999994
node
0.55401495845
disable
0.3999994
done
7
170 171 1.151143494583 18 1
171 1000001 1.4783932981048 19 1
170 1000001 1.5066887326579 17 0
132 1000003 0.38407706616413 15 0
130 1000005 0.0070807180089726 16 1
65 1000004 -1.2061525315104 2650 1
94 1000003 -1.7521897030549 2651 1
0
10
2
0
172
connections
0.7368398947385
step
0.285
link
1.89999715
enable
0.189999715
bias
0.34295
node
0.5263142105275
disable
0.37999943
done
10
170 171 1.1826862418821 18 1
152 172 1 2451 1
170 1000001 1.1028778954436 17 0
38 1000001 -0.037171544541765 2450 1
171 1000001 0.91047123001812 19 1
132 1000003 0.82332667012543 15 0
130 1000005 0.55033748023167 16 1
161 1000006 0.85765541550951 2423 1
152 1000006 -0.94525391399884 2424 0
172 1000006 -0.94525391399884 2452 1
0
173
connections
0.69999790000157
step
0.27075
link
1.9999940000045
enable
0.19999940000045
bias
0.3609994585
node
0.55401412742756
disable
0.3999988000009
done
15
170 171 1.3773681093097 18 1
152 172 1.2289067430647 2451 1
170 1000001 -0.051942503128147 17 0
38 1000001 -0.24029808191168 2450 1
171 1000001 0.78979177355277 19 1
132 1000003 0.96370484786523 15 0
130 1000005 0.70972029678491 16 1
161 1000006 0.9124466154973 2423 0
152 1000006 -1.0620498138371 2424 0
172 1000006 -1.0741632053591 2452 1
151 1000003 1.8231147190771 2645 1
102 1000005 -1.4242988372448 2646 1
170 1000005 -1.150730918302 2647 1
161 173 1 2648 1
173 1000006 0.9124466154973 2649 1
0
6
1
0
174
connections
0.81644187199851
step
0.3157885263165
link
2.3326910628529
enable
0.171475
bias
0.421051368422
node
0.5263142105275
disable
0.37999943
done
11
170 171 1.3010392539127 18 1
59 171 0.27497548786369 2504 1
171 173 0.91784120649287 2506 1
173 1000001 1.1837452657861 2507 1
1 1000001 0.057606263943219 2505 1
170 1000001 0.94582281772288 17 0
1000006 1000001 0.16779076509903 2518 1
171 1000001 1.1403455393465 19 1
132 1000003 0.11470986144838 15 0
130 1000005 0.36043572713171 16 1
131 1000006 -0.82320627460555 2519 1
0
1
3
0
172
connections
0.7368398947385
step
0.285
link
2.10525684211
enable
0.210525684211
bias
0.421051368422
node
0.5263142105275
disable
0.37999943
done
12
170 171 0.79379373374963 18 1
151 171 1.0530214850307 2604 1
171 172 1 2620 1
171 1000001 1.1696231171363 19 0
172 1000001 1.1696231171363 2621 1
170 1000001 1.0530790440794 17 0
162 1000002 0.82503738517411 2617 1
170 1000003 -0.74691000091556 2619 1
132 1000003 0.24703361205821 15 1
135 1000003 1.8821985534227 2618 1
168 1000003 1.7610597552416 2603 1
130 1000005 -0.29911816766869 16 1
0
172
connections
0.69999790000157
step
0.315789
link
1.9999940000045
enable
0.22160565097102
bias
0.44321130194205
node
0.55401412742756
disable
0.3999988000009
done
15
170 171 0.67412601888407 18 1
151 171 1.0052295708792 2604 1
171 172 0.85230669804987 2620 1
171 1000001 0.88467382782079 19 0
172 1000001 1.2190341160986 2621 1
170 1000001 0.97034188275854 17 0
162 1000002 0.92895757277139 2617 1
170 1000003 -0.80780879210791 2619 1
132 1000003 -0.054125800185816 15 1
135 1000003 1.9437526884671 2618 1
168 1000003 1.6443410877102 2603 1
130 1000005 -0.099941823694571 16 1
100 1000005 -0.64961699270608 2652 1
61 1000006 -1.9437238685263 2653 1
170 1000005 -1.0697958311716 2654 1
0
172
connections
0.77561977839859
step
0.29999955
link
1.9999940000045
enable
0.19999940000045
bias
0.44321130194205
node
0.55401412742756
disable
0.3609994585
done
14
170 171 0.78951809698551 18 1
151 171 0.78665938571886 2604 1
171 172 0.71098709693136 2620 1
171 1000001 1.3311176714882 19 0
172 1000001 1.1955320902127 2621 1
170 1000001 1.1317159694906 17 0
162 1000002 0.65806781843471 2617 1
170 1000003 -0.67253955672933 2619 1
132 1000003 0.30693830445147 15 1
135 1000003 2.0783010456084 2618 1
168 1000003 1.4663521068468 2603 1
130 1000005 -0.47971117660298 16 1
105 171 0.11749626148259 2655 1
59 1000004 1.3314004943999 2656 1
