76
20000
4
20000
74
3
20000
171
connections
0.736841
step
0.315789
link
2.10526
enable
0.19
bias
0.38
node
0.526315
disable
0.38
done
5
170 171 1 18 1
171 1000001 1.2115237891781 19 1
170 1000001 1.2115237891781 17 0
132 1000003 0.3961912900174 15 0
130 1000005 0.28962065492721 16 1
0
171
connections
0.69999895
step
0.315789
link
2.2160598338
enable
0.1805
bias
0.3999994
node
0.55401495845
disable
0.3999994
done
8
170 171 1.0588556603595 18 1
171 1000001 1.4799738332774 19 1
170 1000001 1.2276664502396 17 1
132 1000003 0.36029193929868 15 0
130 1000005 0.10877466399121 16 1
143 1000006 0.10724204229865 1428 1
101 171 -1.8399609363079 1429 1
28 1000004 1.1338847010712 1430 1
0
172
connections
0.77562094183
step
0.33240897507
link
1.999997
enable
0.1805
bias
0.3999994
node
0.49999925
disable
0.361
done
9
170 171 1 18 1
171 1000001 1.2115237891781 19 1
170 1000001 1.2115237891781 17 0
132 1000003 0.3961912900174 15 0
130 1000005 0.28962065492721 16 1
76 1000003 -1.9407940916166 1431 1
51 1000002 -1.4650715659047 1432 0
51 172 1 1433 1
172 1000002 -1.4650715659047 1434 1
0
11
3
0
173
connections
0.7368398947385
step
0.285
link
1.89999715
enable
0.189999715
bias
0.34295
node
0.5263142105275
disable
0.34295
done
13
170 171 1.047317893053 18 0
172 171 1.047317893053 1215 1
170 172 1 1214 1
37 173 1 1235 1
68 1000001 1.0458693197424 1212 1
170 1000001 1.0701164876324 17 0
171 1000001 1.4807424166921 19 0
44 1000001 0.98361156041139 1234 1
16 1000001 0.50556962797937 1233 1
132 1000003 0.35355394438459 15 0
37 1000004 -1.5058442945647 1213 0
173 1000004 -1.5058442945647 1236 1
130 1000005 0.30762960035554 16 1
0
174
connections
0.77561977839859
step
0.27075
link
1.9999940000045
enable
0.18049972925
bias
0.3258025
node
0.55401412742756
disable
0.3609994585
done
15
170 171 1.047317893053 18 1
172 171 1.047317893053 1215 1
170 172 1 1214 1
37 173 1 1235 1
68 1000001 1.0458693197424 1212 1
170 1000001 1.0701164876324 17 0
171 1000001 1.4807424166921 19 0
44 1000001 0.98361156041139 1234 1
16 1000001 0.50556962797937 1233 1
132 1000003 0.35355394438459 15 0
37 1000004 -1.5058442945647 1213 0
173 1000004 -1.5058442945647 1236 1
130 1000005 0.30762960035554 16 1
47 1000005 1.0321970274972 1435 1
27 1000002 1.1534165471358 1436 1
0
173
connections
0.77561977839859
step
0.29999955
link
1.9999940000045
enable
0.18049972925
bias
0.3609994585
node
0.49999850000112
disable
0.3609994585
done
15
170 171 1.047317893053 18 0
172 171 1.047317893053 1215 1
170 172 1 1214 1
37 173 1 1235 1
68 1000001 1.0458693197424 1212 1
170 1000001 1.0701164876324 17 0
171 1000001 1.4807424166921 19 0
44 1000001 0.98361156041139 1234 0
16 1000001 0.50556962797937 1233 1
132 1000003 0.35355394438459 15 0
37 1000004 -1.5058442945647 1213 0
173 1000004 -1.5058442945647 1236 1
130 1000005 0.30762960035554 16 1
9 173 0.56807153538621 1437 1
1000004 1000004 1.1841792046876 1438 1
0
4
3
0
172
connections
0.7368398947385
step
0.285
link
2.10525684211
enable
0.210525684211
bias
0.37999943
node
0.4749992875
disable
0.37999943
done
11
170 171 1.2755247149312 18 1
143 171 -1.3339640491958 1340 1
130 172 1 1341 1
115 1000001 -1.3842585528123 1339 1
170 1000001 0.78763886488083 17 0
171 1000001 1.5398850845622 19 1
96 1000002 0.25515472884304 1325 1
132 1000003 -1.6801660206915 15 0
100 1000004 -0.99269188512833 1326 1
130 1000005 0.20697511784265 16 0
172 1000005 0.20697511784265 1342 1
0
172
connections
0.69999790000157
step
0.29999955
link
1.9999940000045
enable
0.19999940000045
bias
0.3999988000009
node
0.49999850000112
disable
0.3609994585
done
13
170 171 1.2836273670431 18 1
143 171 1.8970915860469 1340 1
130 172 0.79096988659169 1341 1
115 1000001 -1.5087830402402 1339 1
170 1000001 1.020162091644 17 0
171 1000001 -1.9156468398083 19 1
96 1000002 0.38420205259102 1325 1
132 1000003 -1.5111273021134 15 0
100 1000004 -1.1010476904889 1326 1
130 1000005 0.24170207768487 16 0
172 1000005 0.45244427690664 1342 1
78 1000004 -1.5180516983551 1439 1
1000005 1000006 1.1029999694815 1440 1
0
172
connections
0.77561977839859
step
0.285
link
2.2160565097102
enable
0.19999940000045
bias
0.3609994585
node
0.451249323125
disable
0.3609994585
done
14
170 171 1.240943632313 18 1
143 171 -1.3496287423322 1340 1
130 172 0.72047959837642 1341 1
115 1000001 -1.2749536118656 1339 1
170 1000001 0.73363437865993 17 0
171 1000001 1.5228809340449 19 1
96 1000002 0.026064027832881 1325 1
132 1000003 -1.720758537553 15 0
100 1000004 -1.661732840968 1326 1
130 1000005 0.036159510676901 16 0
172 1000005 -0.052836125176244 1342 1
137 1000002 0.57966856898709 1441 1
83 1000002 1.0885952330088 1442 1
170 1000005 -1.0047303689688 1443 1
0
1
1
0
172
connections
0.6649990025
step
0.3157885263165
link
2.10525684211
enable
0.171475
bias
0.37999943
node
0.58317276571322
disable
0.37999943
done
12
170 171 1.2593133908383 18 1
71 171 -1.8823206274606 1410 1
143 172 1 1412 1
170 1000001 0.90768563282631 17 1
171 1000001 1.5157667161255 19 1
172 1000003 0.17368603104507 1413 1
143 1000003 0.17368603104507 1393 0
132 1000003 0.088748747885901 15 0
66 1000004 1.5077974791711 1409 1
170 1000005 -0.64326914273507 1411 1
106 1000005 1.2954942042238 1394 1
130 1000005 -1.2439954832606 16 1
