126
20000
7
20000
124
2
20000
171
connections
0.736841
step
0.315789
link
2.10526
enable
0.19
bias
0.38
node
0.526315
disable
0.38
done
5
170 171 1 18 1
171 1000001 1.2115237891781 19 1
170 1000001 1.2115237891781 17 0
132 1000003 0.3961912900174 15 0
130 1000005 0.28962065492721 16 1
0
171
connections
0.69999895
step
0.29999955
link
1.999997
enable
0.1805
bias
0.361
node
0.55401495845
disable
0.361
done
7
170 171 0.73156874884945 18 1
171 1000001 1.0228739058275 19 1
170 1000001 1.0652823629826 17 0
132 1000003 0.57357986026337 15 0
130 1000005 0.046953090830714 16 1
116 1000001 -1.9486068300424 2464 0
8 171 -0.65279091769158 2465 1
0
12
1
0
172
connections
0.6649990025
step
0.3157885263165
link
2.10525684211
enable
0.210525684211
bias
0.421051368422
node
0.4749992875
disable
0.37999943
done
10
170 171 1.070652027955 18 1
171 1000001 1.2115237891781 19 1
170 1000001 1.2115237891781 17 0
47 1000002 -1.042573320719 2216 1
140 1000003 -1.3610644856105 2189 1
109 1000003 0.9226966154973 2217 1
132 1000003 0.26519409772027 15 1
130 1000005 0.27753532517472 16 1
21 1000006 0.68037965025788 2190 1
170 1000006 -1.3484908597064 2191 1
0
11
3
0
172
connections
0.69999895
step
0.285
link
1.999997
enable
0.1805
bias
0.3999994
node
0.49999925
disable
0.3999994
done
10
170 171 0.77894604327525 18 1
130 172 1 2239 1
170 1000001 1.3936291085543 17 0
171 1000001 0.19489120151372 19 1
137 1000002 1.5084078493606 2236 1
132 1000003 0.21497314371166 15 0
10 1000005 0.91915646839808 2237 1
130 1000005 0.23740791039766 16 0
172 1000005 0.23740791039766 2240 1
170 1000006 -1.5124362926115 2238 0
0
172
connections
0.7368398947385
step
0.285
link
2.10525684211
enable
0.189999715
bias
0.421051368422
node
0.5263142105275
disable
0.37999943
done
12
170 171 0.50375713370159 18 1
130 172 1.3293252357555 2239 1
170 1000001 1.4072585222938 17 0
171 1000001 -0.062554246650594 19 1
137 1000002 1.4220476393933 2236 1
132 1000003 0.032363353373821 15 0
10 1000005 0.64631595812861 2237 1
130 1000005 0.27768730735191 16 0
172 1000005 0.39959532456435 2240 1
170 1000006 -1.4131685842463 2238 0
33 1000004 0.46028015991699 2460 1
69 172 -0.47260963774529 2461 0
0
172
connections
0.7368398947385
step
0.29999955
link
1.89999715
enable
0.171475
bias
0.37999943
node
0.4749992875
disable
0.37999943
done
12
170 171 0.87627857954802 18 1
130 172 0.95487234772942 2239 1
170 1000001 -0.14618366039003 17 0
171 1000001 0.28206108937498 19 1
137 1000002 1.2512012891583 2236 1
132 1000003 0.26202345919523 15 1
10 1000005 0.79587713428907 2237 1
130 1000005 0.53019289557939 16 0
172 1000005 0.16239657847377 2240 1
170 1000006 -1.5938198797555 2238 0
98 1000001 -1.1347392193365 2462 1
164 1000003 -1.2293465987121 2463 1
0
0
1
0
172
connections
0.77562094183
step
0.29999955
link
2.2160598338
enable
0.1805
bias
0.3999994
node
0.55401495845
disable
0.361
done
10
170 171 0.64524791494187 18 1
171 1000001 1.2682419600804 19 0
170 1000001 1.4610580076067 17 0
132 1000003 0.62778065179144 15 0
130 1000005 -0.25067903683584 16 1
140 1000004 -0.13678395947142 2445 1
111 1000004 -0.55073702200385 2446 1
100 1000004 1.9324930570391 2447 1
171 172 1 2448 0
172 1000001 1.2682419600804 2449 1
0
0
1
0
172
connections
0.7368398947385
step
0.285
link
1.89999715
enable
0.189999715
bias
0.34295
node
0.5263142105275
disable
0.37999943
done
10
170 171 1.1826862418821 18 1
171 1000001 0.91047123001812 19 1
170 1000001 1.1028778954436 17 0
132 1000003 0.82332667012543 15 0
130 1000005 0.55033748023167 16 1
161 1000006 0.85765541550951 2423 1
152 1000006 -0.94525391399884 2424 0
38 1000001 -0.037171544541765 2450 1
152 172 1 2451 1
172 1000006 -0.94525391399884 2452 1
0
0
1
0
171
connections
0.69999895
step
0.285
link
1.999997
enable
0.1805
bias
0.3999994
node
0.49999925
disable
0.3999994
done
8
170 171 1.221454054384 18 0
171 1000001 -1.5926389355144 19 1
170 1000001 1.0433697012238 17 0
132 1000003 0.16647434919279 15 0
130 1000005 0.37248435926389 16 1
158 171 0.25617236854152 2453 1
120 1000001 0.74092837305826 2454 1
170 1000006 -1.6209601123081 2455 1
0
0
1
0
173
connections
0.6649980050015
step
0.34990313457244
link
2.3326875638163
enable
0.21052536842247
bias
0.37999886000085
node
0.42868685696875
disable
0.342949485575
done
19
170 171 1.1512002411898 18 1
132 173 1 2438 1
170 1000001 1.1326291475752 17 0
171 1000001 0.20014038514359 19 1
50 1000002 1.5407574694052 2436 1
47 1000002 -1.3256181188883 2216 1
143 1000003 0.14874721518601 2435 1
173 1000003 1.6780907620472 2439 1
132 1000003 1.6780907620472 15 0
109 1000003 0.55357479096812 2217 1
140 1000003 -1.5005630347531 2189 1
31 1000004 1.9311502426222 2437 1
130 1000005 0.66053497787836 16 1
170 1000006 -1.1085403700788 2191 1
21 1000006 0.55262856092968 2190 1
138 1000003 -1.0927457502976 2456 1
144 1000006 1.0557573168126 2457 0
63 1000003 -1.2933133945738 2458 1
170 1000004 -1.9705801568651 2459 1
