82
20000
4
20000
80
3
20000
171
connections
0.736841
step
0.315789
link
2.10526
enable
0.19
bias
0.38
node
0.526315
disable
0.38
done
5
170 171 1 18 1
171 1000001 1.2115237891781 19 1
170 1000001 1.2115237891781 17 0
132 1000003 0.3961912900174 15 0
130 1000005 0.28962065492721 16 1
0
171
connections
0.77562094183
step
0.33240897507
link
2.2160598338
enable
0.1805
bias
0.361
node
0.49999925
disable
0.361
done
8
170 171 0.75698547325657 18 1
171 1000001 0.024842066713462 19 1
170 1000001 1.4847693027592 17 0
132 1000003 0.2061317133721 15 0
130 1000005 -0.013470349686159 16 1
155 1000003 0.028015991698966 1545 1
123 1000004 -0.7941526535844 1546 1
84 1000003 0.6195867793817 1547 1
0
171
connections
0.69999895
step
0.29999955
link
2.2160598338
enable
0.1805
bias
0.3999994
node
0.49999925
disable
0.3999994
done
8
170 171 1.4841151158177 18 1
171 1000001 1.3588455689886 19 1
170 1000001 1.1083133967971 17 0
132 1000003 -0.95663319803461 15 0
130 1000005 -0.23285622730186 16 1
42 1000005 0.79830317087313 1548 1
162 171 -1.254982146672 1549 1
170 1000005 1.631214331492 1550 1
0
10
4
0
172
connections
0.7368398947385
step
0.285
link
2.10525684211
enable
0.210525684211
bias
0.37999943
node
0.4749992875
disable
0.37999943
done
11
170 171 1.2755247149312 18 1
143 171 -1.3339640491958 1340 1
130 172 1 1341 1
115 1000001 -1.3842585528123 1339 1
170 1000001 0.78763886488083 17 0
171 1000001 1.5398850845622 19 1
96 1000002 0.25515472884304 1325 1
132 1000003 -1.6801660206915 15 0
100 1000004 -0.99269188512833 1326 1
130 1000005 0.20697511784265 16 0
172 1000005 0.20697511784265 1342 1
0
173
connections
0.69999790000157
step
0.315789
link
2.2160565097102
enable
0.19999940000045
bias
0.3609994585
node
0.49999850000112
disable
0.3609994585
done
13
170 171 1.0178878443907 18 1
143 171 -1.3294055544603 1340 1
130 172 0.87135021939756 1341 1
115 1000001 -1.4023286957915 1339 1
170 1000001 0.52603138158971 17 0
171 1000001 1.4605210165975 19 1
96 1000002 0.24911207303079 1325 1
132 1000003 -1.723948772454 15 0
100 1000004 -0.70363705932798 1326 1
130 1000005 0.091779161026338 16 1
172 1000005 0.16126488416242 1342 1
18 1000002 1.5767693105869 1551 1
94 1000001 -0.56587420270394 1552 1
0
172
connections
0.69999790000157
step
0.29999955
link
1.9999940000045
enable
0.22160565097102
bias
0.3609994585
node
0.49999850000112
disable
0.3609994585
done
13
170 171 1.2674586849757 18 1
143 171 -1.176992331164 1340 1
130 172 1.0387370859722 1341 1
115 1000001 -1.3974333735908 1339 1
170 1000001 0.80244337162084 17 0
171 1000001 1.3436544148289 19 1
96 1000002 0.11863648518174 1325 1
132 1000003 -1.7307869964278 15 0
100 1000004 0.80843531601917 1326 1
130 1000005 0.019808431827754 16 0
172 1000005 -0.05543178857387 1342 1
77 172 -1.4759361552782 1553 1
153 1000006 0.89156773583178 1554 1
0
173
connections
0.77561977839859
step
0.27075
link
2.2160565097102
enable
0.19999940000045
bias
0.3999988000009
node
0.49999850000112
disable
0.3609994585
done
15
170 171 1.2238899375637 18 1
143 171 -1.1175012131108 1340 1
130 172 0.79140343180639 1341 1
115 1000001 -1.6309470274972 1339 0
170 1000001 0.9487568875866 17 0
171 1000001 1.282388754413 19 1
96 1000002 1.4567705313272 1325 0
132 1000003 -1.7455998184149 15 0
100 1000004 -0.88404319132054 1326 1
130 1000005 0.13729419648885 16 1
172 1000005 0.36027644997559 1342 1
50 172 0.2462843714713 1555 1
108 172 0.06793420209357 1556 1
115 173 1 1557 1
173 1000001 -1.6309470274972 1558 1
0
5
1
0
172
connections
0.7368398947385
step
0.315789
link
2.10525684211
enable
0.171475
bias
0.421051368422
node
0.58317276571322
disable
0.37999943
done
13
170 171 1.0588556603595 18 1
101 171 -1.8399609363079 1429 1
4 171 0.17120883816034 1448 1
37 172 1 1451 1
37 1000001 1.2662129581591 1449 0
172 1000001 1.2662129581591 1452 1
170 1000001 1.2276664502396 17 1
171 1000001 1.4799738332774 19 1
132 1000003 0.36029193929868 15 0
28 1000004 1.1338847010712 1430 1
1000001 1000005 1.0840784936064 1450 1
130 1000005 0.10877466399121 16 1
143 1000006 0.10724204229865 1428 1
0
1
2
0
172
connections
0.7368398947385
step
0.285
link
2.10525684211
enable
0.171475
bias
0.421051368422
node
0.5263142105275
disable
0.421051368422
done
11
170 171 1 18 1
50 171 -0.29157383953368 1525 1
60 172 1 1512 1
171 1000001 1.2115237891781 19 1
170 1000001 1.2115237891781 17 0
172 1000002 -0.088198492385632 1513 1
60 1000002 -0.088198492385632 1510 0
132 1000003 0.3961912900174 15 1
28 1000005 0.30268257698294 1524 1
130 1000005 0.28962065492721 16 1
28 1000006 -0.93905453657643 1511 1
0
173
connections
0.77561977839859
step
0.29999955
link
1.9999940000045
enable
0.16290125
bias
0.44321130194205
node
0.49999850000112
disable
0.3999988000009
done
14
170 171 0.90345484009064 18 1
50 171 -0.12740586776177 1525 1
60 172 0.77681542312845 1512 1
171 1000001 1.0733392373989 19 1
170 1000001 0.89718314157537 17 0
172 1000002 0.18281462079379 1513 1
60 1000002 0.15093503361461 1510 0
132 1000003 0.41657765434736 15 1
28 1000005 0.21228993935514 1524 1
130 1000005 0.14189603139592 16 1
28 1000006 -0.65641388872799 1511 1
148 171 -1.8509475997192 1559 1
12 1000003 0.32782982879116 1560 1
170 1000004 1.0359813226722 1561 1
