179
20000
4
20000
177
4
20000
171
connections
0.736841
step
0.315789
link
2.10526
enable
0.19
bias
0.38
node
0.526315
disable
0.38
done
5
170 171 1 18 1
171 1000001 1.2115237891781 19 1
170 1000001 1.2115237891781 17 0
132 1000003 0.3961912900174 15 0
130 1000005 0.28962065492721 16 1
0
172
connections
0.69999895
step
0.315789
link
1.999997
enable
0.1999997
bias
0.3999994
node
0.49999925
disable
0.361
done
9
170 171 1 18 0
171 1000001 1.2115237891781 19 1
170 1000001 1.2115237891781 17 0
132 1000003 0.3961912900174 15 0
130 1000005 0.28962065492721 16 1
122 1000006 -1.6788232062746 3446 1
31 1000002 0.71626941740165 3447 0
31 172 1 3448 1
172 1000002 0.71626941740165 3449 1
0
171
connections
0.77562094183
step
0.29999955
link
2.2160598338
enable
0.1999997
bias
0.361
node
0.55401495845
disable
0.3999994
done
7
170 171 1.0137058420469 18 1
171 1000001 1.0377974345759 19 1
170 1000001 1.1307994008499 17 0
132 1000003 0.3832362021775 15 0
130 1000005 0.068377052346874 16 1
56 171 1.9757072664571 3450 1
71 1000006 -1.6976226081118 3451 1
0
172
connections
0.77562094183
step
0.29999955
link
2.2160598338
enable
0.1805
bias
0.3999994
node
0.55401495845
disable
0.361
done
9
170 171 1 18 1
171 1000001 1.2115237891781 19 1
170 1000001 1.2115237891781 17 1
132 1000003 0.3961912900174 15 0
130 1000005 0.28962065492721 16 0
164 171 1.8354441969054 3461 0
104 1000003 1.2414319284646 3462 1
164 172 1 3463 1
172 171 1.8354441969054 3464 1
0
13
2
0
172
connections
0.7368398947385
step
0.315789
link
1.89999715
enable
0.189999715
bias
0.34295
node
0.4749992875
disable
0.37999943
done
10
170 171 0.88870181186307 18 1
129 171 -1.5197607348857 3204 1
170 1000001 1.2115237891781 17 1
171 1000001 1.2115237891781 19 1
132 1000003 0.3961912900174 15 0
45 1000003 -1.8813440351573 3205 1
130 1000005 0.28962065492721 16 1
148 1000006 0.40314951017792 3189 1
117 1000006 -1.4764244514298 3190 1
170 1000006 0.25165562913907 3206 0
0
172
connections
0.77561977839859
step
0.33240897507
link
1.8049972925
enable
0.19999940000045
bias
0.3609994585
node
0.49999850000112
disable
0.3999988000009
done
12
170 171 0.83027890810538 18 1
129 171 -1.702516180483 3204 1
170 1000001 1.2272783940637 17 1
171 1000001 1.1924620360681 19 1
132 1000003 0.18083101499188 15 0
45 1000003 -1.8201212144979 3205 1
130 1000005 0.21719816666083 16 1
148 1000006 0.48624414547558 3189 1
117 1000006 -1.7595914096844 3190 1
170 1000006 0.46727966445243 3206 0
84 1000006 -1.8624225592822 3455 1
139 1000003 -0.33576464125492 3456 1
0
12
3
0
174
connections
0.7368398947385
step
0.315789
link
1.89999715
enable
0.210525684211
bias
0.37999943
node
0.4749992875
disable
0.37999943
done
11
170 171 1.26116416245 18 1
170 173 -1.1294900357067 3222 1
112 173 1.2381500283517 3211 1
173 1000001 0.08887609152501 3212 1
171 1000001 1.4877030357677 19 1
112 1000001 -0.3511487554857 3210 0
170 1000001 0.98171975753044 17 0
132 1000003 0.46863569789727 15 0
113 1000003 0.078554643391217 3223 1
134 1000003 0.40517640433973 3209 1
130 1000005 0.0024547614062931 16 1
0
175
connections
0.77561977839859
step
0.33240897507
link
1.8049972925
enable
0.22160565097102
bias
0.3609994585
node
0.49999850000112
disable
0.3999988000009
done
15
170 171 1.26116416245 18 1
170 173 -1.1294900357067 3222 1
112 173 1.2381500283517 3211 1
173 1000001 0.08887609152501 3212 0
171 1000001 1.4877030357677 19 1
112 1000001 -0.3511487554857 3210 0
170 1000001 0.98171975753044 17 0
132 1000003 0.46863569789727 15 0
113 1000003 0.078554643391217 3223 1
134 1000003 0.40517640433973 3209 1
130 1000005 0.0024547614062931 16 1
72 173 -1.852534562212 3457 1
64 1000006 1.2095706045717 3458 1
170 175 1 3459 1
175 173 -1.1294900357067 3460 1
0
174
connections
0.77561977839859
step
0.285
link
1.9999940000045
enable
0.19999940000045
bias
0.3609994585
node
0.451249323125
disable
0.3609994585
done
13
170 171 1.2008103003327 18 1
170 173 -0.96558046205023 3222 1
112 173 1.2307308261055 3211 1
173 1000001 0.19204040318003 3212 1
171 1000001 1.6436106562395 19 1
112 1000001 -1.9592272713401 3210 0
170 1000001 0.89134117542039 17 0
132 1000003 -1.0812707907346 15 0
113 1000003 -0.05466917935728 3223 1
134 1000003 0.62589984560686 3209 1
130 1000005 -0.11631335895871 16 1
1000006 173 -0.26654866176336 3465 0
130 1000003 -0.34516434217353 3466 1
0
0
1
0
173
connections
0.81644187199851
step
0.2849995725
link
2.3326910628529
enable
0.189999715
bias
0.37999943
node
0.5263142105275
disable
0.37999943
done
11
170 171 0.93053692477645 18 1
34 171 -0.53572191534165 3436 1
170 1000001 1.2068636197714 17 0
144 1000001 -0.1331217383343 3434 1
171 1000001 1.5674916837062 19 1
132 1000003 0.25326416897946 15 0
127 1000004 1.884273812067 3435 1
130 1000005 0.12268771034425 16 1
64 1000005 -0.53352458265938 3452 1
1000003 1000002 -0.44453260902738 3453 1
170 1000002 0.60286263618885 3454 1
