92
20000
4
20000
90
4
20000
171
connections
0.736841
step
0.315789
link
2.10526
enable
0.19
bias
0.38
node
0.526315
disable
0.38
done
5
170 171 1 18 1
171 1000001 1.2115237891781 19 1
170 1000001 1.2115237891781 17 0
132 1000003 0.3961912900174 15 0
130 1000005 0.28962065492721 16 1
0
172
connections
0.69999895
step
0.33240897507
link
1.999997
enable
0.1805
bias
0.361
node
0.55401495845
disable
0.361
done
7
170 171 1 18 0
171 1000001 1.2115237891781 19 1
170 1000001 1.2115237891781 17 0
132 1000003 0.3961912900174 15 0
130 1000005 0.039921636794641 16 1
120 1000005 1.5839716788232 1736 1
118 1000006 1.9816888943144 1737 1
0
171
connections
0.77562094183
step
0.315789
link
2.2160598338
enable
0.1805
bias
0.361
node
0.55401495845
disable
0.361
done
7
170 171 1 18 1
171 1000001 1.2115237891781 19 1
170 1000001 1.2115237891781 17 0
132 1000003 0.3961912900174 15 0
130 1000005 0.28962065492721 16 1
165 1000001 0.41120639667959 1738 1
112 171 -0.3015839106418 1739 1
0
172
connections
0.77562094183
step
0.29999955
link
2.2160598338
enable
0.1999997
bias
0.3999994
node
0.49999925
disable
0.361
done
7
170 171 0.72988412965331 18 1
171 1000001 1.4060698397153 19 1
170 1000001 1.4324377923505 17 0
132 1000003 0.13222794195227 15 0
130 1000005 -0.1909902150853 16 1
1 1000003 -0.014831995605335 1745 1
37 1000004 1.3185827204199 1746 0
0
5
4
0
173
connections
0.85941120772179
step
0.33240847645654
link
1.9999940000045
enable
0.18049972925
bias
0.44321130194205
node
0.49999850000112
disable
0.3999988000009
done
12
170 171 0.56481626675378 18 1
6 171 -0.11151463362529 1642 1
170 1000001 -1.6940824610126 17 0
171 1000001 0.75820467512092 19 0
89 1000002 0.07432380058743 1610 0
132 1000003 0.89601660988125 15 0
98 1000005 1.8205978888207 1611 1
130 1000005 0.25983561935065 16 1
51 1000005 0.50898770104068 1643 1
83 1000006 -2.1007109181984 1631 1
93 1000006 0.91329691457869 1632 1
170 1000006 -0.34662923062838 1644 1
0
174
connections
0.8164406473357
step
0.34990313457244
link
2.1052536842247
enable
0.18999943000043
bias
0.42105073684495
node
0.52631342105618
disable
0.42105073684495
done
16
170 171 0.61877483906723 18 1
6 171 -0.30613069941047 1642 1
170 1000001 -1.7721531362914 17 0
171 1000001 1.0120865387172 19 1
89 1000002 -0.08268251026247 1610 0
132 1000003 0.93502525121531 15 0
98 1000005 1.8762863817189 1611 1
130 1000005 0.017892343493601 16 1
51 1000005 0.19878731174062 1643 1
83 1000006 -2.3496806616157 1631 0
93 1000006 0.68277965739874 1632 1
170 1000006 0.056459242530595 1644 1
31 1000002 0.97714163640248 1747 1
47 1000001 -0.21234778893399 1748 1
83 174 1 1749 1
174 1000006 -2.3496806616157 1750 1
0
174
connections
0.90464201958419
step
0.31578805263371
link
2.1052536842247
enable
0.1714747427875
bias
0.46653751276326
node
0.47499857500107
disable
0.42105073684495
done
16
170 171 0.56481626675378 18 1
6 171 -0.11151463362529 1642 1
170 1000001 -1.6940824610126 17 0
171 1000001 0.75820467512092 19 0
89 1000002 0.07432380058743 1610 0
132 1000003 0.89601660988125 15 0
98 1000005 1.8205978888207 1611 0
130 1000005 0.25983561935065 16 1
51 1000005 0.50898770104068 1643 1
83 1000006 -2.1007109181984 1631 1
93 1000006 0.91329691457869 1632 1
170 1000006 -0.34662923062838 1644 1
96 1000004 1.3053987243263 1751 1
65 1000004 1.383404034547 1752 1
98 174 1 1753 1
174 1000005 1.8205978888207 1754 1
0
173
connections
0.90464201958419
step
0.31578805263371
link
1.8999943000043
enable
0.1714747427875
bias
0.42105073684495
node
0.52631342105618
disable
0.37999886000085
done
14
170 171 0.31884139974215 18 1
6 171 -0.25995920818864 1642 1
170 1000001 -1.149388103885 17 0
171 1000001 0.7774119748096 19 0
89 1000002 0.019091971929213 1610 0
132 1000003 1.1395050326783 15 0
98 1000005 2.0949837540673 1611 1
130 1000005 0.19699025995783 16 1
51 1000005 0.74679006923847 1643 1
83 1000006 -2.3210310778486 1631 1
93 1000006 1.0094876111129 1632 1
170 1000006 -0.38285614459212 1644 1
46 1000003 -0.26642658772546 1755 1
22 171 -1.2354503006073 1756 1
0
4
1
0
172
connections
0.7368398947385
step
0.315789
link
2.10525684211
enable
0.189999715
bias
0.421051368422
node
0.4749992875
disable
0.37999943
done
11
170 171 1.0110541087985 18 1
5 171 -1.5532090212714 1649 1
62 171 -1.0486770226142 1665 1
137 172 1 1667 1
170 1000001 1.0953448165838 17 0
171 1000001 0.91283155378887 19 1
137 1000002 -0.60615863521226 1666 0
172 1000002 -0.60615863521226 1668 1
34 1000002 -0.1270180364391 1650 1
132 1000003 0.59027908172857 15 0
130 1000005 0.1888615376751 16 1
0
0
1
0
172
connections
0.69999895
step
0.315789
link
1.999997
enable
0.1999997
bias
0.361
node
0.49999925
disable
0.361
done
10
170 171 1.0903892645344 18 0
171 1000001 1.3070208807947 19 1
170 1000001 -0.17438276314585 17 0
132 1000003 0.40847898724326 15 0
130 1000005 0.24865202676473 16 1
150 171 -0.40449232459487 1740 1
153 1000001 -1.670644245735 1741 1
170 1000003 1.980956450087 1742 1
170 172 1 1743 1
172 171 1.0903892645344 1744 1
