91
20000
4
20000
89
4
20000
171
connections
0.736841
step
0.315789
link
2.10526
enable
0.19
bias
0.38
node
0.526315
disable
0.38
done
5
170 171 1 18 1
171 1000001 1.2115237891781 19 1
170 1000001 1.2115237891781 17 0
132 1000003 0.3961912900174 15 0
130 1000005 0.28962065492721 16 1
0
172
connections
0.77562094183
step
0.29999955
link
2.2160598338
enable
0.1805
bias
0.361
node
0.49999925
disable
0.3999994
done
9
170 171 1.1416636566408 18 1
171 1000001 0.94563777790002 19 1
170 1000001 1.0155311634617 17 0
132 1000003 0.14008339450819 15 0
130 1000005 0.52974297915128 16 0
89 1000006 0.6443678090762 1716 1
94 171 0.55684072389904 1717 1
130 172 1 1718 1
172 1000005 0.52974297915128 1719 1
0
172
connections
0.77562094183
step
0.29999955
link
1.999997
enable
0.1999997
bias
0.3999994
node
0.55401495845
disable
0.3999994
done
9
170 171 0.89942640288247 18 1
171 1000001 1.3348763676 19 1
170 1000001 1.3263250940718 17 0
132 1000003 0.16504139412061 15 0
130 1000005 0.039921636794641 16 1
169 171 0.30475783562731 1720 0
16 1000003 -0.10309152500992 1721 1
169 172 1 1722 1
172 171 0.30475783562731 1723 1
0
171
connections
0.77562094183
step
0.315789
link
1.999997
enable
0.1805
bias
0.3999994
node
0.55401495845
disable
0.3999994
done
8
170 171 1.2664647377239 18 1
171 1000001 1.2104154870754 19 1
170 1000001 1.2181639643849 17 0
132 1000003 0.30986901232948 15 0
130 1000005 0.33282516211432 16 1
144 1000003 -1.3002716147343 1729 1
53 171 -0.89059114352855 1730 1
170 1000005 0.105533005768 1731 1
0
14
3
0
172
connections
0.7368398947385
step
0.315789
link
2.10525684211
enable
0.171475
bias
0.421051368422
node
0.58317276571322
disable
0.37999943
done
13
170 171 1.0588556603595 18 1
101 171 -1.8399609363079 1429 1
4 171 0.17120883816034 1448 1
37 172 1 1451 1
171 1000001 1.4799738332774 19 1
172 1000001 1.2662129581591 1452 1
170 1000001 1.2276664502396 17 1
37 1000001 1.2662129581591 1449 0
132 1000003 0.36029193929868 15 0
28 1000004 1.1338847010712 1430 1
1000001 1000005 1.0840784936064 1450 1
130 1000005 0.10877466399121 16 1
143 1000006 0.10724204229865 1428 1
0
174
connections
0.6649980050015
step
0.3157885263165
link
1.8999943000043
enable
0.1547561875
bias
0.42105073684495
node
0.52631342105618
disable
0.37999886000085
done
20
170 171 1.0366232042508 18 1
101 171 1.1700186162908 1429 1
4 171 0.37245134377895 1448 1
37 172 1.1436129116497 1451 1
170 1000001 0.90128559334459 17 1
172 1000001 0.75416095054848 1452 1
171 1000001 0.48194954421548 19 1
37 1000001 0.93943881585388 1449 0
99 1000002 0.72334971160009 1708 1
18 1000003 0.30921943429967 1709 1
132 1000003 0.029120101424943 15 0
28 1000004 1.0026671804446 1430 1
1000001 1000005 0.78327358056476 1450 1
130 1000005 -0.0056278102423366 16 1
143 1000006 -0.24764387437765 1428 1
47 1000002 1.9881588183233 1724 0
39 1000005 -0.96200445570238 1725 1
170 1000005 0.26728110599078 1726 1
47 174 1 1727 1
174 1000002 1.9881588183233 1728 1
0
172
connections
0.69999790000157
step
0.29999955
link
1.9999940000045
enable
0.18049972925
bias
0.3999988000009
node
0.61386514837271
disable
0.3999988000009
done
16
170 171 1.1252607855205 18 1
101 171 -1.7585407270074 1429 1
4 171 0.15781428444319 1448 1
37 172 0.82273960730155 1451 1
171 1000001 1.4598957360103 19 1
172 1000001 1.3940883729011 1452 1
170 1000001 1.3026594710852 17 1
37 1000001 1.1386305206687 1449 0
132 1000003 0.2727192077166 15 0
28 1000004 1.3954859200461 1430 1
1000001 1000005 0.98004410270547 1450 1
130 1000005 -0.15070246991028 16 1
143 1000006 0.042649713881344 1428 1
158 1000001 -0.49934385204627 1732 1
145 1000002 -1.3220007934812 1733 1
170 1000006 -1.8327585680715 1734 1
0
4
2
0
173
connections
0.85941120772179
step
0.33240847645654
link
1.9999940000045
enable
0.18049972925
bias
0.44321130194205
node
0.49999850000112
disable
0.3999988000009
done
12
170 171 0.56481626675378 18 1
6 171 -0.11151463362529 1642 1
171 1000001 0.75820467512092 19 0
170 1000001 -1.6940824610126 17 0
89 1000002 0.07432380058743 1610 0
132 1000003 0.89601660988125 15 0
98 1000005 1.8205978888207 1611 1
130 1000005 0.25983561935065 16 1
51 1000005 0.50898770104068 1643 1
83 1000006 -2.1007109181984 1631 1
93 1000006 0.91329691457869 1632 1
170 1000006 -0.34662923062838 1644 1
0
173
connections
0.90464201958419
step
0.31578805263371
link
1.8999943000043
enable
0.1714747427875
bias
0.46653751276326
node
0.52631342105618
disable
0.37999886000085
done
13
170 171 0.56481626675378 18 1
6 171 -0.11151463362529 1642 1
171 1000001 0.75820467512092 19 0
170 1000001 -1.6940824610126 17 0
89 1000002 0.07432380058743 1610 0
132 1000003 0.89601660988125 15 0
98 1000005 1.8205978888207 1611 1
130 1000005 0.25983561935065 16 1
51 1000005 0.50898770104068 1643 1
83 1000006 -2.1007109181984 1631 1
93 1000006 0.91329691457869 1632 1
170 1000006 -0.34662923062838 1644 1
73 1000006 -1.4969328897977 1735 1
0
3
1
0
172
connections
0.7368398947385
step
0.315789
link
2.10525684211
enable
0.189999715
bias
0.421051368422
node
0.4749992875
disable
0.37999943
done
11
170 171 1.0110541087985 18 1
5 171 -1.5532090212714 1649 1
62 171 -1.0486770226142 1665 1
137 172 1 1667 1
170 1000001 1.0953448165838 17 0
171 1000001 0.91283155378887 19 1
137 1000002 -0.60615863521226 1666 0
172 1000002 -0.60615863521226 1668 1
34 1000002 -0.1270180364391 1650 1
132 1000003 0.59027908172857 15 0
130 1000005 0.1888615376751 16 1
