215
10000
2
10000
208
3
10000
172
connections
0.69999790000157
step
0.29999955
link
1.9999940000045
enable
0.19999940000045
bias
0.3999988000009
node
0.451249323125
disable
0.44321130194205
done
13
7 171 0.63949184228492 24 1
84 172 0.97342146996521 45 1
23 1000002 0.73064019042482 43 1
1000003 1000002 -1.1120258706244 21 1
172 1000003 0.63297497195196 46 1
84 1000003 0.49750961528825 22 0
122 1000004 -0.41343833385266 20 0
170 1000004 0.24382190664541 44 0
48 1000004 -1.0716269417402 65 1
7 1000005 0.92092488415632 23 0
171 1000005 0.90342791108585 25 1
106 1000006 1.3220222972182 42 1
67 1000006 -1.5325785088656 66 1
0
173
connections
0.6649980050015
step
0.285
link
2.1052536842247
enable
0.18999943000043
bias
0.42105073684495
node
0.42868685696875
disable
0.42105073684495
done
18
7 171 0.45302023975799 24 1
84 172 1.207696044995 45 1
23 1000002 -0.84530167546617 43 1
1000003 1000002 -1.3770905698645 21 1
172 1000003 0.64601293697775 46 1
84 1000003 0.58573114914853 22 0
122 1000004 -0.28990383267769 20 0
170 1000004 -0.035072255163732 44 0
48 1000004 -1.3260803552355 65 1
7 1000005 1.1702987969344 23 0
171 1000005 1.0211349028764 25 1
106 1000006 1.5741273114093 42 1
67 1000006 -1.365972624897 66 1
8 172 -1.3447065645314 2096 1
27 1000002 -1.7145908993805 2097 1
170 172 -1.4804528946806 2098 0
170 173 1 2099 1
173 172 -1.4804528946806 2100 1
0
172
connections
0.6649980050015
step
0.2849995725
link
2.1052536842247
enable
0.21052536842247
bias
0.42105073684495
node
0.47499857500107
disable
0.46653751276326
done
15
7 171 0.40998399232742 24 1
84 172 0.8078943584125 45 1
23 1000002 0.91356282628552 43 1
1000003 1000002 -0.94291528106426 21 1
172 1000003 -0.22284615619373 46 1
84 1000003 0.46551054832369 22 0
122 1000004 -0.47629706093959 20 0
170 1000004 0.038563417573245 44 0
48 1000004 -1.2132526028937 65 1
7 1000005 0.92102055954001 23 0
171 1000005 1.1699882278194 25 1
106 1000006 1.356404551013 42 1
67 1000006 -1.6969401202897 66 1
100 1000005 0.64888454847865 2101 1
107 1000003 -0.7788933988464 2102 1
0
7
2
0
174
connections
0.81643942267473
step
0.31578805263371
link
2.1052505263442
enable
0.21052505263442
bias
0.37999829000256
node
0.52631263158605
disable
0.46653681295699
done
26
7 171 1.1575522470185 24 1
84 172 0.67216954882858 45 1
128 172 -1.3839507656875 2005 1
1000003 173 -0.13351619031927 2009 1
5 174 1 2028 1
124 1000001 1.5157322916349 2025 1
63 1000001 -1.6018769320012 2006 1
23 1000002 0.86280220114315 43 1
5 1000002 -1.2141995993517 2020 1
174 1000002 -1.2141995993517 2029 1
1000003 1000002 -0.988934345428 21 1
154 1000002 0.48774681844539 2026 1
173 1000002 -0.79932204876767 2010 1
172 1000003 -1.2357007441758 46 1
170 1000003 -0.017517624439222 2027 1
84 1000003 0.49333934694143 22 0
170 1000004 0.2904644036379 44 1
48 1000004 -0.74350889831182 65 1
29 1000004 0.53177718676632 2007 1
122 1000004 0.33710745567187 20 1
171 1000005 0.44617463956515 25 1
170 1000005 -0.74757440185703 2008 1
7 1000005 0.80670952443091 23 0
154 1000006 -0.43524448121555 2021 1
67 1000006 -1.9658192693869 66 1
106 1000006 1.5088521236813 42 1
0
175
connections
0.8594086294901
step
0.33240797784382
link
1.999988000027
enable
0.22160498615457
bias
0.3999976000054
node
0.49999700000675
disable
0.49109064542292
done
30
7 171 1.1550668209932 24 1
84 172 0.98720997828321 45 1
128 172 -1.2143229756082 2005 1
1000003 173 -0.38478768918134 2009 1
5 174 0.89128036443519 2028 1
124 1000001 1.534489649679 2025 1
63 1000001 -1.8884516250188 2006 1
23 1000002 0.78457722121964 43 1
5 1000002 -1.3837462326627 2020 1
174 1000002 0.25153355510117 2029 1
1000003 1000002 -0.66001610861565 21 1
154 1000002 0.32436809951553 2026 1
173 1000002 -1.0705784017925 2010 1
172 1000003 -1.2697155746366 46 1
170 1000003 0.13062391126601 2027 0
84 1000003 0.23736075552527 22 0
170 1000004 0.12316987064365 44 1
48 1000004 -0.86815554963074 65 1
29 1000004 0.52716139557644 2007 1
122 1000004 0.028965351512006 20 1
171 1000005 0.50563211684847 25 1
170 1000005 -1.0327694298158 2008 1
7 1000005 1.079954218276 23 0
154 1000006 -0.34640825385331 2021 1
67 1000006 -2.2158328383423 66 1
106 1000006 1.237839240961 42 1
161 172 0.14496292001099 2103 1
45 174 -0.078554643391217 2104 1
170 175 1 2105 1
175 1000003 0.13062391126601 2106 1
