128
20000
4
20000
126
4
20000
171
connections
0.736841
step
0.315789
link
2.10526
enable
0.19
bias
0.38
node
0.526315
disable
0.38
done
5
170 171 1 18 1
171 1000001 1.2115237891781 19 1
170 1000001 1.2115237891781 17 0
132 1000003 0.3961912900174 15 0
130 1000005 0.28962065492721 16 1
0
171
connections
0.77562094183
step
0.29999955
link
1.999997
enable
0.1999997
bias
0.361
node
0.55401495845
disable
0.361
done
7
170 171 1.223642353827 18 1
171 1000001 -1.7408368175298 19 1
170 1000001 1.0037937623234 17 1
132 1000003 0.23715042014679 15 0
130 1000005 0.47177010551012 16 1
56 1000002 -1.8623004852443 2478 1
91 1000006 0.18646809289834 2479 1
0
172
connections
0.77562094183
step
0.33240897507
link
1.999997
enable
0.1999997
bias
0.361
node
0.55401495845
disable
0.361
done
8
170 171 1 18 1
171 1000001 1.2115237891781 19 1
170 1000001 1.2115237891781 17 0
132 1000003 0.3961912900174 15 0
130 1000005 0.28962065492721 16 1
151 1000006 -0.41401409955138 2480 1
5 1000006 0.26703695791498 2481 1
170 1000003 -1.0868861964782 2482 1
0
172
connections
0.69999895
step
0.29999955
link
2.2160598338
enable
0.1805
bias
0.3999994
node
0.49999925
disable
0.3999994
done
9
170 171 1.2745139927366 18 1
171 1000001 1.3586990803629 19 1
170 1000001 1.2224829694922 17 0
132 1000003 0.25595589747765 15 0
130 1000005 0.091943410014649 16 1
56 171 1.146824549089 2485 0
102 1000001 1.0784630878628 2486 0
56 172 1 2487 1
172 171 1.146824549089 2488 1
0
14
3
0
172
connections
0.6649990025
step
0.3157885263165
link
2.10525684211
enable
0.210525684211
bias
0.421051368422
node
0.4749992875
disable
0.37999943
done
10
170 171 1.070652027955 18 1
171 1000001 1.2115237891781 19 1
170 1000001 1.2115237891781 17 0
47 1000002 -1.042573320719 2216 1
140 1000003 -1.3610644856105 2189 1
109 1000003 0.9226966154973 2217 1
132 1000003 0.26519409772027 15 1
130 1000005 0.27753532517472 16 1
21 1000006 0.68037965025788 2190 1
170 1000006 -1.3484908597064 2191 1
0
172
connections
0.631749052375
step
0.33240847645654
link
1.9999940000045
enable
0.22160565097102
bias
0.44321130194205
node
0.49999850000112
disable
0.3609994585
done
12
170 171 1.0874616487774 18 1
171 1000001 1.3201218524878 19 1
170 1000001 1.2780622942924 17 0
47 1000002 -1.0215232523988 2216 1
140 1000003 -1.2226412652593 2189 1
109 1000003 1.2527109637015 2217 1
132 1000003 0.58392763822712 15 1
130 1000005 0.085203640701331 16 1
21 1000006 0.78686763442989 2190 1
170 1000006 -1.5434398538794 2191 1
64 1000002 -0.50019837031159 2483 1
110 1000003 1.0920133060701 2484 1
0
172
connections
0.69999790000157
step
0.285
link
2.2160565097102
enable
0.19999940000045
bias
0.44321130194205
node
0.451249323125
disable
0.3999988000009
done
12
170 171 1.3177645191809 18 1
171 1000001 1.1195448164312 19 1
170 1000001 1.6006958220161 17 0
47 1000002 -1.2415349284341 2216 1
140 1000003 -1.1936931974242 2189 1
109 1000003 0.96165395062105 2217 1
132 1000003 -1.4744712668233 15 1
130 1000005 0.3327053132725 16 1
21 1000006 0.45522034363842 2190 0
170 1000006 -1.519863124485 2191 1
95 1000006 -1.4282052064577 2489 1
132 171 -1.642689291055 2490 1
0
13
2
0
172
connections
0.69999895
step
0.285
link
1.999997
enable
0.1805
bias
0.3999994
node
0.49999925
disable
0.3999994
done
10
170 171 0.77894604327525 18 1
130 172 1 2239 1
170 1000001 1.3936291085543 17 0
171 1000001 0.19489120151372 19 1
137 1000002 1.5084078493606 2236 1
132 1000003 0.21497314371166 15 0
10 1000005 0.91915646839808 2237 1
130 1000005 0.23740791039766 16 0
172 1000005 0.23740791039766 2240 1
170 1000006 -1.5124362926115 2238 0
0
173
connections
0.6649990025
step
0.27075
link
1.89999715
enable
0.189999715
bias
0.37999943
node
0.4749992875
disable
0.37999943
done
14
170 171 0.91428386028626 18 1
130 172 0.82590924558245 2239 1
170 1000001 0.99752800073244 17 0
171 1000001 -1.4345530564287 19 0
137 1000002 1.4791159169286 2236 1
132 1000003 0.25259406567583 15 0
10 1000005 1.0154604098636 2237 1
130 1000005 0.27811915189062 16 0
172 1000005 0.27142621387371 2240 0
170 1000006 -1.6884605624561 2238 0
156 1000001 1.5911740470595 2491 1
134 1000006 0.30219428083132 2492 1
172 173 1 2493 1
173 1000005 0.27142621387371 2494 1
0
2
1
0
172
connections
0.7368398947385
step
0.285
link
1.89999715
enable
0.189999715
bias
0.34295
node
0.5263142105275
disable
0.37999943
done
10
170 171 1.1826862418821 18 1
152 172 1 2451 1
38 1000001 -0.037171544541765 2450 1
171 1000001 0.91047123001812 19 1
170 1000001 1.1028778954436 17 0
132 1000003 0.82332667012543 15 0
130 1000005 0.55033748023167 16 1
161 1000006 0.85765541550951 2423 1
152 1000006 -0.94525391399884 2424 0
172 1000006 -0.94525391399884 2452 1
