104
20000
5
20000
102
2
20000
171
connections
0.736841
step
0.315789
link
2.10526
enable
0.19
bias
0.38
node
0.526315
disable
0.38
done
5
170 171 1 18 1
171 1000001 1.2115237891781 19 1
170 1000001 1.2115237891781 17 0
132 1000003 0.3961912900174 15 0
130 1000005 0.28962065492721 16 1
0
172
connections
0.69999895
step
0.285
link
2.2160598338
enable
0.1999997
bias
0.3999994
node
0.55401495845
disable
0.3999994
done
9
170 171 1.1584995574816 18 0
171 1000001 1.3677097384564 19 1
170 1000001 1.156597338786 17 0
132 1000003 0.46185079500717 15 0
130 1000005 0.22159535508286 16 1
113 1000006 1.0291451765496 1991 1
159 171 0.53340250862148 1992 1
170 172 1 1993 1
172 171 1.1584995574816 1994 1
0
3
3
0
175
connections
0.81644187199851
step
0.2849995725
link
2.3326910628529
enable
0.210525684211
bias
0.37999943
node
0.4749992875
disable
0.34295
done
11
170 171 1.306322823086 18 1
107 171 -0.75859666248398 1900 1
138 175 1 1916 1
171 1000001 0.88390518212355 19 1
170 1000001 0.97627175398335 17 0
54 1000002 -0.45332193975646 1915 1
132 1000003 0.33045955475791 15 1
88 1000004 0.62654499954222 1914 1
138 1000004 -0.35766254358646 1899 0
175 1000004 -0.35766254358646 1917 1
130 1000005 0.08841426290376 16 1
0
177
connections
0.90464201958419
step
0.25721211418125
link
2.3326875638163
enable
0.21052536842247
bias
0.37999886000085
node
0.52631342105618
disable
0.342949485575
done
18
170 171 1.306322823086 18 1
107 171 -0.75859666248398 1900 1
138 175 1 1916 1
170 175 -1.2758568071535 1972 1
54 176 1 1973 1
170 1000001 0.87659670436288 17 0
171 1000001 -1.2978301339763 19 1
176 1000002 -0.35485326974675 1974 1
54 1000002 -0.35485326974675 1915 0
120 1000003 1.8753624073 1971 1
132 1000003 0.17527451729442 15 1
138 1000004 -0.31569540630532 1899 0
175 1000004 -0.35766254358646 1917 1
88 1000004 0.62654499954222 1914 0
130 1000005 0.08841426290376 16 1
18 1000006 -0.25434125797296 1970 1
89 1000004 -0.2952360606708 1995 1
20 175 -0.77510910367138 1996 1
0
175
connections
0.77561977839859
step
0.29999910000067
link
2.2160565097102
enable
0.22160565097102
bias
0.3999988000009
node
0.49999850000112
disable
0.3609994585
done
14
170 171 1.5879376281313 18 1
107 171 -0.79156570936353 1900 1
138 175 0.85165302233006 1916 1
171 1000001 1.1343728898392 19 1
170 1000001 -0.39899899288919 17 0
54 1000002 0.90231025116733 1915 1
132 1000003 0.4654211543279 15 1
88 1000004 0.71585714958668 1914 1
138 1000004 -0.11882235309854 1899 0
175 1000004 -0.27109705115485 1917 1
130 1000005 0.24937755454205 16 1
84 1000001 -1.2083498641926 2006 1
81 1000002 -0.70577105014191 2007 1
170 175 0.93002105777154 2008 1
0
3
3
0
175
connections
0.69999895
step
0.33240897507
link
1.999997
enable
0.1805
bias
0.3999994
node
0.55401495845
disable
0.3999994
done
9
170 171 0.96292139030485 18 1
2 175 1 1924 1
170 1000001 1.1427127879299 17 0
171 1000001 -1.0671102023377 19 1
39 1000002 -1.8011413922544 1923 1
132 1000003 0.505841067477 15 0
130 1000005 -0.1258706830667 16 1
2 1000005 -1.1395001068148 1922 0
175 1000005 -1.1395001068148 1925 1
0
176
connections
0.7368398947385
step
0.34990365942793
link
1.89999715
enable
0.189999715
bias
0.37999943
node
0.58317276571322
disable
0.37999943
done
13
170 171 0.96292139030485 18 1
2 175 1 1924 1
170 1000001 1.1427127879299 17 0
171 1000001 -1.0671102023377 19 1
39 1000002 -1.8011413922544 1923 1
132 1000003 0.505841067477 15 0
130 1000005 -0.1258706830667 16 0
2 1000005 -1.1395001068148 1922 0
175 1000005 -1.1395001068148 1925 1
144 175 0.29340495010224 1997 1
22 175 -0.77498702963347 1998 1
130 176 1 1999 1
176 1000005 -0.1258706830667 2000 1
0
176
connections
0.6649990025
step
0.315789
link
1.89999715
enable
0.171475
bias
0.421051368422
node
0.58317276571322
disable
0.421051368422
done
14
170 171 1.143671007145 18 1
2 175 0.55220191045869 1924 0
170 1000001 0.83351577608875 17 0
171 1000001 -0.77111644163335 19 1
39 1000002 -1.9060445956297 1923 0
132 1000003 0.73533670201785 15 0
130 1000005 0.12980015591764 16 1
2 1000005 0.56953642384106 1922 0
175 1000005 -1.1567799822077 1925 1
154 1000002 -0.45735038300729 2001 1
99 1000004 1.6126590777306 2002 1
170 1000005 1.9123508407849 2003 1
39 176 1 2004 1
176 1000002 -1.9060445956297 2005 1
0
0
1
0
173
connections
0.7368398947385
step
0.3157885263165
link
2.3326910628529
enable
0.171475
bias
0.37999943
node
0.5263142105275
disable
0.37999943
done
11
170 171 0.93033938628614 18 1
171 1000001 1.4209154732285 19 0
170 1000001 1.5020045158759 17 0
132 1000003 0.3713364479699 15 0
38 1000003 0.59162775674242 1967 1
75 1000005 -1.2672627508586 1966 1
130 1000005 0.55664396187174 16 1
123 1000002 0.023743400372326 1984 0
18 1000001 1.3848689230018 1985 1
123 173 1 1986 1
173 1000002 0.023743400372326 1987 1
0
0
1
0
172
connections
0.7368398947385
step
0.285
link
2.3326910628529
enable
0.189999715
bias
0.421051368422
node
0.58317276571322
disable
0.37999943
done
10
170 171 1.0525459773046 18 1
171 1000001 1.3483136997589 19 1
170 1000001 1.2089579454939 17 0
132 1000003 0.5084534745323 15 0
38 1000003 0.28274803918577 1967 1
75 1000005 -0.84768929105502 1966 1
130 1000005 0.47483977782525 16 1
41 1000005 0.80928983428449 1988 1
146 1000004 -0.25312051759392 1989 1
40 1000004 -1.9248023926511 1990 1
