35
40000
4
40000
13
4
40000
170
connections
0.69999895
step
0.285
link
1.805
enable
0.22160598338
bias
0.44321196676
node
0.49999925
disable
0.3999994
done
5
170 1000001 1.6575823236793 202 1
1000003 1000002 -1.3870662556841 21 0
47 1000004 1.1698965422529 201 1
122 1000004 -0.29377117221595 20 0
168 1000006 0.56978057191687 200 1
0
170
connections
0.7368398947385
step
0.315789
link
1.71475
enable
0.210525684211
bias
0.46653821257058
node
0.5263142105275
disable
0.421051368422
done
7
170 1000001 1.6854826244392 202 0
1000003 1000002 -1.0729734397717 21 0
47 1000004 1.2608062269051 201 1
122 1000004 -0.39929116980499 20 0
168 1000006 -1.4318674275948 200 1
170 1000004 1.2934354686117 626 1
12 1000002 -1.0135196996979 627 1
0
170
connections
0.6649990025
step
0.285
link
1.89999715
enable
0.210525684211
bias
0.46653821257058
node
0.5263142105275
disable
0.37999943
done
7
170 1000001 1.4018590350047 202 1
1000003 1000002 -1.4789930417798 21 1
47 1000004 1.2434014404736 201 1
122 1000004 -0.16705328531755 20 0
168 1000006 0.3960251167333 200 1
151 1000001 0.97030549027985 628 1
143 1000001 -0.84481337931455 629 1
0
170
connections
0.7368398947385
step
0.29999955
link
1.89999715
enable
0.23326910628529
bias
0.46653821257058
node
0.4749992875
disable
0.421051368422
done
8
170 1000001 0.66463209936827 202 1
1000003 1000002 -1.2713493968795 21 0
47 1000004 1.4279454120533 201 1
122 1000004 -0.0058386227622304 20 0
168 1000006 0.35038638823664 200 1
24 1000006 1.7101962340159 636 1
116 1000005 0.66817224646748 637 1
170 1000002 0.15961180455947 638 1
40000
13
2
40000
171
connections
0.6649990025
step
0.27075
link
1.71475
enable
0.210525684211
bias
0.46653821257058
node
0.5263142105275
disable
0.421051368422
done
9
170 171 1 245 1
171 1000001 1.7518205435347 246 1
170 1000001 1.7518205435347 202 0
14 1000001 -0.67928098391675 244 0
68 1000002 -1.2228766747032 243 1
1000003 1000002 -0.093081453901791 21 0
122 1000004 -0.16370507675405 20 0
47 1000004 0.75850703451643 201 1
168 1000006 0.21051667836543 200 1
0
173
connections
0.73683878947866
step
0.285
link
1.8999943000043
enable
0.21052536842247
bias
0.46653751276326
node
0.58317189095407
disable
0.37999886000085
done
12
170 171 1.6102574236274 245 1
171 1000001 1.6498307380109 246 1
170 1000001 1.7211175734542 202 0
14 1000001 -0.76820673054117 244 0
68 1000002 -0.52094988860744 243 0
1000003 1000002 -0.010070126858196 21 0
122 1000004 0.13537655200499 20 0
47 1000004 0.77119397218658 201 0
137 1000005 -2.0197611926634 612 1
168 1000006 -0.047737454941786 200 1
1000002 1000005 -1.9210180974761 630 1
83 1000004 1.586779381695 631 1
30000
13
2
30000
172
connections
0.77562094183
step
0.29999955
link
1.999997
enable
0.1999997
bias
0.361
node
0.55401495845
disable
0.361
done
10
170 171 -0.32275313897886 18 1
170 172 1 370 1
171 1000001 0.97048591104312 19 1
170 1000001 1.7924111150211 17 1
172 1000002 1.585558641316 371 1
170 1000002 1.585558641316 369 0
132 1000003 0.53834934577013 15 0
69 1000005 -1.0263374736778 368 1
5 1000005 1.8426465651418 367 1
130 1000005 0.65373858471939 16 1
0
173
connections
0.81644187199851
step
0.3157885263165
link
2.10525684211
enable
0.189999715
bias
0.34295
node
0.5263142105275
disable
0.34295
done
14
170 171 -0.32275313897886 18 1
170 172 1 370 1
171 1000001 0.97048591104312 19 1
170 1000001 1.7924111150211 17 1
172 1000002 1.585558641316 371 1
170 1000002 1.585558641316 369 0
132 1000003 0.53834934577013 15 0
69 1000005 -1.0263374736778 368 1
5 1000005 1.8426465651418 367 1
130 1000005 0.65373858471939 16 0
157 1000002 0.60835596789453 632 1
99 1000004 0.045350505081332 633 1
99 173 1 634 1
173 1000004 0.045350505081332 635 1
40000
13
2
40000
171
connections
0.631749052375
step
0.285
link
1.8049972925
enable
0.22160565097102
bias
0.44321130194205
node
0.49999850000112
disable
0.3999988000009
done
12
170 171 1 382 1
170 1000001 1.7547625659963 202 1
166 1000001 0.57454145939512 379 1
171 1000002 1.3694875942259 383 1
1000003 1000002 -1.2014644306772 21 0
170 1000002 1.3694875942259 381 0
127 1000003 -0.66133610034486 361 1
122 1000004 -0.46556093020417 20 0
64 1000004 -0.015198217719047 360 1
47 1000004 0.96194143498032 201 0
67 1000005 1.6596575823237 380 1
168 1000006 1.3801080355235 200 1
0
171
connections
0.60016159975625
step
0.29999955
link
1.714747427875
enable
0.21052536842247
bias
0.42105073684495
node
0.47499857500107
disable
0.37999886000085
done
13
170 171 1.1702655608188 382 1
170 1000001 -0.59675893429365 202 1
166 1000001 0.34659600218665 379 1
171 1000002 1.6473673617374 383 1
1000003 1000002 -1.4073816607883 21 0
170 1000002 1.2777399368099 381 0
127 1000003 1.9136936552019 361 1
122 1000004 -0.17790304692373 20 0
64 1000004 -0.12465268777276 360 0
47 1000004 -0.25824762718589 201 0
67 1000005 1.4707147217215 380 1
168 1000006 1.2655447746467 200 1
71 1000005 -1.0539262062441 639 1
