200
10000
2
10000
193
4
10000
172
connections
0.69999790000157
step
0.29999955
link
1.9999940000045
enable
0.19999940000045
bias
0.3999988000009
node
0.451249323125
disable
0.44321130194205
done
13
7 171 0.63949184228492 24 1
84 172 0.97342146996521 45 1
23 1000002 0.73064019042482 43 1
1000003 1000002 -1.1120258706244 21 1
172 1000003 0.63297497195196 46 1
84 1000003 0.49750961528825 22 0
48 1000004 -1.0716269417402 65 1
170 1000004 0.24382190664541 44 0
122 1000004 -0.41343833385266 20 0
7 1000005 0.92092488415632 23 0
171 1000005 0.90342791108585 25 1
106 1000006 1.3220222972182 42 1
67 1000006 -1.5325785088656 66 1
0
173
connections
0.73683878947866
step
0.3157885263165
link
2.1052536842247
enable
0.18999943000043
bias
0.42105073684495
node
0.42868685696875
disable
0.42105073684495
done
16
7 171 0.76276376342858 24 1
84 172 0.7238924558197 45 0
23 1000002 0.72408215582751 43 1
1000003 1000002 -1.3046870367242 21 1
172 1000003 0.38318332750489 46 1
84 1000003 0.5014320351073 22 0
48 1000004 -1.4053986622495 65 1
170 1000004 0.50874426145098 44 0
122 1000004 -0.58472375754793 20 0
7 1000005 0.61328959412217 23 0
171 1000005 0.54658650471511 25 1
106 1000006 1.4580942088057 42 1
67 1000006 -1.5813340908425 66 1
17 1000002 -0.19342631305887 1946 1
53 1000003 -1.9283425397504 1947 1
1000005 172 1.7492599261452 1948 1
0
173
connections
0.6649980050015
step
0.2849995725
link
2.1052536842247
enable
0.21052536842247
bias
0.42105073684495
node
0.47499857500107
disable
0.46653751276326
done
18
7 171 0.61599918670698 24 0
84 172 1.2060605142982 45 1
23 1000002 0.5169970586362 43 1
1000003 1000002 -0.97133956778352 21 1
172 1000003 0.56122713194365 46 1
84 1000003 0.49231705128231 22 0
48 1000004 -1.1509592303468 65 1
170 1000004 0.41484600387944 44 0
122 1000004 -0.47840191938086 20 0
7 1000005 1.0117556143305 23 0
171 1000005 1.0863679424709 25 1
106 1000006 1.5807372324889 42 1
67 1000006 -1.5175400781014 66 1
88 1000002 -0.81173131504257 1949 1
44 1000003 -0.54829554124577 1950 1
170 1000001 -0.29059724723045 1951 1
7 173 1 1952 1
173 171 0.61599918670698 1953 1
0
173
connections
0.6649980050015
step
0.285
link
2.1052536842247
enable
0.18999943000043
bias
0.37999886000085
node
0.42868685696875
disable
0.42105073684495
done
16
7 171 0.7263043365627 24 1
84 172 0.88533910050813 45 1
23 1000002 0.85874972135533 43 1
1000003 1000002 -0.97786268815424 21 1
172 1000003 0.45895858351238 46 1
84 1000003 0.49527428706168 22 1
48 1000004 -0.92105975524155 65 1
170 1000004 0.32202360347453 44 0
122 1000004 -0.27029904737541 20 0
7 1000005 0.69559162203284 23 0
171 1000005 0.85568582300943 25 1
106 1000006 1.5884786404904 42 1
67 1000006 -1.3089152195807 66 1
7 1000004 1.9970702230903 1954 1
79 1000003 0.89645069734794 1955 1
170 1000002 -1.3660695211646 1956 1
0
9
1
0
174
connections
0.66499700750449
step
0.33240897507
link
2.1052505263442
enable
0.17147448557539
bias
0.37999829000256
node
0.3868898884143
disable
0.42105010526884
done
22
7 171 1.191453396213 24 1
53 172 -1.759941061481 1852 1
84 172 0.96348081379025 45 1
106 173 0.75453047365432 1839 1
32 173 -0.96395764030885 1872 1
167 1000001 0.41178266626408 1837 1
1000003 1000002 -1.286289887923 21 1
23 1000002 -0.69502853480636 43 1
108 1000003 -1.8727891741061 1851 1
170 1000003 1.0547913133911 1838 1
84 1000003 0.3925022339246 22 0
172 1000003 0.83416979782623 46 1
48 1000004 -1.3056909502288 65 1
170 1000004 0.61906470830147 44 0
122 1000004 -0.43052412232124 20 0
7 1000005 1.2018856255983 23 0
171 1000005 -1.3499557481613 25 1
117 1000005 1.7968688009278 1871 1
41 1000005 1.4628166030525 1836 1
106 1000006 1.0643234354862 42 0
173 1000006 1.6220344195082 1840 1
67 1000006 -1.5567907619655 66 1
