209
10000
2
10000
202
3
10000
172
connections
0.69999790000157
step
0.29999955
link
1.9999940000045
enable
0.19999940000045
bias
0.3999988000009
node
0.451249323125
disable
0.44321130194205
done
13
7 171 0.63949184228492 24 1
84 172 0.97342146996521 45 1
23 1000002 0.73064019042482 43 1
1000003 1000002 -1.1120258706244 21 1
172 1000003 0.63297497195196 46 1
84 1000003 0.49750961528825 22 0
122 1000004 -0.41343833385266 20 0
170 1000004 0.24382190664541 44 0
48 1000004 -1.0716269417402 65 1
7 1000005 0.92092488415632 23 0
171 1000005 0.90342791108585 25 1
106 1000006 1.3220222972182 42 1
67 1000006 -1.5325785088656 66 1
0
173
connections
0.6649980050015
step
0.3157885263165
link
1.8999943000043
enable
0.21052536842247
bias
0.42105073684495
node
0.42868685696875
disable
0.42105073684495
done
15
7 171 0.63949184228492 24 1
84 172 0.97342146996521 45 1
23 1000002 -0.042784492969736 43 1
1000003 1000002 -0.83297509455415 21 1
172 1000003 0.693946548117 46 1
84 1000003 0.49750961528825 22 0
122 1000004 -0.41343833385266 20 0
170 1000004 0.24382190664541 44 0
48 1000004 -1.329089952713 65 1
7 1000005 0.92092488415632 23 0
171 1000005 0.70496503311607 25 1
106 1000006 1.3220222972182 42 1
67 1000006 -1.5325785088656 66 1
123 1000002 1.9370097964415 2039 1
52 171 1.4618976409192 2040 1
0
173
connections
0.77561861496892
step
0.29999910000067
link
2.2160531856255
enable
0.19999910000135
bias
0.3999982000027
node
0.45124864625102
disable
0.3999982000027
done
18
7 171 0.94921101620044 24 1
84 172 0.99255273358224 45 1
7 1000001 1.2173833429975 2030 1
1000003 1000002 -0.83297509455415 21 1
23 1000002 -0.042784492969736 43 1
84 1000003 0.56764093966964 22 0
172 1000003 0.693946548117 46 1
122 1000004 -1.2088381603442 20 0
170 1000004 0.15237266423025 44 0
63 1000004 -0.45539719840083 2031 1
48 1000004 -1.329089952713 65 1
7 1000005 1.8074892422254 23 0
171 1000005 0.70496503311607 25 1
67 1000006 -1.6108279671621 66 1
106 1000006 0.034974211859493 42 1
112 1000006 1.966917935728 2041 1
95 1000001 -1.8839075899533 2042 1
142 1000001 0.50520340586566 2043 1
0
1
2
0
174
connections
0.81643942267473
step
0.31578805263371
link
2.1052505263442
enable
0.21052505263442
bias
0.37999829000256
node
0.52631263158605
disable
0.46653681295699
done
26
7 171 1.1575522470185 24 1
84 172 0.67216954882858 45 1
128 172 -1.3839507656875 2005 1
1000003 173 -0.13351619031927 2009 1
5 174 1 2028 1
124 1000001 1.5157322916349 2025 1
63 1000001 -1.6018769320012 2006 1
154 1000002 0.48774681844539 2026 1
173 1000002 -0.79932204876767 2010 1
174 1000002 -1.2141995993517 2029 1
23 1000002 0.86280220114315 43 1
5 1000002 -1.2141995993517 2020 1
1000003 1000002 -0.988934345428 21 1
172 1000003 -1.2357007441758 46 1
170 1000003 -0.017517624439222 2027 1
84 1000003 0.49333934694143 22 0
170 1000004 0.2904644036379 44 1
48 1000004 -0.74350889831182 65 1
29 1000004 0.53177718676632 2007 1
122 1000004 0.33710745567187 20 1
171 1000005 0.44617463956515 25 1
170 1000005 -0.74757440185703 2008 1
7 1000005 0.80670952443091 23 0
154 1000006 -0.43524448121555 2021 1
67 1000006 -1.9658192693869 66 1
106 1000006 1.5088521236813 42 1
0
175
connections
0.8594086294901
step
0.29999865000202
link
1.999988000027
enable
0.1999988000027
bias
0.36099837550244
node
0.55401246538643
disable
0.44320997230914
done
30
7 171 1.0758209945826 24 1
84 172 0.69854657787169 45 1
128 172 -1.0954514383089 2005 0
1000003 173 -0.37546889650548 2009 1
5 174 0.95653878623128 2028 1
124 1000001 1.6065641226438 2025 1
63 1000001 -1.4061229375649 2006 1
154 1000002 0.37785321219598 2026 1
173 1000002 -0.95719053602573 2010 1
174 1000002 -1.3071921311083 2029 1
23 1000002 0.76297965770091 43 1
5 1000002 -1.2332705301038 2020 1
1000003 1000002 -0.87345587707644 21 1
172 1000003 -1.0925543196395 46 1
170 1000003 0.04039098670195 2027 1
84 1000003 0.20886844468571 22 0
170 1000004 0.44965128457253 44 1
48 1000004 -0.54572238029083 65 1
29 1000004 0.78001057393954 2007 1
122 1000004 0.37419643333714 20 1
171 1000005 0.4748222354957 25 1
170 1000005 -0.47350416082762 2008 1
7 1000005 1.048204455035 23 0
154 1000006 1.0568559831538 2021 1
67 1000006 -2.0083649319913 66 1
106 1000006 1.4377595757744 42 1
133 1000003 0.32844019898068 2044 1
72 174 1.9815668202765 2045 1
128 175 1 2046 1
175 172 -1.0954514383089 2047 1
