127
20000
5
20000
125
2
20000
171
connections
0.736841
step
0.315789
link
2.10526
enable
0.19
bias
0.38
node
0.526315
disable
0.38
done
5
170 171 1 18 1
171 1000001 1.2115237891781 19 1
170 1000001 1.2115237891781 17 0
132 1000003 0.3961912900174 15 0
130 1000005 0.28962065492721 16 1
0
171
connections
0.69999895
step
0.33240897507
link
1.999997
enable
0.1999997
bias
0.361
node
0.49999925
disable
0.361
done
7
170 171 1.1466811539212 18 1
171 1000001 1.1058675046433 19 1
170 1000001 1.1427939449416 17 1
132 1000003 0.56368921742548 15 0
130 1000005 0.068741703109864 16 1
98 1000001 1.2315439313944 2466 1
60 1000004 -0.1056550798059 2467 1
0
13
3
0
172
connections
0.6649990025
step
0.3157885263165
link
2.10525684211
enable
0.210525684211
bias
0.421051368422
node
0.4749992875
disable
0.37999943
done
10
170 171 1.070652027955 18 1
171 1000001 1.2115237891781 19 1
170 1000001 1.2115237891781 17 0
47 1000002 -1.042573320719 2216 1
132 1000003 0.26519409772027 15 1
109 1000003 0.9226966154973 2217 1
140 1000003 -1.3610644856105 2189 1
130 1000005 0.27753532517472 16 1
21 1000006 0.68037965025788 2190 1
170 1000006 -1.3484908597064 2191 1
0
173
connections
0.69999790000157
step
0.29999910000067
link
1.9999940000045
enable
0.22160565097102
bias
0.44321130194205
node
0.49999850000112
disable
0.3999988000009
done
14
170 171 1.050354228196 18 1
171 1000001 1.4294710707577 19 1
170 1000001 1.2371684157568 17 0
47 1000002 -1.151807893982 2216 1
132 1000003 0.32246190894816 15 1
109 1000003 -1.7297280800806 2217 1
140 1000003 -1.3514786505417 2189 0
130 1000005 0.081799348157768 16 0
21 1000006 0.49083280839522 2190 1
170 1000006 -1.359944421952 2191 1
96 1000006 0.070131534775841 2468 1
168 1000001 -1.9312723166601 2469 1
140 173 1 2470 1
173 1000003 -1.3514786505417 2471 1
0
172
connections
0.69999790000157
step
0.33240847645654
link
1.9999940000045
enable
0.22160565097102
bias
0.3999988000009
node
0.451249323125
disable
0.3609994585
done
12
170 171 0.75461695403758 18 1
171 1000001 1.1504025064653 19 1
170 1000001 0.94369590786679 17 0
47 1000002 -1.3574316197327 2216 1
132 1000003 0.048028404934687 15 1
109 1000003 1.0512998521695 2217 1
140 1000003 -1.3918533807198 2189 1
130 1000005 0.42269456738843 16 1
21 1000006 -0.93966490676595 2190 1
170 1000006 -1.0566608282044 2191 1
37 1000006 -0.83541367839595 2476 0
94 1000001 -0.26007873775445 2477 1
0
12
2
0
172
connections
0.69999895
step
0.285
link
1.999997
enable
0.1805
bias
0.3999994
node
0.49999925
disable
0.3999994
done
10
170 171 0.77894604327525 18 1
130 172 1 2239 1
170 1000001 1.3936291085543 17 0
171 1000001 0.19489120151372 19 1
137 1000002 1.5084078493606 2236 1
132 1000003 0.21497314371166 15 0
172 1000005 0.23740791039766 2240 1
130 1000005 0.23740791039766 16 0
10 1000005 0.91915646839808 2237 1
170 1000006 -1.5124362926115 2238 0
0
173
connections
0.69999790000157
step
0.315789
link
2.2160565097102
enable
0.19999940000045
bias
0.3999988000009
node
0.49999850000112
disable
0.3609994585
done
14
170 171 0.50375713370159 18 1
130 172 1.3293252357555 2239 1
69 172 -0.47260963774529 2461 0
171 1000001 -0.062554246650594 19 1
170 1000001 1.4072585222938 17 0
137 1000002 1.4220476393933 2236 1
132 1000003 0.032363353373821 15 0
33 1000004 0.46028015991699 2460 1
10 1000005 0.64631595812861 2237 1
130 1000005 0.27768730735191 16 0
172 1000005 0.39959532456435 2240 1
170 1000006 -1.4131685842463 2238 0
68 172 1.619861445967 2472 1
96 1000004 -1.5241554002503 2473 1
0
1
1
0
172
connections
0.7368398947385
step
0.285
link
1.89999715
enable
0.189999715
bias
0.34295
node
0.5263142105275
disable
0.37999943
done
10
170 171 1.1826862418821 18 1
152 172 1 2451 1
170 1000001 1.1028778954436 17 0
38 1000001 -0.037171544541765 2450 1
171 1000001 0.91047123001812 19 1
132 1000003 0.82332667012543 15 0
130 1000005 0.55033748023167 16 1
161 1000006 0.85765541550951 2423 1
152 1000006 -0.94525391399884 2424 0
172 1000006 -0.94525391399884 2452 1
0
1
2
0
171
connections
0.69999895
step
0.285
link
1.999997
enable
0.1805
bias
0.3999994
node
0.49999925
disable
0.3999994
done
8
170 171 1.221454054384 18 0
158 171 0.25617236854152 2453 1
120 1000001 0.74092837305826 2454 1
171 1000001 -1.5926389355144 19 1
170 1000001 1.0433697012238 17 0
132 1000003 0.16647434919279 15 0
130 1000005 0.37248435926389 16 1
170 1000006 -1.6209601123081 2455 1
0
172
connections
0.7368398947385
step
0.315789
link
1.89999715
enable
0.171475
bias
0.421051368422
node
0.5263142105275
disable
0.421051368422
done
10
170 171 1.4994258591571 18 0
158 171 0.43832904718162 2453 1
120 1000001 0.65740094415113 2454 1
171 1000001 -1.7358990290536 19 1
170 1000001 0.9591098291879 17 0
132 1000003 -0.014410191381573 15 0
130 1000005 0.32754511835078 16 1
170 1000006 -1.6147247083041 2455 1
157 1000004 -1.329935605945 2474 1
38 171 -0.43183690908536 2475 1
