10
20000
10
20000
8
1
20000
171
connections
0.736841
step
0.315789
link
2.10526
enable
0.19
bias
0.38
node
0.526315
disable
0.38
done
5
170 171 1 18 1
171 1000001 1.2115237891781 19 1
170 1000001 1.2115237891781 17 0
132 1000003 0.3961912900174 15 0
130 1000005 0.28962065492721 16 1
0
10
1
0
170
connections
0.736841
step
0.285
link
1.9
enable
0.210526
bias
0.421052
node
0.475
disable
0.421052
done
2
1000003 1000002 -1.3870662556841 21 1
122 1000004 -0.29377117221595 20 0
0
10
1
0
170
connections
0.736841
step
0.315789
link
1.9
enable
0.210526
bias
0.421052
node
0.526315
disable
0.421052
done
2
170 1000003 -0.24909207434309 36 1
32 1000006 -0.17023224585711 35 1
0
4
1
0
170
connections
0.69999895
step
0.285
link
1.805
enable
0.22160598338
bias
0.3999994
node
0.49999925
disable
0.44321196676
done
5
170 1000002 -1.4894863734855 136 1
147 1000002 1.206640827662 134 1
170 1000003 -0.26291283913694 36 0
154 1000004 1.7567064424574 135 1
32 1000006 0.087021851252785 35 1
0
1
1
0
170
connections
0.77562094183
step
0.33240897507
link
1.805
enable
0.22160598338
bias
0.3999994
node
0.49999925
disable
0.44321196676
done
4
152 1000002 -0.14459669789727 177 1
170 1000003 -0.24909207434309 36 1
78 1000005 -0.48384044923246 178 1
32 1000006 -0.17023224585711 35 1
0
0
1
0
171
connections
0.81644187199851
step
0.3157885263165
link
2.10525684211
enable
0.171475
bias
0.34295
node
0.58317276571322
disable
0.37999943
done
11
170 171 0.83595276728078 18 0
171 1000001 0.79789034069756 19 1
170 1000001 1.1443475944833 17 1
170 1000002 -1.1022903351508 173 1
132 1000003 -0.12030461287218 15 1
35 1000005 1.3327135396723 171 1
130 1000005 0.23999669292577 16 1
113 1000006 -1.3852509584099 172 1
171 1000004 -0.95675527207251 185 1
134 1000002 -0.91598254341258 186 1
170 1000003 0.80220954008606 187 1
0
0
1
0
170
connections
0.77562094183
step
0.33240897507
link
1.805
enable
0.22160598338
bias
0.44321196676
node
0.49999925
disable
0.3999994
done
5
170 1000003 -0.39386603849068 36 1
32 1000006 0.052635052745531 35 1
53 1000005 -0.37763603625599 188 1
69 1000003 0.67281105990783 189 1
170 1000002 0.95406964323862 190 1
0
0
1
0
170
connections
0.69999895
step
0.29999955
link
1.999997
enable
0.1999997
bias
0.3999994
node
0.49999925
disable
0.3999994
done
4
1000003 1000002 -1.3870662556841 21 0
122 1000004 -0.29377117221595 20 1
111 1000005 -1.4178289132359 191 1
81 1000005 -1.805413983581 192 1
0
0
1
0
171
connections
0.7368398947385
step
0.315789
link
1.89999715
enable
0.23326910628529
bias
0.421051368422
node
0.5263142105275
disable
0.46653821257058
done
10
170 1000002 -1.7087856286813 136 0
147 1000002 1.2789503118076 134 1
170 1000003 -0.054503856776635 36 0
154 1000004 1.4811632649007 135 1
32 1000006 0.15246949977111 35 0
80 1000002 0.31513412884915 193 1
103 1000001 0.99899288918729 194 1
170 1000006 -1.8221381267739 195 1
170 171 1 196 1
171 1000002 -1.7087856286813 197 1
0
0
1
0
170
connections
0.69999895
step
0.29999955
link
1.805
enable
0.22160598338
bias
0.44321196676
node
0.49999925
disable
0.44321196676
done
4
170 1000003 -0.012558721449934 36 1
32 1000006 -0.32885196092868 35 0
94 1000002 0.27179784539323 198 1
90 1000001 1.8834192938017 199 1
