4
20000
9
20000
2
2
20000
171
connections
0.736841
step
0.315789
link
2.10526
enable
0.19
bias
0.38
node
0.526315
disable
0.38
done
5
170 171 1 18 1
171 1000001 1.2115237891781 19 1
170 1000001 1.2115237891781 17 0
132 1000003 0.3961912900174 15 0
130 1000005 0.28962065492721 16 1
0
171
connections
0.77562094183
step
0.33240897507
link
2.2160598338
enable
0.1999997
bias
0.3999994
node
0.55401495845
disable
0.3999994
done
8
170 171 -0.13666188543352 18 1
171 1000001 0.95369810780956 19 1
170 1000001 1.2848902859584 17 0
132 1000003 0.13603234456404 15 0
130 1000005 0.46338796148485 16 1
74 171 -1.7289956358531 103 1
38 1000003 0.36445204016236 104 0
110 1000002 0.76119266335032 105 1
0
4
1
0
170
connections
0.736841
step
0.285
link
1.9
enable
0.210526
bias
0.421052
node
0.475
disable
0.421052
done
2
1000003 1000002 -1.3870662556841 21 1
122 1000004 -0.29377117221595 20 0
0
4
1
0
170
connections
0.736841
step
0.315789
link
1.9
enable
0.210526
bias
0.421052
node
0.526315
disable
0.421052
done
2
170 1000003 -0.24909207434309 36 1
32 1000006 -0.17023224585711 35 1
0
2
1
0
171
connections
0.77562094183
step
0.29999955
link
1.999997
enable
0.1999997
bias
0.44321196676
node
0.49999925
disable
0.44321196676
done
7
170 171 1 61 0
1000003 1000002 -1.1183237162038 21 1
65 1000002 -1.1254615924558 59 1
122 1000004 -0.4287879074633 20 0
1000001 1000005 -0.8310190130314 58 1
170 1000005 1.6091189306314 60 0
171 1000005 1.6091189306314 62 1
0
1
1
0
171
connections
0.77562094183
step
0.27075
link
1.999997
enable
0.22160598338
bias
0.44321196676
node
0.49999925
disable
0.3999994
done
5
1000003 1000002 -1.1300822244942 21 1
94 1000002 0.77120273445845 74 0
69 1000003 1.2391125217444 75 1
122 1000004 -0.039282532731102 20 0
170 1000004 1.137913144322 76 1
0
0
1
0
172
connections
0.69999895
step
0.315789
link
2.2160598338
enable
0.1999997
bias
0.3999994
node
0.55401495845
disable
0.3999994
done
11
170 171 1 18 1
171 1000001 1.2115237891781 19 0
170 1000001 1.2115237891781 17 1
132 1000003 0.3961912900174 15 0
130 1000005 0.28962065492721 16 1
93 1000005 -1.5694448683126 89 1
146 1000001 -1.3206579790643 90 1
117 1000006 -1.7451094088565 91 1
170 1000002 1.2304452650533 92 1
171 172 1 93 1
172 1000001 1.2115237891781 94 0
0
0
1
0
171
connections
0.69999895
step
0.27075
link
1.805
enable
0.22160598338
bias
0.44321196676
node
0.45125
disable
0.44321196676
done
4
1000003 1000002 -1.3597739417707 21 1
122 1000004 -0.14630573442793 20 0
53 1000002 -0.62984099856563 95 1
108 1000003 1.937742240669 96 1
0
0
1
0
170
connections
0.77562094183
step
0.315789
link
1.999997
enable
0.1999997
bias
0.44321196676
node
0.49999925
disable
0.44321196676
done
4
170 1000003 -0.2196112384106 36 1
32 1000006 0.11527601321451 35 1
135 1000005 -0.21698660237434 97 1
132 1000006 -1.1814935758538 98 1
0
0
1
0
171
connections
0.69999895
step
0.29999955
link
1.999997
enable
0.22160598338
bias
0.44321196676
node
0.49999925
disable
0.44321196676
done
6
170 1000003 -0.22240367783898 36 1
32 1000006 -0.43340821755882 35 0
23 1000005 -1.7985778374584 99 1
117 1000004 -0.73616748558 100 1
32 171 1 101 1
171 1000006 -0.43340821755882 102 1
