24
40000
5
40000
2
4
40000
170
connections
0.69999895
step
0.285
link
1.805
enable
0.22160598338
bias
0.44321196676
node
0.49999925
disable
0.3999994
done
5
170 1000001 1.6575823236793 202 1
1000003 1000002 -1.3870662556841 21 0
122 1000004 -0.29377117221595 20 0
47 1000004 1.1698965422529 201 1
168 1000006 0.56978057191687 200 1
0
170
connections
0.6649990025
step
0.29999955
link
1.89999715
enable
0.210525684211
bias
0.421051368422
node
0.5263142105275
disable
0.421051368422
done
7
170 1000001 1.4494128309473 202 1
1000003 1000002 -1.1971712190146 21 1
122 1000004 -0.2653981565157 20 0
47 1000004 1.196841293852 201 1
168 1000006 0.59837332055574 200 1
165 1000001 1.7216711935789 435 1
83 1000005 0.61104159672842 436 1
0
170
connections
0.7368398947385
step
0.285
link
1.71475
enable
0.23326910628529
bias
0.421051368422
node
0.5263142105275
disable
0.421051368422
done
6
170 1000001 1.6972876674703 202 1
1000003 1000002 -1.4374872585223 21 0
122 1000004 -0.23080797753838 20 0
47 1000004 1.091834009827 201 1
168 1000006 0.3221810052797 200 1
32 1000006 -1.417706839198 439 0
0
170
connections
0.7368398947385
step
0.285
link
1.89999715
enable
0.210525684211
bias
0.421051368422
node
0.4749992875
disable
0.421051368422
done
8
170 1000001 1.6575823236793 202 1
1000003 1000002 -1.3870662556841 21 0
122 1000004 -0.29377117221595 20 0
47 1000004 1.1698965422529 201 1
168 1000006 0.56978057191687 200 0
163 1000006 0.4022949919126 441 1
30 1000003 0.038758507034516 442 1
170 1000002 -0.44660786767174 443 1
40000
2
2
40000
171
connections
0.6649990025
step
0.27075
link
1.71475
enable
0.210525684211
bias
0.46653821257058
node
0.5263142105275
disable
0.421051368422
done
9
170 171 1 245 1
14 1000001 -0.67928098391675 244 0
170 1000001 1.7518205435347 202 0
171 1000001 1.7518205435347 246 1
1000003 1000002 -0.093081453901791 21 0
68 1000002 -1.2228766747032 243 1
122 1000004 -0.16370507675405 20 0
47 1000004 0.75850703451643 201 1
168 1000006 0.21051667836543 200 1
0
171
connections
0.631749052375
step
0.285
link
1.8049972925
enable
0.19999940000045
bias
0.49109211869817
node
0.49999850000112
disable
0.3999988000009
done
11
170 171 0.92988723410749 245 1
14 1000001 -0.72269157994324 244 0
170 1000001 1.6725229270302 202 0
171 1000001 1.5744990005188 246 1
1000003 1000002 0.17937635425886 21 0
68 1000002 -1.4074173711356 243 1
122 1000004 -0.20381051820429 20 0
47 1000004 0.64925428022095 201 1
168 1000006 -0.067925199133275 200 1
33 1000002 0.25763725699637 437 1
69 171 -0.042176580095828 438 1
30000
2
1
30000
172
connections
0.77562094183
step
0.29999955
link
1.999997
enable
0.1999997
bias
0.361
node
0.55401495845
disable
0.361
done
10
170 171 -0.32275313897886 18 1
170 172 1 370 1
170 1000001 1.7924111150211 17 1
171 1000001 0.97048591104312 19 1
170 1000002 1.585558641316 369 0
172 1000002 1.585558641316 371 1
132 1000003 0.53834934577013 15 0
5 1000005 1.8426465651418 367 1
69 1000005 -1.0263374736778 368 1
130 1000005 0.65373858471939 16 1
40000
2
2
40000
171
connections
0.631749052375
step
0.285
link
1.8049972925
enable
0.22160565097102
bias
0.44321130194205
node
0.49999850000112
disable
0.3999988000009
done
12
170 171 1 382 1
166 1000001 0.57454145939512 379 1
170 1000001 1.7547625659963 202 1
1000003 1000002 -1.2014644306772 21 0
170 1000002 1.3694875942259 381 0
171 1000002 1.3694875942259 383 1
127 1000003 -0.66133610034486 361 1
64 1000004 -0.015198217719047 360 1
122 1000004 -0.46556093020417 20 0
47 1000004 0.96194143498032 201 0
67 1000005 1.6596575823237 380 1
168 1000006 1.3801080355235 200 1
0
171
connections
0.6649980050015
step
0.29999955
link
1.714747427875
enable
0.23326875638163
bias
0.46653751276326
node
0.47499857500107
disable
0.37999886000085
done
13
170 171 -0.35786004211554 382 0
166 1000001 0.82213470353252 379 1
170 1000001 1.9678577387692 202 1
1000003 1000002 -1.3810686413877 21 0
170 1000002 1.3903896900128 381 0
171 1000002 1.4753897151051 383 1
127 1000003 -0.85544268500473 361 1
64 1000004 0.21203310743889 360 1
122 1000004 -0.40521677193365 20 0
47 1000004 1.2346025451994 201 0
67 1000005 1.9831537827692 380 1
168 1000006 1.3082645201315 200 1
117 1000006 1.3965880306406 440 1
0
0
1
0
171
connections
0.7368398947385
step
0.285
link
1.89999715
enable
0.210525684211
bias
0.46653821257058
node
0.5263142105275
disable
0.37999943
done
10
170 1000001 -1.384624774926 202 0
1000003 1000002 -1.5262393566698 21 0
122 1000004 -0.054399700918607 20 0
47 1000004 -0.28156376842555 201 1
168 1000006 0.37527222510453 200 1
23 1000002 0.71602526932585 430 0
90 1000004 1.0076601458785 431 1
170 1000002 0.10028382213813 432 1
170 171 1 433 1
171 1000001 -1.384624774926 434 1
