152
20000
5
20000
150
2
20000
171
connections
0.736841
step
0.315789
link
2.10526
enable
0.19
bias
0.38
node
0.526315
disable
0.38
done
5
170 171 1 18 1
171 1000001 1.2115237891781 19 1
170 1000001 1.2115237891781 17 0
132 1000003 0.3961912900174 15 0
130 1000005 0.28962065492721 16 1
0
171
connections
0.77562094183
step
0.33240897507
link
1.999997
enable
0.1999997
bias
0.361
node
0.49999925
disable
0.361
done
7
170 171 0.73702084839199 18 1
171 1000001 1.4911604174262 19 1
170 1000001 1.3018008200063 17 0
132 1000003 0.19744791312612 15 0
130 1000005 0.39097561784492 16 1
152 1000002 0.80916776024659 2937 1
88 1000006 -0.068300424207282 2938 1
0
13
3
0
174
connections
0.77562094183
step
0.29999955
link
1.999997
enable
0.1805
bias
0.361
node
0.55401495845
disable
0.3999994
done
9
170 171 -1.9329813531907 18 1
109 171 1.7592699972533 2694 0
174 171 1.7592699972533 2697 0
109 174 1 2696 1
171 1000001 -1.469832453383 19 1
170 1000001 1.1079654863109 17 0
132 1000003 0.37322004239174 15 0
130 1000005 0.068157319408246 16 1
67 1000006 -0.4760277108066 2695 1
0
176
connections
0.69999790000157
step
0.285
link
1.9999940000045
enable
0.18049972925
bias
0.3999988000009
node
0.49999850000112
disable
0.3609994585
done
15
170 171 -2.0496229438154 18 1
109 171 1.7569913137094 2694 0
174 171 1.9163171937043 2697 0
109 174 0.95371032973334 2696 1
75 175 1.1953433332316 2930 1
170 1000001 0.78143377566828 17 0
171 1000001 -1.6324983811189 19 1
35 1000002 -0.97841380046998 2929 1
132 1000003 0.48175054564188 15 0
75 1000005 0.4563571581164 2928 0
130 1000005 0.17310460553201 16 1
175 1000005 0.34525177770318 2931 1
67 1000006 -0.5525509850782 2695 0
1000004 1000004 -1.6205938901944 2946 1
44 1000001 -0.89400921658986 2947 0
0
175
connections
0.7368398947385
step
0.2849995725
link
1.89999715
enable
0.171475
bias
0.37999943
node
0.5263142105275
disable
0.421051368422
done
14
170 171 -1.6676561186831 18 1
109 171 2.0011808560424 2694 0
174 171 1.5758950777606 2697 0
109 174 1.0627369584168 2696 1
171 1000001 -1.3945359264158 19 1
170 1000001 1.0532304690758 17 0
132 1000003 0.45470937601253 15 0
130 1000005 0.1149599775589 16 1
67 1000006 0.28254036072878 2695 1
48 174 -0.15338602862636 2955 1
82 171 0.59016693624683 2956 0
170 1000006 0.81807916501358 2957 1
82 175 1 2958 1
175 171 0.59016693624683 2959 1
0
8
3
0
172
connections
0.7368398947385
step
0.3157885263165
link
1.89999715
enable
0.210525684211
bias
0.421051368422
node
0.5263142105275
disable
0.37999943
done
12
170 171 0.98482168807101 18 1
29 171 -1.9785242540524 2783 1
111 171 1.0116885891293 2804 1
6 172 1 2806 1
170 1000001 1.2420764773497 17 0
171 1000001 1.2231619632245 19 1
170 1000002 -0.56575212866604 2805 1
132 1000003 0.24822850079214 15 0
6 1000004 1.1756340220344 2803 0
172 1000004 1.1756340220344 2807 1
130 1000005 0.77828841537825 16 1
45 1000006 1.6713862724243 2782 1
0
173
connections
0.77561977839859
step
0.29999910000067
link
1.8049972925
enable
0.19999940000045
bias
0.44321130194205
node
0.55401412742756
disable
0.3999988000009
done
15
170 171 1.0830146977303 18 1
29 171 1.4898525955992 2783 1
111 171 0.87326620096713 2804 1
6 172 1.0957942620108 2806 1
170 1000001 1.530942458493 17 0
171 1000001 0.99984954377455 19 1
170 1000002 -0.59355745923344 2805 1
132 1000003 0.096420734530008 15 0
6 1000004 0.99500466188808 2803 0
172 1000004 1.279869678442 2807 1
130 1000005 0.77027733067411 16 1
45 1000006 1.4163224909698 2782 1
91 1000006 1.4391918698691 2948 0
172 173 1 2949 1
173 1000004 1.279869678442 2950 1
0
173
connections
0.69999790000157
step
0.29999910000067
link
1.8049972925
enable
0.19999940000045
bias
0.3999988000009
node
0.49999850000112
disable
0.3999988000009
done
16
170 171 1.0760015652922 18 1
29 171 -1.7861025772216 2783 1
111 171 1.1793903474445 2804 1
6 172 1.0007232865047 2806 1
170 1000001 1.5345497354912 17 0
171 1000001 1.3573361876121 19 1
170 1000002 -0.52906593848376 2805 1
132 1000003 0.40419287557504 15 0
6 1000004 1.0467516913141 2803 0
172 1000004 1.2981807291943 2807 0
130 1000005 0.65636428394391 16 1
45 1000006 1.6120676235122 2782 1
123 1000005 -1.4330881679739 2951 1
6 1000005 0.13263344218268 2952 1
172 173 1 2953 1
173 1000004 1.2981807291943 2954 1
0
0
1
0
172
connections
0.7368398947385
step
0.285
link
1.89999715
enable
0.189999715
bias
0.421051368422
node
0.4749992875
disable
0.34295
done
11
170 171 1.00984977987 18 0
170 1000001 1.258461839259 17 1
171 1000001 1.1245440014344 19 1
145 1000003 2.1702815332499 2922 1
132 1000003 0.4053030883816 15 0
76 1000004 0.072983336893826 2923 1
130 1000005 0.53774355342265 16 1
81 1000006 1.6131473738823 2939 1
7 1000003 -0.4451429792169 2940 1
170 172 1 2941 1
172 171 1.00984977987 2942 1
0
0
1
0
171
connections
0.7368398947385
step
0.33240897507
link
1.89999715
enable
0.189999715
bias
0.37999943
node
0.4749992875
disable
0.37999943
done
10
170 171 1.231433135606 18 1
170 1000001 1.5164293406888 17 0
171 1000001 1.1410410148225 19 1
145 1000003 1.9654559291573 2922 1
132 1000003 0.39297868140785 15 0
76 1000004 0.27483392870681 2923 1
130 1000005 0.4135705065078 16 1
30 1000003 0.28180791650136 2943 0
73 1000005 -1.1207007049776 2944 1
170 1000004 1.0545365764336 2945 1
