122
20000
7
20000
120
1
20000
171
connections
0.736841
step
0.315789
link
2.10526
enable
0.19
bias
0.38
node
0.526315
disable
0.38
done
5
170 171 1 18 1
171 1000001 1.2115237891781 19 1
170 1000001 1.2115237891781 17 0
132 1000003 0.3961912900174 15 0
130 1000005 0.28962065492721 16 1
0
8
4
0
172
connections
0.6649990025
step
0.3157885263165
link
2.10525684211
enable
0.210525684211
bias
0.421051368422
node
0.4749992875
disable
0.37999943
done
10
170 171 1.070652027955 18 1
171 1000001 1.2115237891781 19 1
170 1000001 1.2115237891781 17 0
47 1000002 -1.042573320719 2216 1
140 1000003 -1.3610644856105 2189 1
109 1000003 0.9226966154973 2217 1
132 1000003 0.26519409772027 15 1
130 1000005 0.27753532517472 16 1
21 1000006 0.68037965025788 2190 1
170 1000006 -1.3484908597064 2191 1
0
172
connections
0.631749052375
step
0.33240847645654
link
2.2160565097102
enable
0.22160565097102
bias
0.44321130194205
node
0.451249323125
disable
0.3999988000009
done
13
170 171 0.96919577095731 18 1
171 1000001 1.4942642490103 19 1
170 1000001 0.94371619708926 17 0
47 1000002 -0.95174861629947 2216 1
140 1000003 -1.2217485394703 2189 1
109 1000003 1.1836667396113 2217 1
132 1000003 0.18384446019761 15 1
130 1000005 0.055703111219364 16 1
21 1000006 1.9188207647938 2190 0
170 1000006 1.7027497177038 2191 1
141 1000001 -0.67879268776513 2379 1
7 1000001 -0.95980712302011 2380 1
170 1000003 0.80721457564013 2381 1
0
172
connections
0.69999790000157
step
0.33240847645654
link
1.9999940000045
enable
0.22160565097102
bias
0.3999988000009
node
0.451249323125
disable
0.3999988000009
done
12
170 171 0.69297740788706 18 1
171 1000001 1.5304602219098 19 1
170 1000001 1.4148116537893 17 0
47 1000002 -0.75009403409777 2216 1
140 1000003 -1.4368142977295 2189 1
109 1000003 -1.9160130619221 2217 1
132 1000003 0.27350688192389 15 1
130 1000005 -0.072322991766082 16 1
21 1000006 0.50346777486723 2190 1
170 1000006 -1.7976571500806 2191 1
129 1000002 -1.7204504531999 2382 1
118 1000001 -0.21723075045015 2383 1
0
173
connections
0.69999790000157
step
0.29999910000067
link
2.2160565097102
enable
0.19999940000045
bias
0.3999988000009
node
0.49999850000112
disable
0.3609994585
done
14
170 171 1.1757116816464 18 1
171 1000001 0.91996608357428 19 1
170 1000001 1.2119724099216 17 0
47 1000002 -0.83989745546694 2216 1
140 1000003 -1.1810393901391 2189 1
109 1000003 1.023819393277 2217 1
132 1000003 0.55781384426776 15 1
130 1000005 0.0041971150694252 16 1
21 1000006 0.4749754384437 2190 1
170 1000006 -1.6060815661647 2191 1
104 1000002 -1.2293465987121 2384 1
167 171 -0.74129459517197 2385 0
167 173 1 2386 1
173 171 -0.74129459517197 2387 1
0
7
1
0
172
connections
0.69999895
step
0.285
link
1.999997
enable
0.1805
bias
0.3999994
node
0.49999925
disable
0.3999994
done
10
170 171 0.77894604327525 18 1
130 172 1 2239 1
170 1000001 1.3936291085543 17 0
171 1000001 0.19489120151372 19 1
137 1000002 1.5084078493606 2236 1
132 1000003 0.21497314371166 15 0
10 1000005 0.91915646839808 2237 1
130 1000005 0.23740791039766 16 0
172 1000005 0.23740791039766 2240 1
170 1000006 -1.5124362926115 2238 0
0
2
1
0
172
connections
0.7368398947385
step
0.3157885263165
link
2.10525684211
enable
0.210525684211
bias
0.34295
node
0.4749992875
disable
0.37999943
done
10
170 171 1.5076754051332 18 1
139 1000001 0.77828302865688 2333 1
170 1000001 1.4512935571497 17 0
171 1000001 -1.2348399304178 19 1
170 1000002 2.0563304218367 2316 1
18 1000003 1.8001647999512 2314 0
132 1000003 0.56613581417513 15 1
151 1000004 -1.5347537369944 2315 1
49 1000005 0.31635486922819 2332 1
130 1000005 -0.15507361083505 16 1
0
0
1
0
172
connections
0.77562094183
step
0.29999955
link
1.999997
enable
0.1999997
bias
0.3999994
node
0.49999925
disable
0.361
done
9
170 171 0.46897873165075 18 1
171 1000001 -0.34199041718802 19 1
170 1000001 1.1442763544191 17 0
132 1000003 0.35393847702719 15 0
130 1000005 0.06411972666097 16 1
132 171 -1.0498977629933 2370 0
4 1000005 -1.8139591662343 2371 0
132 172 1 2372 1
172 171 -1.0498977629933 2373 1
0
0
1
0
172
connections
0.77562094183
step
0.33240897507
link
1.999997
enable
0.1999997
bias
0.361
node
0.49999925
disable
0.361
done
10
170 171 0.73375427867329 18 1
171 1000001 0.34662923062838 19 1
170 1000001 0.95223728159996 17 0
132 1000003 0.43560316379732 15 0
130 1000005 0.39044809726923 16 1
84 171 0.95101779229102 2374 1
99 1000006 -0.57649464400159 2375 1
170 1000006 0.80660420545061 2376 0
170 172 1 2377 1
172 1000006 0.80660420545061 2378 1
0
0
1
0
172
connections
0.77562094183
step
0.33240897507
link
2.2160598338
enable
0.1805
bias
0.361
node
0.55401495845
disable
0.361
done
10
170 171 1.1971608151642 18 0
171 1000001 1.2745320640937 19 1
170 1000001 1.4337824101934 17 0
132 1000003 0.25870116766492 15 0
130 1000005 0.19386552581299 16 1
32 1000004 0.81588183233131 2388 1
49 1000004 -0.26020081179235 2389 1
170 1000004 0.76424451429792 2390 1
170 172 1 2391 1
172 171 1.1971608151642 2392 1
