60
20000
6
20000
58
1
20000
171
connections
0.736841
step
0.315789
link
2.10526
enable
0.19
bias
0.38
node
0.526315
disable
0.38
done
5
170 171 1 18 1
171 1000001 1.2115237891781 19 1
170 1000001 1.2115237891781 17 0
132 1000003 0.3961912900174 15 0
130 1000005 0.28962065492721 16 1
0
14
2
0
173
connections
0.7368398947385
step
0.285
link
2.10525684211
enable
0.189999715
bias
0.421051368422
node
0.5263142105275
disable
0.37999943
done
14
170 171 1.262289317009 18 1
31 171 -0.95736564226203 846 1
130 172 1 827 1
171 173 1 848 1
170 1000001 1.3170989167014 17 1
171 1000001 0.92766699632454 19 0
173 1000001 0.92766699632454 849 1
132 1000002 1.8717001861629 826 1
170 1000002 -0.93160802026429 847 0
36 1000002 -1.0262153996399 825 0
132 1000003 0.56021975517767 15 0
130 1000005 0.56767472144821 16 0
172 1000005 0.56767472144821 828 1
1000002 1000005 -0.53975035859249 845 1
0
173
connections
0.69999790000157
step
0.27075
link
1.9999940000045
enable
0.18049972925
bias
0.44321130194205
node
0.49999850000112
disable
0.3999988000009
done
17
170 171 1.4137067110335 18 1
31 171 0.22846156193732 846 1
130 172 0.87913876003296 827 1
171 173 0.75056824701682 848 1
170 1000001 1.337681766825 17 1
171 1000001 0.84185692063864 19 0
173 1000001 1.0880413592507 849 1
132 1000002 1.7650511108737 826 1
170 1000002 -1.0426033738212 847 0
36 1000002 -1.1267334131901 825 0
132 1000003 -0.73860896633808 15 0
130 1000005 0.73066015648957 16 0
172 1000005 1.1227759636219 828 1
1000002 1000005 -0.30801770836512 845 1
153 173 -1.2730491042817 1135 1
73 173 1.9405499435408 1136 1
170 1000006 -1.9947508163701 1137 1
0
3
2
0
173
connections
0.6649990025
step
0.34990365942793
link
1.89999715
enable
0.171475
bias
0.34295
node
0.58317276571322
disable
0.421051368422
done
11
170 171 0.75037117680754 18 1
96 171 -0.042054506057924 1074 1
147 172 1 1054 1
170 1000001 1.070523626072 17 0
171 1000001 1.4573585220762 19 1
172 1000002 -0.34345530564287 1055 1
147 1000002 -0.34345530564287 1052 1
69 1000002 1.9306619464705 1053 1
132 1000003 0.59385933650438 15 0
130 1000005 0.10686520932993 16 1
15 1000005 -0.18622394482253 1075 1
0
174
connections
0.631749052375
step
0.36831908902363
link
1.9999940000045
enable
0.18049972925
bias
0.3609994585
node
0.61386514837271
disable
0.3999988000009
done
15
170 171 1.1007503486559 18 1
96 171 -0.3579027095088 1074 1
147 172 1.1880206733024 1054 0
170 1000001 1.3674202628829 17 0
171 1000001 1.3827999565226 19 1
172 1000002 -0.34733329525783 1055 1
147 1000002 -0.44195624186267 1052 1
69 1000002 2.2925289600188 1053 1
132 1000003 0.22987909962965 15 0
130 1000005 0.41736291116714 16 1
15 1000005 -0.084530692513909 1075 1
37 1000006 1.4722739341411 1145 0
39 1000006 -0.36603900265511 1146 1
147 174 1 1147 1
174 172 1.1880206733024 1148 1
0
1
3
0
172
connections
0.69999895
step
0.29999955
link
2.2160598338
enable
0.1805
bias
0.361
node
0.49999925
disable
0.3999994
done
9
170 171 1.7947935422834 18 1
6 171 -0.071474349192785 1110 0
172 171 -0.071474349192785 1112 1
6 172 1 1111 1
170 1000001 1.4186312393735 17 0
171 1000001 1.0117590813486 19 0
132 1000003 0.34377582861568 15 0
130 1000004 0.62630085146641 1109 1
130 1000005 -0.24331794049771 16 1
0
172
connections
0.6649990025
step
0.2849995725
link
2.3326910628529
enable
0.189999715
bias
0.37999943
node
0.4749992875
disable
0.37999943
done
11
170 171 1.7947935422834 18 1
6 171 -0.071474349192785 1110 0
172 171 -0.071474349192785 1112 1
6 172 1 1111 1
170 1000001 1.4186312393735 17 0
171 1000001 1.0117590813486 19 0
132 1000003 0.34377582861568 15 0
130 1000004 0.62630085146641 1109 1
130 1000005 -0.24331794049771 16 1
18 171 0.69893490401929 1138 1
77 1000003 -1.1000701925718 1139 0
0
173
connections
0.6649990025
step
0.2849995725
link
2.3326910628529
enable
0.171475
bias
0.37999943
node
0.5263142105275
disable
0.421051368422
done
14
170 171 1.7793376189357 18 1
6 171 0.10734294293123 1110 0
172 171 1.8566850795007 1112 1
6 172 1.0753313180158 1111 1
170 1000001 1.4564404114569 17 0
171 1000001 0.81358057066981 19 0
132 1000003 0.59697638268067 15 0
130 1000004 1.6857814264351 1109 1
130 1000005 -0.47479148470202 16 0
98 1000004 -1.0053407391583 1140 1
17 1000002 1.0218207342753 1141 1
170 1000005 -1.7540208136235 1142 0
130 173 1 1143 1
173 1000005 -0.47479148470202 1144 1
0
0
1
0
171
connections
0.6649990025
step
0.285
link
2.10525684211
enable
0.189999715
bias
0.37999943
node
0.58317276571322
disable
0.37999943
done
12
170 171 1 18 1
14 171 -1.8287301248207 1114 1
157 171 1.9931638538774 1113 1
171 1000001 1.2115237891781 19 1
170 1000001 1.2115237891781 17 0
132 1000003 0.3961912900174 15 0
130 1000005 0.28962065492721 16 1
146 1000005 -0.62019714957121 1115 1
119 1000002 0.10309152500992 1129 1
45 1000004 1.7980895413068 1130 1
137 1000005 1.5877559739982 1131 1
170 1000002 1.1250953703421 1132 1
0
0
1
0
171
connections
0.6649990025
step
0.3157885263165
link
2.3326910628529
enable
0.171475
bias
0.421051368422
node
0.58317276571322
disable
0.37999943
done
10
170 171 1.2918492368066 18 1
14 171 -1.9857714785097 1114 1
157 171 1.7589269651746 1113 1
171 1000001 1.1232163375763 19 1
170 1000001 1.0151233137668 17 0
132 1000003 0.28220981778175 15 1
130 1000005 1.4554277169103 16 1
146 1000005 -0.88652656406618 1115 1
40 1000004 1.7116611224708 1133 1
170 1000003 1.0041199987793 1134 1
