45
40000
5
40000
23
3
40000
170
connections
0.69999895
step
0.285
link
1.805
enable
0.22160598338
bias
0.44321196676
node
0.49999925
disable
0.3999994
done
5
170 1000001 1.6575823236793 202 1
1000003 1000002 -1.3870662556841 21 0
47 1000004 1.1698965422529 201 1
122 1000004 -0.29377117221595 20 0
168 1000006 0.56978057191687 200 1
0
170
connections
0.6649990025
step
0.285
link
1.71475
enable
0.210525684211
bias
0.421051368422
node
0.4749992875
disable
0.421051368422
done
8
170 1000001 1.7199366740928 202 1
1000003 1000002 -1.6655081331828 21 0
47 1000004 1.163573259682 201 1
122 1000004 -0.43678868984039 20 0
168 1000006 0.80221121860408 200 1
1000002 1000002 -0.71895504623554 794 0
87 1000002 0.26300851466414 795 1
170 1000005 1.8149357585376 796 1
0
170
connections
0.6649990025
step
0.315789
link
1.89999715
enable
0.210525684211
bias
0.421051368422
node
0.4749992875
disable
0.421051368422
done
7
170 1000001 1.7977584461501 202 1
1000003 1000002 -1.1054900597247 21 0
47 1000004 0.94034308325449 201 1
122 1000004 -0.14544180123295 20 0
168 1000006 0.73534163124485 200 1
28 1000002 -0.89315469832453 797 1
21 1000003 -1.3072298348949 798 1
40000
23
3
40000
171
connections
0.6649990025
step
0.27075
link
1.71475
enable
0.210525684211
bias
0.46653821257058
node
0.5263142105275
disable
0.421051368422
done
9
170 171 1 245 1
171 1000001 1.7518205435347 246 1
170 1000001 1.7518205435347 202 0
14 1000001 -0.67928098391675 244 0
68 1000002 -1.2228766747032 243 1
1000003 1000002 -0.093081453901791 21 0
122 1000004 -0.16370507675405 20 0
47 1000004 0.75850703451643 201 1
168 1000006 0.21051667836543 200 1
0
172
connections
0.69999790000157
step
0.2849995725
link
1.6290125
enable
0.22160565097102
bias
0.44321130194205
node
0.49999850000112
disable
0.3999988000009
done
11
170 171 1 245 1
171 1000001 1.7518205435347 246 1
170 1000001 1.7518205435347 202 0
14 1000001 -0.67928098391675 244 0
68 1000002 -1.2228766747032 243 1
1000003 1000002 -0.093081453901791 21 0
122 1000004 -0.16370507675405 20 0
47 1000004 0.75850703451643 201 1
168 1000006 0.21051667836543 200 1
86 171 -1.3912167729728 799 1
79 171 0.89486373485519 800 1
0
171
connections
0.69999790000157
step
0.2849995725
link
1.8049972925
enable
0.22160565097102
bias
0.49109211869817
node
0.49999850000112
disable
0.44321130194205
done
10
170 171 0.74740828928579 245 0
171 1000001 1.8400419450626 246 1
170 1000001 1.7783400203422 202 0
14 1000001 -0.56308757930151 244 0
68 1000002 -1.5208594012268 243 1
1000003 1000002 -0.25780837133633 21 0
122 1000004 -0.28381247433859 20 0
47 1000004 -0.12018189031648 201 1
168 1000006 0.39519626218123 200 1
95 1000001 -0.3046357615894 801 1
40000
23
2
40000
171
connections
0.631749052375
step
0.285
link
1.8049972925
enable
0.22160565097102
bias
0.44321130194205
node
0.49999850000112
disable
0.3999988000009
done
12
170 171 1 382 1
170 1000001 1.7547625659963 202 1
166 1000001 0.57454145939512 379 1
1000003 1000002 -1.2014644306772 21 0
170 1000002 1.3694875942259 381 0
171 1000002 1.3694875942259 383 1
127 1000003 -0.66133610034486 361 1
122 1000004 -0.46556093020417 20 0
64 1000004 -0.015198217719047 360 1
47 1000004 0.96194143498032 201 0
67 1000005 1.6596575823237 380 1
168 1000006 1.3801080355235 200 1
0
172
connections
0.6649980050015
step
0.315789
link
1.714747427875
enable
0.21052536842247
bias
0.46653751276326
node
0.52631342105618
disable
0.37999886000085
done
16
170 171 1.1023589272439 382 1
170 1000001 1.7803113388165 202 1
166 1000001 0.67944466277047 379 1
1000003 1000002 -0.95435161140782 21 0
170 1000002 1.550776906003 381 0
171 1000002 1.5891145213477 383 1
127 1000003 -0.36859978408155 361 1
122 1000004 -0.5480475188757 20 0
64 1000004 -0.049632682180242 360 1
47 1000004 0.79487693975646 201 0
67 1000005 1.3444082772607 380 1
168 1000006 1.1593438940703 200 1
21 1000005 1.1878414258248 802 0
128 171 0.46833704641865 803 1
21 172 1 804 1
172 1000005 1.1878414258248 805 1
40000
23
1
40000
171
connections
0.7368398947385
step
0.315789
link
1.89999715
enable
0.23326910628529
bias
0.421051368422
node
0.5263142105275
disable
0.421051368422
done
9
47 171 1 389 1
165 1000001 -0.092593157750176 387 1
170 1000001 1.9311016452223 202 1
1000003 1000002 -1.1903763633839 21 0
47 1000004 0.52253791924802 201 0
171 1000004 0.52253791924802 390 1
150 1000004 1.8024842066713 388 1
122 1000004 -0.20715977224036 20 1
168 1000006 0.31069808993805 200 1
0
0
1
0
170
connections
0.7368398947385
step
0.27075
link
1.71475
enable
0.210525684211
bias
0.46653821257058
node
0.5263142105275
disable
0.37999943
done
8
170 1000001 1.5866784951323 202 1
1000003 1000002 -1.2352687688833 21 0
47 1000004 -1.5242774742882 201 0
122 1000004 -0.43836342204047 20 0
168 1000006 0.75720762504959 200 1
96 1000006 -0.34504226813562 806 1
73 1000002 0.80623798333689 807 1
170 1000005 1.8538773766289 808 1
