101
20000
6
20000
99
2
20000
171
connections
0.736841
step
0.315789
link
2.10526
enable
0.19
bias
0.38
node
0.526315
disable
0.38
done
5
170 171 1 18 1
171 1000001 1.2115237891781 19 1
170 1000001 1.2115237891781 17 0
132 1000003 0.3961912900174 15 0
130 1000005 0.28962065492721 16 1
0
175
connections
0.69999895
step
0.29999955
link
1.999997
enable
0.1805
bias
0.361
node
0.49999925
disable
0.3999994
done
9
170 171 1.1677935652593 18 1
171 1000001 1.2115237891781 19 1
170 1000001 1.2115237891781 17 0
132 1000003 0.52121017655721 15 1
130 1000005 0.28962065492721 16 1
107 1000004 -0.12787255470443 1918 0
103 1000001 -0.85250404370251 1919 1
107 175 1 1920 1
175 1000004 -0.12787255470443 1921 1
0
14
3
0
173
connections
0.85941120772179
step
0.33240847645654
link
1.9999940000045
enable
0.18049972925
bias
0.44321130194205
node
0.49999850000112
disable
0.3999988000009
done
12
170 171 0.56481626675378 18 1
6 171 -0.11151463362529 1642 1
171 1000001 0.75820467512092 19 0
170 1000001 -1.6940824610126 17 0
89 1000002 0.07432380058743 1610 0
132 1000003 0.89601660988125 15 0
98 1000005 1.8205978888207 1611 1
130 1000005 0.25983561935065 16 1
51 1000005 0.50898770104068 1643 1
83 1000006 -2.1007109181984 1631 1
93 1000006 0.91329691457869 1632 1
170 1000006 -0.34662923062838 1644 1
0
174
connections
0.8164406473357
step
0.31578805263371
link
2.1052536842247
enable
0.18999943000043
bias
0.42105073684495
node
0.47499857500107
disable
0.42105073684495
done
16
170 171 0.68718208920595 18 1
6 171 0.20388792378135 1642 1
171 1000001 0.93718047166807 19 0
170 1000001 -1.615161950651 17 0
89 1000002 0.17886046878769 1610 0
132 1000003 1.0717156969983 15 0
98 1000005 1.8062671037545 1611 1
130 1000005 0.19867549668874 16 1
51 1000005 0.6620774930902 1643 1
83 1000006 -2.4011369860334 1631 1
93 1000006 0.95950815492351 1632 1
170 1000006 -0.44031420818666 1644 1
99 1000005 1.8045594653157 1931 0
150 1000001 0.53279213843196 1932 1
99 174 1 1933 1
174 1000005 1.8045594653157 1934 1
0
174
connections
0.90464201958419
step
0.34990313457244
link
2.1052536842247
enable
0.1714747427875
bias
0.42105073684495
node
0.47499857500107
disable
0.37999886000085
done
15
170 171 0.41917190344821 18 1
6 171 0.14683085222056 1642 1
171 1000001 0.53473524254553 19 0
170 1000001 -2.0111171044747 17 0
89 1000002 0.13195578451295 1610 0
132 1000003 0.98875957456406 15 0
98 1000005 1.7555977246268 1611 1
130 1000005 0.21228416031408 16 1
51 1000005 0.4666687178469 1643 1
83 1000006 -2.2674560412291 1631 1
93 1000006 1.1366382048885 1632 1
170 1000006 -0.33053669778128 1644 1
83 1000002 -0.78707235938597 1937 1
45 1000004 -1.86779381695 1938 1
170 1000004 0.81099887081515 1939 1
0
13
2
0
172
connections
0.7368398947385
step
0.315789
link
2.10525684211
enable
0.189999715
bias
0.421051368422
node
0.4749992875
disable
0.37999943
done
11
170 171 1.0110541087985 18 1
5 171 -1.5532090212714 1649 1
62 171 -1.0486770226142 1665 1
137 172 1 1667 1
170 1000001 1.0953448165838 17 0
171 1000001 0.91283155378887 19 1
137 1000002 -0.60615863521226 1666 0
172 1000002 -0.60615863521226 1668 1
34 1000002 -0.1270180364391 1650 1
132 1000003 0.59027908172857 15 0
130 1000005 0.1888615376751 16 1
0
172
connections
0.77561977839859
step
0.285
link
1.9999940000045
enable
0.19999940000045
bias
0.3999988000009
node
0.49999850000112
disable
0.3999988000009
done
13
170 171 1.2115987116001 18 1
5 171 -1.2820906704917 1649 1
62 171 -1.109483169042 1665 1
137 172 0.78433866389966 1667 1
170 1000001 0.17743461409345 17 0
171 1000001 0.88848648100223 19 1
137 1000002 -0.68609988708152 1666 0
172 1000002 -0.8798515274514 1668 1
34 1000002 -0.37132984405042 1650 1
132 1000003 0.85007292919706 15 0
130 1000005 0.20746607882931 16 1
138 1000001 0.87777336954863 1935 1
16 1000005 1.2773216956084 1936 1
0
0
1
0
175
connections
0.81644187199851
step
0.2849995725
link
2.3326910628529
enable
0.210525684211
bias
0.37999943
node
0.4749992875
disable
0.34295
done
11
170 171 1.306322823086 18 1
107 171 -0.75859666248398 1900 1
170 1000001 0.97627175398335 17 0
171 1000001 0.88390518212355 19 1
132 1000003 0.33045955475791 15 1
138 1000004 -0.35766254358646 1899 0
130 1000005 0.08841426290376 16 1
88 1000004 0.62654499954222 1914 1
54 1000002 -0.45332193975646 1915 1
138 175 1 1916 1
175 1000004 -0.35766254358646 1917 1
0
0
1
0
175
connections
0.69999895
step
0.33240897507
link
1.999997
enable
0.1805
bias
0.3999994
node
0.55401495845
disable
0.3999994
done
9
170 171 0.96292139030485 18 1
171 1000001 -1.0671102023377 19 1
170 1000001 1.1427127879299 17 0
132 1000003 0.505841067477 15 0
130 1000005 -0.1258706830667 16 1
2 1000005 -1.1395001068148 1922 0
39 1000002 -1.8011413922544 1923 1
2 175 1 1924 1
175 1000005 -1.1395001068148 1925 1
0
0
1
0
172
connections
0.69999895
step
0.33240897507
link
2.2160598338
enable
0.1805
bias
0.361
node
0.49999925
disable
0.361
done
10
170 171 0.93806705548868 18 1
171 1000001 1.2772707242709 19 1
170 1000001 0.92874232672884 17 0
132 1000003 0.3964651949317 15 0
130 1000005 -1.5889767143773 16 0
35 1000004 0.95529038361766 1926 1
124 1000006 -0.80831324198126 1927 1
4 1000003 -0.61018707846309 1928 1
130 172 1 1929 1
172 1000005 -1.5889767143773 1930 1
