8
20000
8
20000
6
1
20000
171
connections
0.736841
step
0.315789
link
2.10526
enable
0.19
bias
0.38
node
0.526315
disable
0.38
done
5
170 171 1 18 1
171 1000001 1.2115237891781 19 1
170 1000001 1.2115237891781 17 0
132 1000003 0.3961912900174 15 0
130 1000005 0.28962065492721 16 1
0
8
2
0
170
connections
0.736841
step
0.285
link
1.9
enable
0.210526
bias
0.421052
node
0.475
disable
0.421052
done
2
1000003 1000002 -1.3870662556841 21 1
122 1000004 -0.29377117221595 20 0
0
171
connections
0.77562094183
step
0.29999955
link
1.805
enable
0.1999997
bias
0.3999994
node
0.45125
disable
0.3999994
done
3
1000003 1000002 -1.4535995583926 21 1
122 1000004 -0.15926714715873 20 0
17 1000003 1.0122989593188 162 1
0
8
1
0
170
connections
0.736841
step
0.315789
link
1.9
enable
0.210526
bias
0.421052
node
0.526315
disable
0.421052
done
2
170 1000003 -0.24909207434309 36 1
32 1000006 -0.17023224585711 35 1
0
2
1
0
170
connections
0.69999895
step
0.285
link
1.805
enable
0.22160598338
bias
0.3999994
node
0.49999925
disable
0.44321196676
done
5
170 1000002 -1.4894863734855 136 1
147 1000002 1.206640827662 134 1
170 1000003 -0.26291283913694 36 0
154 1000004 1.7567064424574 135 1
32 1000006 0.087021851252785 35 1
0
1
2
0
171
connections
0.77562094183
step
0.29999955
link
1.805
enable
0.22160598338
bias
0.3999994
node
0.49999925
disable
0.3999994
done
5
170 171 1 147 1
170 1000003 -0.50812974236732 36 0
109 1000003 -0.52998443556017 146 1
171 1000003 -0.50812974236732 148 0
32 1000006 0.11900039015015 35 1
0
171
connections
0.7368398947385
step
0.2849995725
link
1.89999715
enable
0.23326910628529
bias
0.421051368422
node
0.4749992875
disable
0.421051368422
done
6
170 171 0.98409179302034 147 1
170 1000003 -0.65142537385441 36 0
109 1000003 -0.89022492141484 146 1
171 1000003 -0.32433733029122 148 0
32 1000006 0.19304443936712 35 1
2 1000004 -0.84188360240486 163 0
0
0
1
0
173
connections
0.6649990025
step
0.2849995725
link
2.10525684211
enable
0.189999715
bias
0.34295
node
0.5263142105275
disable
0.421051368422
done
13
170 171 -0.26703695791498 18 0
128 171 -0.68004555572428 144 0
170 1000001 1.2573696934919 17 0
171 1000001 1.3740575011703 19 1
132 1000003 0.65328844152737 15 0
170 1000003 1.3063608899415 145 1
122 1000004 1.2252277366385 143 1
130 1000005 0.09079850984901 16 1
16 1000001 -0.11273537400433 157 1
59 1000003 0.45808282723472 158 1
170 1000005 1.9776604510636 159 1
128 173 1 160 1
173 171 -0.68004555572428 161 1
0
0
1
0
171
connections
0.77562094183
step
0.33240897507
link
1.805
enable
0.1999997
bias
0.44321196676
node
0.49999925
disable
0.3999994
done
6
170 1000003 -0.24909207434309 36 1
32 1000006 -0.17023224585711 35 0
133 1000004 -1.593127231666 164 1
120 1000005 1.296853541673 165 1
32 171 1 166 1
171 1000006 -0.17023224585711 167 0
0
0
1
0
170
connections
0.69999895
step
0.33240897507
link
1.999997
enable
0.22160598338
bias
0.3999994
node
0.55401495845
disable
0.44321196676
done
5
170 1000003 -0.24909207434309 36 1
32 1000006 -0.17023224585711 35 1
149 1000004 -1.5782341990417 168 0
160 1000003 1.5710318308054 169 1
170 1000001 -0.67415387432478 170 1
