103
20000
4
20000
101
4
20000
171
connections
0.736841
step
0.315789
link
2.10526
enable
0.19
bias
0.38
node
0.526315
disable
0.38
done
5
170 171 1 18 1
171 1000001 1.2115237891781 19 1
170 1000001 1.2115237891781 17 0
132 1000003 0.3961912900174 15 0
130 1000005 0.28962065492721 16 1
0
172
connections
0.77562094183
step
0.33240897507
link
1.999997
enable
0.1805
bias
0.3999994
node
0.49999925
disable
0.3999994
done
9
170 171 1.477401043733 18 1
171 1000001 0.91772526239808 19 1
170 1000001 0.90664733030858 17 0
132 1000003 0.294308806524 15 0
130 1000005 0.11903876107663 16 1
20 1000003 -1.3272499771111 1962 1
29 1000002 -0.27375102999969 1963 0
29 172 1 1964 1
172 1000002 -0.27375102999969 1965 1
0
172
connections
0.69999895
step
0.29999955
link
2.2160598338
enable
0.1805
bias
0.3999994
node
0.55401495845
disable
0.361
done
7
170 171 1.0165458857491 18 1
171 1000001 1.2115237891781 19 1
170 1000001 1.2115237891781 17 0
132 1000003 0.3961912900174 15 0
130 1000005 0.28962065492721 16 1
75 1000005 -1.0384228034303 1966 1
38 1000003 0.30646687215796 1967 1
0
172
connections
0.6649990025
step
0.3157885263165
link
2.10525684211
enable
0.171475
bias
0.37999943
node
0.58317276571322
disable
0.37999943
done
9
170 171 0.74753727540717 18 1
170 1000001 1.1839065653468 17 0
17 1000001 1.6488150414718 1944 0
171 1000001 0.8221471570155 19 1
132 1000003 0.42658814149757 15 1
130 1000005 0.49639299642676 16 1
170 1000005 0.4667922455195 1943 1
33 1000003 -1.6611224707785 1968 1
36 1000002 1.9775383770257 1969 1
0
2
3
0
175
connections
0.81644187199851
step
0.2849995725
link
2.3326910628529
enable
0.210525684211
bias
0.37999943
node
0.4749992875
disable
0.34295
done
11
170 171 1.306322823086 18 1
107 171 -0.75859666248398 1900 1
138 175 1 1916 1
171 1000001 0.88390518212355 19 1
170 1000001 0.97627175398335 17 0
54 1000002 -0.45332193975646 1915 1
132 1000003 0.33045955475791 15 1
175 1000004 -0.35766254358646 1917 1
138 1000004 -0.35766254358646 1899 0
88 1000004 0.62654499954222 1914 1
130 1000005 0.08841426290376 16 1
0
176
connections
0.85941120772179
step
0.270749593875
link
2.4554605934908
enable
0.22160565097102
bias
0.3609994585
node
0.49999850000112
disable
0.3258025
done
16
170 171 1.286334930768 18 1
107 171 -0.95354264985825 1900 1
138 175 1.2508525931715 1916 0
171 1000001 -1.2978301339763 19 1
170 1000001 0.87659670436288 17 0
54 1000002 -0.35485326974675 1915 0
132 1000003 0.17527451729442 15 1
175 1000004 -0.091209644215533 1917 1
138 1000004 -0.31569540630532 1899 0
88 1000004 0.73917623566729 1914 1
130 1000005 0.12942290679553 16 1
18 1000006 -0.25434125797296 1970 1
120 1000003 1.8753624073 1971 1
170 175 -1.2758568071535 1972 1
54 176 1 1973 1
176 1000002 -0.35485326974675 1974 1
0
176
connections
0.77561977839859
step
0.270749593875
link
2.2160565097102
enable
0.22160565097102
bias
0.3609994585
node
0.451249323125
disable
0.3258025
done
16
170 171 1.306322823086 18 1
107 171 -0.75859666248398 1900 1
138 175 1 1916 1
171 1000001 0.88390518212355 19 1
170 1000001 0.97627175398335 17 0
54 1000002 -0.45332193975646 1915 1
132 1000003 0.33045955475791 15 1
175 1000004 -0.35766254358646 1917 1
138 1000004 -0.35766254358646 1899 0
88 1000004 0.62654499954222 1914 1
130 1000005 0.08841426290376 16 1
20 1000002 0.29792168950468 1975 0
103 1000002 -0.44038209173864 1976 1
170 175 0.16241950743126 1977 0
20 176 1 1978 1
176 1000002 0.29792168950468 1979 1
0
2
2
0
175
connections
0.69999895
step
0.33240897507
link
1.999997
enable
0.1805
bias
0.3999994
node
0.55401495845
disable
0.3999994
done
9
170 171 0.96292139030485 18 1
2 175 1 1924 1
170 1000001 1.1427127879299 17 0
171 1000001 -1.0671102023377 19 1
39 1000002 -1.8011413922544 1923 1
132 1000003 0.505841067477 15 0
2 1000005 -1.1395001068148 1922 0
130 1000005 -0.1258706830667 16 1
175 1000005 -1.1395001068148 1925 1
0
176
connections
0.6649990025
step
0.3157885263165
link
1.89999715
enable
0.171475
bias
0.37999943
node
0.5263142105275
disable
0.37999943
done
13
170 171 0.97933387421601 18 1
2 175 1.2798217676809 1924 1
170 1000001 0.96589549942843 17 0
171 1000001 -0.8651393125396 19 1
39 1000002 -1.658363383362 1923 1
132 1000003 0.45463758713643 15 0
2 1000005 -1.3956331572592 1922 0
130 1000005 -0.029467819553289 16 1
175 1000005 -1.0403023987129 1925 0
108 1000005 -1.7353434858242 1980 1
25 1000006 1.8748741111484 1981 1
175 176 1 1982 1
176 1000005 -1.0403023987129 1983 1
0
0
1
0
173
connections
0.77562094183
step
0.33240897507
link
1.999997
enable
0.1999997
bias
0.3999994
node
0.55401495845
disable
0.3999994
done
10
170 171 0.77992247367264 18 0
171 1000001 0.68929105502487 19 1
170 1000001 1.1454112585671 17 0
132 1000003 0.12045019832827 15 0
130 1000005 0.72930905476498 16 1
106 1000002 -0.0088503677480392 1957 1
146 171 -1.0491653187658 1958 1
170 1000003 -0.7635120700705 1959 1
170 173 1 1960 1
173 171 0.77992247367264 1961 1
