109
20000
4
20000
107
3
20000
171
connections
0.736841
step
0.315789
link
2.10526
enable
0.19
bias
0.38
node
0.526315
disable
0.38
done
5
170 171 1 18 1
171 1000001 1.2115237891781 19 1
170 1000001 1.2115237891781 17 0
132 1000003 0.3961912900174 15 0
130 1000005 0.28962065492721 16 1
0
171
connections
0.77562094183
step
0.29999955
link
2.2160598338
enable
0.1805
bias
0.361
node
0.55401495845
disable
0.361
done
8
170 171 1.2372474849437 18 1
171 1000001 1.4844595655705 19 1
170 1000001 1.0024753646916 17 0
132 1000003 0.34309831872158 15 0
130 1000005 0.57290219051332 16 1
63 1000006 1.9339579454939 2093 1
64 1000004 0.71944334238716 2094 1
170 1000003 0.23444318979461 2095 1
0
171
connections
0.77562094183
step
0.285
link
2.2160598338
enable
0.1805
bias
0.3999994
node
0.55401495845
disable
0.361
done
7
170 171 0.71569582201605 18 1
171 1000001 1.349618366039 19 1
170 1000001 1.1636425366985 17 0
132 1000003 0.32153828547014 15 0
130 1000005 0.33482299264504 16 1
147 1000005 -1.0131534775842 2096 1
166 1000002 1.1025116733299 2097 1
0
8
4
0
175
connections
0.81644187199851
step
0.2849995725
link
2.3326910628529
enable
0.210525684211
bias
0.37999943
node
0.4749992875
disable
0.34295
done
11
170 171 1.306322823086 18 1
107 171 -0.75859666248398 1900 1
138 175 1 1916 1
171 1000001 0.88390518212355 19 1
170 1000001 0.97627175398335 17 0
54 1000002 -0.45332193975646 1915 1
132 1000003 0.33045955475791 15 1
175 1000004 -0.35766254358646 1917 1
138 1000004 -0.35766254358646 1899 0
88 1000004 0.62654499954222 1914 1
130 1000005 0.08841426290376 16 1
0
175
connections
0.77561977839859
step
0.270749593875
link
2.4554605934908
enable
0.19999940000045
bias
0.3609994585
node
0.49999850000112
disable
0.3609994585
done
13
170 171 1.3837707415219 18 0
107 171 -0.80370369190271 1900 1
138 175 1.1605393798455 1916 1
171 1000001 0.94315825190955 19 1
170 1000001 0.8589141539038 17 0
54 1000002 -0.30782099067523 1915 1
132 1000003 0.48585942694661 15 1
175 1000004 -0.3219751905805 1917 1
138 1000004 -0.60975456786492 1899 0
88 1000004 0.82027649769585 1914 1
130 1000005 0.25739830002457 16 1
56 1000005 0.96359141819514 2098 1
32 1000005 0.37360759300516 2099 1
0
176
connections
0.85941120772179
step
0.285
link
2.2160565097102
enable
0.19999940000045
bias
0.3609994585
node
0.49999850000112
disable
0.3609994585
done
15
170 171 1.309445324383 18 0
107 171 -0.55154612383229 1900 1
138 175 1.1011638233589 1916 1
171 1000001 0.9557401075058 19 1
170 1000001 0.78891297838595 17 0
54 1000002 1.9503158665731 1915 1
132 1000003 0.61478112829226 15 1
175 1000004 -0.36854346036248 1917 1
138 1000004 -0.18747317623516 1899 0
88 1000004 0.58158619953001 1914 1
130 1000005 0.095207225335475 16 1
43 1000001 0.52449110385449 2104 1
171 1000002 1.2037110507523 2105 1
170 176 1 2106 1
176 171 1.309445324383 2107 1
0
176
connections
0.85941120772179
step
0.270749593875
link
2.2160565097102
enable
0.22160565097102
bias
0.3999988000009
node
0.49999850000112
disable
0.3258025
done
17
170 171 1.5506807972571 18 1
107 171 -0.95597193482786 1900 1
138 175 0.76955670572283 1916 0
171 1000001 0.69340462098619 19 1
170 1000001 0.86868087102652 17 0
54 1000002 -0.18706734936265 1915 1
132 1000003 0.1733079532714 15 1
175 1000004 -0.12003054888902 1917 1
138 1000004 -0.14205937109644 1899 0
88 1000004 0.70681882090199 1914 1
130 1000005 -0.04003211414592 16 1
163 1000001 -1.9489730521561 2108 1
10 1000002 -0.69466231269265 2109 1
9 1000002 0.2278511917478 2110 1
170 1000006 1.5751823480941 2111 1
138 176 1 2112 1
176 175 0.76955670572283 2113 1
0
5
1
0
173
connections
0.7368398947385
step
0.3157885263165
link
2.3326910628529
enable
0.171475
bias
0.37999943
node
0.5263142105275
disable
0.37999943
done
11
170 171 0.93033938628614 18 1
123 173 1 1986 1
170 1000001 1.5020045158759 17 0
171 1000001 1.4209154732285 19 0
18 1000001 1.3848689230018 1985 1
123 1000002 0.023743400372326 1984 0
173 1000002 0.023743400372326 1987 1
38 1000003 0.59162775674242 1967 1
132 1000003 0.3713364479699 15 0
130 1000005 0.55664396187174 16 1
75 1000005 -1.2672627508586 1966 1
0
3
2
0
172
connections
0.69999895
step
0.29999955
link
1.999997
enable
0.1999997
bias
0.3999994
node
0.49999925
disable
0.3999994
done
10
170 171 1 18 1
108 172 1 2037 1
170 1000001 1.2115237891781 17 0
171 1000001 1.2115237891781 19 1
132 1000003 0.3961912900174 15 0
108 1000004 0.77327799310282 2034 0
172 1000004 0.77327799310282 2038 1
170 1000005 1.7106845301675 2036 1
122 1000005 -0.58052308725242 2035 1
130 1000005 0.28962065492721 16 1
0
173
connections
0.6649990025
step
0.2849995725
link
2.10525684211
enable
0.189999715
bias
0.37999943
node
0.5263142105275
disable
0.421051368422
done
14
170 171 0.8760481915434 18 1
108 172 -1.4947355571154 2037 1
170 1000001 1.1523877042931 17 0
171 1000001 1.260709634159 19 1
132 1000003 0.23866611964637 15 0
108 1000004 0.51291048302293 2034 0
172 1000004 0.9518169568379 2038 1
170 1000005 1.4752795974696 2036 1
122 1000005 -0.37912640457663 2035 0
130 1000005 0.1935016853634 16 1
114 1000005 -0.57039094210639 2100 0
144 171 0.54243598742637 2101 1
122 173 1 2102 1
173 1000005 -0.37912640457663 2103 1
