212
10000
2
10000
205
4
10000
172
connections
0.69999790000157
step
0.29999955
link
1.9999940000045
enable
0.19999940000045
bias
0.3999988000009
node
0.451249323125
disable
0.44321130194205
done
13
7 171 0.63949184228492 24 1
84 172 0.97342146996521 45 1
23 1000002 0.73064019042482 43 1
1000003 1000002 -1.1120258706244 21 1
172 1000003 0.63297497195196 46 1
84 1000003 0.49750961528825 22 0
48 1000004 -1.0716269417402 65 1
170 1000004 0.24382190664541 44 0
122 1000004 -0.41343833385266 20 0
7 1000005 0.92092488415632 23 0
171 1000005 0.90342791108585 25 1
106 1000006 1.3220222972182 42 1
67 1000006 -1.5325785088656 66 1
0
172
connections
0.63174810475142
step
0.29999910000067
link
1.9999910000135
enable
0.19999910000135
bias
0.3999982000027
node
0.45124864625102
disable
0.3999982000027
done
16
7 171 0.6367837342526 24 1
84 172 0.92306283761101 45 1
11 1000001 0.35749382000183 2060 1
1000003 1000002 -1.1898478363218 21 1
23 1000002 1.8497268593402 43 1
84 1000003 0.7482649992486 22 0
172 1000003 0.72093547732904 46 1
170 1000004 0.4365023475355 44 0
48 1000004 1.7653736991485 65 1
122 1000004 -1.3857234412671 20 0
171 1000005 0.9037941321009 25 1
7 1000005 0.82378957861281 23 0
67 1000006 -1.6749421097674 66 1
106 1000006 0.97079706899843 42 0
67 172 -1.801629688406 2065 1
126 1000005 -1.865230262154 2066 1
0
173
connections
0.63174810475142
step
0.33240847645654
link
1.8049945850041
enable
0.22160531856255
bias
0.4432106371251
node
0.45124864625102
disable
0.3999982000027
done
16
7 171 -0.18842127750481 24 1
84 172 0.59623389733573 45 1
11 1000001 0.466964319878 2060 1
1000003 1000002 -1.0742094128125 21 1
23 1000002 1.7877940077283 43 1
84 1000003 0.64893911061107 22 0
172 1000003 0.7262816874518 46 1
170 1000004 0.57957179983405 44 0
48 1000004 1.4579006771166 65 1
122 1000004 -1.5926430767017 20 0
171 1000005 1.212890291931 25 1
7 1000005 0.57418141908606 23 0
67 1000006 -1.5864131595813 66 1
106 1000006 1.0007338167637 42 0
1000002 1000002 -0.66451002533036 2067 1
156 1000005 -0.84286019470809 2068 1
0
173
connections
0.73683878947866
step
0.315789
link
1.8999943000043
enable
0.18999943000043
bias
0.37999886000085
node
0.47499857500107
disable
0.46653751276326
done
16
7 171 0.56432968490097 24 1
84 172 1.0904292597842 45 1
23 1000002 0.6078885044908 43 1
1000003 1000002 -1.3760619811319 21 0
172 1000003 0.37294802383343 46 1
84 1000003 0.74248292962889 22 0
48 1000004 -0.84130248997467 65 1
170 1000004 0.28170656373943 44 0
122 1000004 -0.18241998859676 20 0
7 1000005 0.75731058156529 23 0
171 1000005 1.7875911740471 25 1
106 1000006 1.4922093131489 42 1
67 1000006 -1.2605047987609 66 1
4 172 1.6881008331553 2069 1
1000003 173 1 2070 1
173 1000002 -1.3760619811319 2071 1
0
4
1
0
174
connections
0.81643942267473
step
0.31578805263371
link
2.1052505263442
enable
0.21052505263442
bias
0.37999829000256
node
0.52631263158605
disable
0.46653681295699
done
26
7 171 1.1575522470185 24 1
128 172 -1.3839507656875 2005 1
84 172 0.67216954882858 45 1
1000003 173 -0.13351619031927 2009 1
5 174 1 2028 1
124 1000001 1.5157322916349 2025 1
63 1000001 -1.6018769320012 2006 1
173 1000002 -0.79932204876767 2010 1
23 1000002 0.86280220114315 43 1
174 1000002 -1.2141995993517 2029 1
5 1000002 -1.2141995993517 2020 1
1000003 1000002 -0.988934345428 21 1
154 1000002 0.48774681844539 2026 1
84 1000003 0.49333934694143 22 0
170 1000003 -0.017517624439222 2027 1
172 1000003 -1.2357007441758 46 1
122 1000004 0.33710745567187 20 1
48 1000004 -0.74350889831182 65 1
29 1000004 0.53177718676632 2007 1
170 1000004 0.2904644036379 44 1
7 1000005 0.80670952443091 23 0
170 1000005 -0.74757440185703 2008 1
171 1000005 0.44617463956515 25 1
154 1000006 -0.43524448121555 2021 1
67 1000006 -1.9658192693869 66 1
106 1000006 1.5088521236813 42 1
