69
20000
5
20000
67
2
20000
171
connections
0.736841
step
0.315789
link
2.10526
enable
0.19
bias
0.38
node
0.526315
disable
0.38
done
5
170 171 1 18 1
171 1000001 1.2115237891781 19 1
170 1000001 1.2115237891781 17 0
132 1000003 0.3961912900174 15 0
130 1000005 0.28962065492721 16 1
0
171
connections
0.77562094183
step
0.33240897507
link
1.999997
enable
0.1805
bias
0.361
node
0.49999925
disable
0.3999994
done
7
170 171 1 18 1
171 1000001 1.2115237891781 19 1
170 1000001 1.2115237891781 17 0
132 1000003 0.3961912900174 15 0
130 1000005 0.28962065492721 16 1
1000004 1000006 -1.9650868251595 1298 0
102 1000001 1.8659627063814 1299 1
0
12
2
0
173
connections
0.6649990025
step
0.34990365942793
link
1.89999715
enable
0.171475
bias
0.34295
node
0.58317276571322
disable
0.421051368422
done
11
170 171 0.75037117680754 18 1
96 171 -0.042054506057924 1074 1
147 172 1 1054 1
171 1000001 1.4573585220762 19 1
170 1000001 1.070523626072 17 0
69 1000002 1.9306619464705 1053 1
147 1000002 -0.34345530564287 1052 1
172 1000002 -0.34345530564287 1055 1
132 1000003 0.59385933650438 15 0
130 1000005 0.10686520932993 16 1
15 1000005 -0.18622394482253 1075 1
0
173
connections
0.631749052375
step
0.33240847645654
link
1.8049972925
enable
0.16290125
bias
0.3609994585
node
0.61386514837271
disable
0.3999988000009
done
12
170 171 -1.5594347972045 18 1
96 171 0.016855251404862 1074 1
147 172 1.2686394502104 1054 1
171 1000001 -0.85518967253639 19 1
170 1000001 1.2198624481161 17 0
69 1000002 2.0521842444982 1053 1
147 1000002 -0.28207026303786 1052 1
172 1000002 -0.053431014941376 1055 1
132 1000003 0.72081914615596 15 1
130 1000005 0.14996966248292 16 1
15 1000005 -0.21056086718403 1075 1
100 171 1.4942472609638 1300 1
0
10
3
0
172
connections
0.69999895
step
0.29999955
link
2.2160598338
enable
0.1805
bias
0.361
node
0.49999925
disable
0.3999994
done
9
170 171 1.7947935422834 18 1
6 171 -0.071474349192785 1110 0
172 171 -0.071474349192785 1112 1
6 172 1 1111 1
171 1000001 1.0117590813486 19 0
170 1000001 1.4186312393735 17 0
132 1000003 0.34377582861568 15 0
130 1000004 0.62630085146641 1109 1
130 1000005 -0.24331794049771 16 1
0
172
connections
0.7368398947385
step
0.3157885263165
link
2.10525684211
enable
0.189999715
bias
0.34295
node
0.4749992875
disable
0.37999943
done
12
170 171 1.7729262927271 18 1
6 171 0.10428282584411 1110 0
172 171 0.061646989776599 1112 1
6 172 1.2647296069029 1111 0
171 1000001 0.73569589776952 19 0
170 1000001 1.1693985638441 17 0
132 1000003 0.16300720810973 15 0
130 1000004 0.46906949064608 1109 1
130 1000005 -0.46359988104815 16 1
96 1000006 -0.59871211890011 1301 1
129 171 1.1490218817713 1302 1
34 1000001 0.22614215521714 1303 1
0
172
connections
0.6649990025
step
0.3157885263165
link
2.10525684211
enable
0.189999715
bias
0.37999943
node
0.5263142105275
disable
0.37999943
done
12
170 171 -1.9162572099979 18 1
6 171 0.036319915367597 1110 0
172 171 -0.14688696610696 1112 1
6 172 -1.2902615436262 1111 1
171 1000001 1.2113206223635 19 0
170 1000001 1.7167255082261 17 0
132 1000003 0.61195562297614 15 0
130 1000004 0.43892097789936 1109 1
130 1000005 0.061445405786862 16 1
137 1000001 0.96371349223304 1304 1
129 1000003 -0.06732383190405 1305 1
170 1000003 -0.87228003784295 1306 1
0
4
1
0
173
connections
0.7368398947385
step
0.285
link
1.89999715
enable
0.189999715
bias
0.34295
node
0.5263142105275
disable
0.34295
done
13
170 171 1.047317893053 18 0
172 171 1.047317893053 1215 1
170 172 1 1214 1
37 173 1 1235 1
16 1000001 0.50556962797937 1233 1
44 1000001 0.98361156041139 1234 1
171 1000001 1.4807424166921 19 0
170 1000001 1.0701164876324 17 0
68 1000001 1.0458693197424 1212 1
132 1000003 0.35355394438459 15 0
37 1000004 -1.5058442945647 1213 0
173 1000004 -1.5058442945647 1236 1
130 1000005 0.30762960035554 16 1
0
2
2
0
174
connections
0.7368398947385
step
0.34990365942793
link
2.10525684211
enable
0.189999715
bias
0.34295
node
0.5263142105275
disable
0.421051368422
done
12
170 171 0.77587589306028 18 1
145 174 1 1269 1
140 1000001 1.1031220435194 1266 1
171 1000001 1.7749820738588 19 1
170 1000001 1.4791054156828 17 0
115 1000002 -1.3259046692678 1252 1
132 1000003 0.90908340819642 15 0
174 1000004 0.92093907885849 1270 1
145 1000004 0.92093907885849 1253 0
47 1000004 -0.0088503677480392 1267 0
130 1000005 0.42190398258383 16 1
170 1000005 1.2201910458693 1268 1
0
175
connections
0.77561977839859
step
0.33240847645654
link
2.2160565097102
enable
0.18049972925
bias
0.3609994585
node
0.55401412742756
disable
0.3999988000009
done
14
170 171 0.77587589306028 18 1
145 174 1 1269 1
140 1000001 1.1031220435194 1266 1
171 1000001 1.7749820738588 19 1
170 1000001 1.4791054156828 17 0
115 1000002 -1.3259046692678 1252 1
132 1000003 0.90908340819642 15 0
174 1000004 0.92093907885849 1270 1
145 1000004 0.92093907885849 1253 0
47 1000004 -0.0088503677480392 1267 0
130 1000005 0.42190398258383 16 1
170 1000005 1.2201910458693 1268 1
125 171 0.16229743339335 1307 1
154 1000004 -1.7799005096591 1308 1
