108
20000
5
20000
106
2
20000
171
connections
0.736841
step
0.315789
link
2.10526
enable
0.19
bias
0.38
node
0.526315
disable
0.38
done
5
170 171 1 18 1
171 1000001 1.2115237891781 19 1
170 1000001 1.2115237891781 17 0
132 1000003 0.3961912900174 15 0
130 1000005 0.28962065492721 16 1
0
172
connections
0.77562094183
step
0.33240897507
link
1.999997
enable
0.1805
bias
0.3999994
node
0.55401495845
disable
0.3999994
done
8
170 171 1.3291424053513 18 1
171 1000001 1.4565875304656 19 1
170 1000001 1.4479848872313 17 0
132 1000003 0.080074585035057 15 0
130 1000005 0.32552248795351 16 1
68 1000005 -1.5112155522324 2075 1
56 171 0.90011291848506 2076 1
170 1000005 -0.27167577135533 2077 0
0
7
2
0
175
connections
0.81644187199851
step
0.2849995725
link
2.3326910628529
enable
0.210525684211
bias
0.37999943
node
0.4749992875
disable
0.34295
done
11
170 171 1.306322823086 18 1
107 171 -0.75859666248398 1900 1
138 175 1 1916 1
171 1000001 0.88390518212355 19 1
170 1000001 0.97627175398335 17 0
54 1000002 -0.45332193975646 1915 1
132 1000003 0.33045955475791 15 1
88 1000004 0.62654499954222 1914 1
138 1000004 -0.35766254358646 1899 0
175 1000004 -0.35766254358646 1917 1
130 1000005 0.08841426290376 16 1
0
176
connections
0.77561977839859
step
0.270749593875
link
2.4554605934908
enable
0.22160565097102
bias
0.3999988000009
node
0.49999850000112
disable
0.3609994585
done
17
170 171 1.4678206963208 18 1
107 171 -0.71529093960734 1900 1
138 175 0.79282495903721 1916 1
171 1000001 1.0138223507535 19 1
170 1000001 1.1582450291049 17 0
54 1000002 -0.19438825576767 1915 1
132 1000003 0.18733831340201 15 1
88 1000004 0.76507208292838 1914 1
138 1000004 -0.19152093513757 1899 0
175 1000004 -0.32837065509234 1917 1
130 1000005 0.081399082838454 16 1
49 1000003 -0.11212500381481 2078 1
136 1000003 -0.48298593096713 2079 1
104 1000004 -1.809320352794 2080 1
170 1000006 1.0079042939543 2081 1
171 176 1 2082 1
176 1000001 1.0138223507535 2083 1
0
4
3
0
173
connections
0.7368398947385
step
0.3157885263165
link
2.3326910628529
enable
0.171475
bias
0.37999943
node
0.5263142105275
disable
0.37999943
done
11
170 171 0.93033938628614 18 1
123 173 1 1986 1
171 1000001 1.4209154732285 19 0
170 1000001 1.5020045158759 17 0
18 1000001 1.3848689230018 1985 1
173 1000002 0.023743400372326 1987 1
123 1000002 0.023743400372326 1984 0
38 1000003 0.59162775674242 1967 1
132 1000003 0.3713364479699 15 0
130 1000005 0.55664396187174 16 1
75 1000005 -1.2672627508586 1966 1
0
173
connections
0.77561977839859
step
0.33240847645654
link
2.4554605934908
enable
0.16290125
bias
0.3999988000009
node
0.49999850000112
disable
0.3609994585
done
14
170 171 0.93033938628614 18 1
123 173 1 1986 1
171 1000001 1.4209154732285 19 0
170 1000001 1.5020045158759 17 0
18 1000001 1.3848689230018 1985 1
173 1000002 0.023743400372326 1987 1
123 1000002 0.023743400372326 1984 0
38 1000003 0.59162775674242 1967 1
132 1000003 0.3713364479699 15 0
130 1000005 0.55664396187174 16 1
75 1000005 -1.2672627508586 1966 1
67 1000001 1.9360332041383 2087 1
167 1000003 0.30329294717246 2088 1
129 1000002 -0.49360637226478 2089 1
0
173
connections
0.69999790000157
step
0.33240847645654
link
2.2160565097102
enable
0.16290125
bias
0.3999988000009
node
0.49999850000112
disable
0.3609994585
done
14
170 171 0.72889784092046 18 1
123 173 1.29140395783 1986 1
171 1000001 1.6119689366858 19 0
170 1000001 1.4805689523287 17 0
18 1000001 1.6584589434967 1985 1
173 1000002 0.051651225889826 1987 1
123 1000002 0.17843857715036 1984 0
38 1000003 0.36760430675952 1967 1
132 1000003 0.078613690678926 15 0
130 1000005 0.70306113587904 16 1
75 1000005 -1.3408010377276 1966 1
111 1000001 1.4297921689505 2090 1
20 1000004 1.014618366039 2091 1
170 1000006 -1.121433149205 2092 1
0
2
2
0
172
connections
0.69999895
step
0.29999955
link
1.999997
enable
0.1999997
bias
0.3999994
node
0.49999925
disable
0.3999994
done
10
170 171 1 18 1
108 172 1 2037 1
170 1000001 1.2115237891781 17 0
171 1000001 1.2115237891781 19 1
132 1000003 0.3961912900174 15 0
108 1000004 0.77327799310282 2034 0
172 1000004 0.77327799310282 2038 1
122 1000005 -0.58052308725242 2035 1
170 1000005 1.7106845301675 2036 1
130 1000005 0.28962065492721 16 1
0
173
connections
0.6649990025
step
0.285
link
1.89999715
enable
0.189999715
bias
0.37999943
node
0.5263142105275
disable
0.421051368422
done
13
170 171 0.45564134647664 18 1
108 172 1.0522127445296 2037 1
170 1000001 1.3558459730827 17 0
171 1000001 1.339476760155 19 1
132 1000003 0.34129963072604 15 0
108 1000004 0.083681752983184 2034 0
172 1000004 0.89408139286477 2038 0
122 1000005 -0.56082262642293 2035 1
170 1000005 1.869740745262 2036 1
130 1000005 0.42592349009674 16 1
168 1000005 -0.84505752739036 2084 1
172 173 1 2085 1
173 1000004 0.89408139286477 2086 1
0
0
1
0
171
connections
0.6649990025
step
0.315789
link
2.10525684211
enable
0.210525684211
bias
0.421051368422
node
0.5263142105275
disable
0.37999943
done
10
170 171 0.9469653350322 18 1
170 1000001 1.127996360271 17 0
171 1000001 1.4250213238014 19 1
77 1000001 -0.93280593130284 2057 1
132 1000003 0.5821643828547 15 0
147 1000003 -1.185033722953 2058 1
147 1000004 -2.0629740207221 2056 1
130 1000005 0.17349950679037 16 1
10 1000005 -1.8951384014405 2073 1
154 1000004 -0.47505111850337 2074 1
