134
20000
4
20000
132
4
20000
171
connections
0.736841
step
0.315789
link
2.10526
enable
0.19
bias
0.38
node
0.526315
disable
0.38
done
5
170 171 1 18 1
171 1000001 1.2115237891781 19 1
170 1000001 1.2115237891781 17 0
132 1000003 0.3961912900174 15 0
130 1000005 0.28962065492721 16 1
0
171
connections
0.77562094183
step
0.33240897507
link
1.999997
enable
0.1805
bias
0.361
node
0.49999925
disable
0.361
done
7
170 171 0.73482467116306 18 1
171 1000001 1.1681758003334 19 1
170 1000001 0.88441030911795 17 0
132 1000003 0.45232150819612 15 0
130 1000005 0.23075138760548 16 1
92 1000002 0.42878505813776 2601 1
84 1000005 -1.4435865352336 2602 1
0
171
connections
0.77562094183
step
0.33240897507
link
1.999997
enable
0.1999997
bias
0.3999994
node
0.49999925
disable
0.361
done
7
170 171 0.71727940530943 18 1
171 1000001 0.93310451610474 19 1
170 1000001 1.3236929238975 17 0
132 1000003 0.33624669229137 15 1
130 1000005 -0.45295571764275 16 1
168 1000003 1.5045014801477 2603 1
151 171 1.0712607196265 2604 1
0
172
connections
0.69999895
step
0.29999955
link
1.999997
enable
0.1999997
bias
0.3999994
node
0.55401495845
disable
0.361
done
7
170 171 0.85251342048555 18 1
171 1000001 0.91531463236946 19 1
170 1000001 0.94309253802759 17 0
132 1000003 0.57304883899503 15 0
130 1000005 0.52472574371929 16 1
164 1000001 -1.3239539780877 2611 1
6 1000004 -0.92953276161992 2612 1
0
8
2
0
172
connections
0.7368398947385
step
0.285
link
1.89999715
enable
0.189999715
bias
0.34295
node
0.5263142105275
disable
0.37999943
done
10
170 171 1.1826862418821 18 1
152 172 1 2451 1
38 1000001 -0.037171544541765 2450 1
171 1000001 0.91047123001812 19 1
170 1000001 1.1028778954436 17 0
132 1000003 0.82332667012543 15 0
130 1000005 0.55033748023167 16 1
161 1000006 0.85765541550951 2423 1
152 1000006 -0.94525391399884 2424 0
172 1000006 -0.94525391399884 2452 1
0
173
connections
0.69999685000472
step
0.285
link
1.8049945850041
enable
0.18049945850041
bias
0.36099891700081
node
0.61386422757499
disable
0.4432106371251
done
15
170 171 0.96447341342662 18 1
67 171 0.7881710257271 2590 1
170 172 0.069380932035279 2573 1
7 172 -0.10295770134587 2572 1
152 172 1.0597176198614 2451 1
38 1000001 0.27647588274789 2450 1
171 1000001 1.3028430904265 19 1
170 1000001 0.52773323770867 17 0
132 1000003 -1.8272296823023 15 0
130 1000005 0.50646894634086 16 1
161 1000006 0.6702553254799 2423 0
172 1000006 -0.62393417920469 2452 1
152 1000006 -0.24219626453444 2424 0
4 1000004 1.6711325418867 2605 1
126 171 0.99948118533891 2606 1
0
4
2
0
174
connections
0.81644187199851
step
0.3157885263165
link
2.3326910628529
enable
0.171475
bias
0.421051368422
node
0.5263142105275
disable
0.37999943
done
11
170 171 1.3010392539127 18 1
59 171 0.27497548786369 2504 1
171 173 0.91784120649287 2506 1
173 1000001 1.1837452657861 2507 1
1 1000001 0.057606263943219 2505 1
170 1000001 0.94582281772288 17 0
1000006 1000001 0.16779076509903 2518 1
171 1000001 1.1403455393465 19 1
132 1000003 0.11470986144838 15 0
130 1000005 0.36043572713171 16 1
131 1000006 -0.82320627460555 2519 1
0
175
connections
0.85941120772179
step
0.33240847645654
link
2.4554605934908
enable
0.18049972925
bias
0.3999988000009
node
0.49999850000112
disable
0.3609994585
done
15
170 171 1.3010392539127 18 1
59 171 0.27497548786369 2504 0
171 173 0.91784120649287 2506 1
173 1000001 1.1837452657861 2507 1
1 1000001 0.057606263943219 2505 1
170 1000001 0.94582281772288 17 0
1000006 1000001 0.16779076509903 2518 1
171 1000001 1.1403455393465 19 1
132 1000003 0.11470986144838 15 0
130 1000005 0.36043572713171 16 0
131 1000006 -0.82320627460555 2519 1
1000002 1000003 0.54402294991913 2607 1
145 1000006 1.7263100070193 2608 1
130 175 1 2609 1
175 1000005 0.36043572713171 2610 1
0
1
2
0
172
connections
0.77562094183
step
0.33240897507
link
2.2160598338
enable
0.1999997
bias
0.361
node
0.55401495845
disable
0.361
done
9
170 171 0.93656565077326 18 1
171 171 -1.4159978026673 2582 1
130 172 1 2583 1
171 1000001 -1.0348826563311 19 0
170 1000001 1.0907925897303 17 0
63 1000001 0.23676259651479 2581 1
132 1000003 0.40752283776828 15 0
130 1000005 -1.6613666188543 16 0
172 1000005 -1.6613666188543 2584 1
0
173
connections
0.7368398947385
step
0.34990365942793
link
2.10525684211
enable
0.189999715
bias
0.37999943
node
0.5263142105275
disable
0.34295
done
13
170 171 0.93656565077326 18 1
171 171 -1.4159978026673 2582 1
130 172 1 2583 1
171 1000001 -1.0348826563311 19 0
170 1000001 1.0907925897303 17 0
63 1000001 0.23676259651479 2581 1
132 1000003 0.40752283776828 15 0
130 1000005 -1.6613666188543 16 0
172 1000005 -1.6613666188543 2584 1
38 1000001 -0.97396771141697 2613 1
14 171 1.9831537827692 2614 0
14 173 1 2615 1
173 171 1.9831537827692 2616 1
