141
20000
5
20000
139
3
20000
171
connections
0.736841
step
0.315789
link
2.10526
enable
0.19
bias
0.38
node
0.526315
disable
0.38
done
5
170 171 1 18 1
171 1000001 1.2115237891781 19 1
170 1000001 1.2115237891781 17 0
132 1000003 0.3961912900174 15 0
130 1000005 0.28962065492721 16 1
0
171
connections
0.77562094183
step
0.33240897507
link
1.999997
enable
0.1999997
bias
0.3999994
node
0.49999925
disable
0.3999994
done
7
170 171 1.0089577051603 18 1
171 1000001 1.5021369032511 19 1
170 1000001 1.4171858013121 17 0
132 1000003 0.10139858984469 15 0
130 1000005 0.3754949178737 16 1
148 1000005 -0.24689474166082 2740 1
160 1000001 -1.9014862514115 2741 1
0
171
connections
0.69999895
step
0.315789
link
1.999997
enable
0.1805
bias
0.361
node
0.49999925
disable
0.3999994
done
7
170 171 1.2860479540086 18 1
171 1000001 0.96371707641835 19 1
170 1000001 1.0867675220496 17 0
132 1000003 0.24500924579608 15 0
130 1000005 0.36738491290017 16 1
104 1000002 -1.83983886227 2746 0
35 1000002 -0.54841761528367 2747 1
0
11
3
0
174
connections
0.81644187199851
step
0.3157885263165
link
2.3326910628529
enable
0.171475
bias
0.421051368422
node
0.5263142105275
disable
0.37999943
done
11
170 171 1.3010392539127 18 1
59 171 0.27497548786369 2504 1
171 173 0.91784120649287 2506 1
171 1000001 1.1403455393465 19 1
1000006 1000001 0.16779076509903 2518 1
170 1000001 0.94582281772288 17 0
1 1000001 0.057606263943219 2505 1
173 1000001 1.1837452657861 2507 1
132 1000003 0.11470986144838 15 0
130 1000005 0.36043572713171 16 1
131 1000006 -0.82320627460555 2519 1
0
174
connections
0.85941120772179
step
0.33240847645654
link
2.4554605934908
enable
0.18049972925
bias
0.3999988000009
node
0.55401412742756
disable
0.3609994585
done
14
170 171 -0.91720328379162 18 0
59 171 0.30817590868862 2504 1
171 173 1.087590986349 2506 1
171 1000001 0.891427213384 19 1
1000006 1000001 -0.096364766943931 2518 1
170 1000001 0.93463331152666 17 0
1 1000001 -0.10573212161013 2505 1
173 1000001 1.4587149534095 2507 1
132 1000003 0.24453045146926 15 1
130 1000005 0.54329234470821 16 1
131 1000006 -0.76512837526433 2519 1
1000003 1000002 -1.6934720908231 2748 1
173 1000003 0.72261726737266 2749 1
92 171 -1.3522751548814 2750 1
0
175
connections
0.77561977839859
step
0.29999910000067
link
2.2160565097102
enable
0.16290125
bias
0.3999988000009
node
0.55401412742756
disable
0.3609994585
done
14
170 171 1.2155724245263 18 1
59 171 0.11067958498848 2504 1
171 173 0.97111720865675 2506 1
171 1000001 0.96032044387507 19 1
1000006 1000001 1.2112796411023 2518 1
170 1000001 1.1863293138293 17 0
1 1000001 0.12970602628049 2505 1
173 1000001 0.78084658345286 2507 1
132 1000003 0.04207907863929 15 0
130 1000005 0.65272587476566 16 1
131 1000006 -0.54778060471449 2519 1
158 1000006 -1.9451887569811 2751 1
95 173 -0.93368327890866 2752 1
170 1000003 -0.7267677846614 2753 1
0
2
2
0
174
connections
0.77562094183
step
0.29999955
link
1.999997
enable
0.1805
bias
0.361
node
0.55401495845
disable
0.3999994
done
9
170 171 -1.9329813531907 18 1
109 171 1.7592699972533 2694 0
174 171 1.7592699972533 2697 0
109 174 1 2696 1
170 1000001 1.1079654863109 17 0
171 1000001 -1.469832453383 19 1
132 1000003 0.37322004239174 15 0
130 1000005 0.068157319408246 16 1
67 1000006 -0.4760277108066 2695 1
0
174
connections
0.7368398947385
step
0.2849995725
link
1.89999715
enable
0.189999715
bias
0.37999943
node
0.5263142105275
disable
0.37999943
done
11
170 171 -0.94540238654744 18 1
109 171 1.668995923857 2694 0
174 171 0.34870448927274 2697 0
109 174 1.0854381176387 2696 1
170 1000001 1.1090527065802 17 0
171 1000001 -1.5968632696421 19 1
132 1000003 0.59855296651532 15 0
130 1000005 -0.040538614230247 16 1
67 1000006 -0.51675933097377 2695 1
123 174 -0.15875728629414 2754 1
137 171 -0.45197912533952 2755 1
0
1
1
0
174
connections
0.7368398947385
step
0.34990365942793
link
2.3326910628529
enable
0.210525684211
bias
0.37999943
node
0.58317276571322
disable
0.37999943
done
10
170 171 1 18 1
148 171 1.1215552232429 2718 1
9 171 1.1423078096866 2698 1
171 1000001 1.2115237891781 19 1
170 1000001 1.2115237891781 17 0
46 1000002 -0.50495925778985 2717 1
132 1000003 0.3961912900174 15 0
111 1000004 -1.9586169011505 2699 1
130 1000005 0.28962065492721 16 1
57 1000006 -1.9011200292978 2719 1
0
0
1
0
172
connections
0.77562094183
step
0.33240897507
link
1.999997
enable
0.1805
bias
0.3999994
node
0.55401495845
disable
0.361
done
9
170 171 0.67465168494308 18 1
171 1000001 1.4107135296335 19 1
170 1000001 1.3350143270219 17 0
132 1000003 0.43694225448946 15 0
130 1000005 -1.8734092226936 16 0
1000004 1000005 -0.49885555589465 2742 1
53 1000005 1.6590472121342 2743 0
130 172 1 2744 1
172 1000005 -1.8734092226936 2745 1
