12
20000
7
20000
10
2
20000
171
connections
0.736841
step
0.315789
link
2.10526
enable
0.19
bias
0.38
node
0.526315
disable
0.38
done
5
170 171 1 18 1
171 1000001 1.2115237891781 19 1
170 1000001 1.2115237891781 17 0
132 1000003 0.3961912900174 15 0
130 1000005 0.28962065492721 16 1
0
171
connections
0.77562094183
step
0.29999955
link
2.2160598338
enable
0.1999997
bias
0.361
node
0.55401495845
disable
0.361
done
7
170 171 1.1722614683447 18 1
171 1000001 1.0970703947707 19 1
170 1000001 1.3627458286493 17 0
132 1000003 0.43128447142399 15 0
130 1000005 0.21078230765557 16 1
13 1000006 -1.8909878841517 215 1
55 1000004 0.10370189519944 216 1
0
12
1
0
170
connections
0.736841
step
0.285
link
1.9
enable
0.210526
bias
0.421052
node
0.475
disable
0.421052
done
2
1000003 1000002 -1.3870662556841 21 1
122 1000004 -0.29377117221595 20 0
0
12
1
0
170
connections
0.736841
step
0.315789
link
1.9
enable
0.210526
bias
0.421052
node
0.526315
disable
0.421052
done
2
170 1000003 -0.24909207434309 36 1
32 1000006 -0.17023224585711 35 1
0
6
1
0
170
connections
0.69999895
step
0.285
link
1.805
enable
0.22160598338
bias
0.3999994
node
0.49999925
disable
0.44321196676
done
5
170 1000002 -1.4894863734855 136 1
147 1000002 1.206640827662 134 1
170 1000003 -0.26291283913694 36 0
154 1000004 1.7567064424574 135 1
32 1000006 0.087021851252785 35 1
0
1
3
0
171
connections
0.69999895
step
0.285
link
1.805
enable
0.1999997
bias
0.44321196676
node
0.49999925
disable
0.3999994
done
7
69 171 1 205 1
171 1000001 0.23187963499863 206 1
69 1000001 0.23187963499863 202 0
166 1000002 0.9441816461684 203 1
1000003 1000002 -1.4264584795679 21 1
122 1000004 -0.049389782403028 20 0
170 1000006 0.51191747795038 204 1
0
171
connections
0.6649990025
step
0.29999955
link
1.71475
enable
0.210525684211
bias
0.421051368422
node
0.5263142105275
disable
0.37999943
done
8
69 171 1 205 1
171 1000001 0.23187963499863 206 1
69 1000001 0.23187963499863 202 1
166 1000002 0.9441816461684 203 1
1000003 1000002 -1.4264584795679 21 1
122 1000004 -0.049389782403028 20 0
170 1000006 0.51191747795038 204 1
31 171 -0.11066011535997 222 1
0
171
connections
0.7368398947385
step
0.285
link
1.71475
enable
0.210525684211
bias
0.46653821257058
node
0.5263142105275
disable
0.421051368422
done
9
69 171 1.1645184179205 205 1
171 1000001 0.44940229499191 206 1
69 1000001 0.49861430707724 202 1
166 1000002 0.89746589556566 203 1
1000003 1000002 -1.5070781579028 21 1
122 1000004 -0.15366740928373 20 0
170 1000006 0.67257408368175 204 1
11 171 -0.40961943418683 223 1
79 1000002 0.27423932615131 224 1
0
0
1
0
170
connections
0.69999895
step
0.29999955
link
1.999997
enable
0.22160598338
bias
0.3999994
node
0.45125
disable
0.3999994
done
5
1000003 1000002 -1.3573199091174 21 1
122 1000004 -0.28720665067446 20 0
128 1000002 0.46320993682669 217 1
169 1000002 -1.7745292519913 218 1
170 1000003 1.89574877163 219 1
0
0
1
0
170
connections
0.77562094183
step
0.285
link
1.999997
enable
0.22160598338
bias
0.3999994
node
0.49999925
disable
0.3999994
done
4
170 1000003 -0.24909207434309 36 1
32 1000006 -0.17023224585711 35 1
103 1000003 -1.7260658589434 220 1
71 1000001 0.93771172215949 221 1
