64
20000
4
20000
62
4
20000
171
connections
0.736841
step
0.315789
link
2.10526
enable
0.19
bias
0.38
node
0.526315
disable
0.38
done
5
170 171 1 18 1
171 1000001 1.2115237891781 19 1
170 1000001 1.2115237891781 17 0
132 1000003 0.3961912900174 15 0
130 1000005 0.28962065492721 16 1
0
171
connections
0.77562094183
step
0.33240897507
link
1.999997
enable
0.1805
bias
0.3999994
node
0.55401495845
disable
0.361
done
8
170 171 0.85525646973178 18 1
171 1000001 0.90315757880786 19 1
170 1000001 1.5370749967642 17 0
132 1000003 0.43243804034318 15 0
130 1000005 0.26418807640307 16 1
141 1000005 -1.6705221716971 1209 1
68 1000001 1.9964598529008 1210 1
170 1000004 0.58845789971618 1211 1
0
172
connections
0.77562094183
step
0.29999955
link
1.999997
enable
0.1999997
bias
0.361
node
0.55401495845
disable
0.361
done
9
170 171 1.047317893053 18 0
171 1000001 1.4807424166921 19 0
170 1000001 1.0701164876324 17 0
132 1000003 0.35355394438459 15 0
130 1000005 0.30762960035554 16 1
68 1000001 1.0458693197424 1212 1
37 1000004 -1.5058442945647 1213 1
170 172 1 1214 1
172 171 1.047317893053 1215 1
0
171
connections
0.77562094183
step
0.315789
link
1.999997
enable
0.1999997
bias
0.361
node
0.55401495845
disable
0.361
done
8
170 171 1.1431058949858 18 1
171 1000001 1.3237514238411 19 1
170 1000001 1.0590310572527 17 0
132 1000003 0.4395692705771 15 0
130 1000005 0.069299834315012 16 1
1000004 1000002 0.71919919431135 1226 1
169 1000002 0.57734916226691 1227 1
170 1000003 1.4459059419538 1228 1
0
7
3
0
173
connections
0.6649990025
step
0.34990365942793
link
1.89999715
enable
0.171475
bias
0.34295
node
0.58317276571322
disable
0.421051368422
done
11
170 171 0.75037117680754 18 1
96 171 -0.042054506057924 1074 1
147 172 1 1054 1
170 1000001 1.070523626072 17 0
171 1000001 1.4573585220762 19 1
172 1000002 -0.34345530564287 1055 1
147 1000002 -0.34345530564287 1052 1
69 1000002 1.9306619464705 1053 1
132 1000003 0.59385933650438 15 0
130 1000005 0.10686520932993 16 1
15 1000005 -0.18622394482253 1075 1
0
176
connections
0.631749052375
step
0.36831908902363
link
1.9999940000045
enable
0.18049972925
bias
0.3258025
node
0.61386514837271
disable
0.3999988000009
done
14
170 171 0.75037117680754 18 1
96 171 0.11430751871139 1074 1
147 172 1 1054 1
170 1000001 1.070523626072 17 0
171 1000001 1.4573585220762 19 1
172 1000002 -0.34345530564287 1055 1
147 1000002 -0.47675698345076 1052 1
69 1000002 1.9306619464705 1053 1
132 1000003 0.59385933650438 15 1
130 1000005 0.10686520932993 16 1
15 1000005 -0.18622394482253 1075 1
146 1000005 -0.33759575182348 1220 1
128 1000004 0.049745170445875 1221 1
170 1000006 1.2118900112918 1222 1
0
173
connections
0.631749052375
step
0.36831908902363
link
1.9999940000045
enable
0.18049972925
bias
0.3609994585
node
0.55401412742756
disable
0.44321130194205
done
13
170 171 0.98036406234824 18 1
96 171 0.073577027765314 1074 1
147 172 1.0311925251637 1054 1
170 1000001 1.2158751730603 17 0
171 1000001 1.5108747787626 19 1
172 1000002 0.012364292216037 1055 1
147 1000002 -0.46704514858897 1052 1
69 1000002 1.6706118312765 1053 1
132 1000003 -0.19183935056612 15 0
130 1000005 -0.056178962742202 16 1
15 1000005 -0.23279354185079 1075 1
40 171 0.38630329294717 1229 1
38 1000006 -1.9201635792108 1230 1
0
5
2
0
172
connections
0.69999895
step
0.29999955
link
2.2160598338
enable
0.1805
bias
0.361
node
0.49999925
disable
0.3999994
done
9
170 171 1.7947935422834 18 1
6 171 -0.071474349192785 1110 0
172 171 -0.071474349192785 1112 1
6 172 1 1111 1
170 1000001 1.4186312393735 17 0
171 1000001 1.0117590813486 19 0
132 1000003 0.34377582861568 15 0
130 1000004 0.62630085146641 1109 1
130 1000005 -0.24331794049771 16 1
0
172
connections
0.7368398947385
step
0.2849995725
link
2.3326910628529
enable
0.189999715
bias
0.34295
node
0.4749992875
disable
0.37999943
done
12
170 171 1.6513065600289 18 1
6 171 -0.3547691603106 1110 1
172 171 -0.12488730658048 1112 1
6 172 1.189828659011 1111 1
170 1000001 1.450630306338 17 0
171 1000001 0.93679306934332 19 0
132 1000003 0.45189770995201 15 0
130 1000004 -1.6166875209815 1109 1
130 1000005 -0.40228693938631 16 1
13 1000002 0.20184942167425 1223 1
41 1000003 -1.1396221808527 1224 1
170 1000002 1.6767479476302 1225 1
0
0
1
0
172
connections
0.81644187199851
step
0.3157885263165
link
2.10525684211
enable
0.189999715
bias
0.34295
node
0.58317276571322
disable
0.421051368422
done
11
170 171 0.94863522009878 18 1
171 1000001 1.3173652131458 19 1
170 1000001 1.7187241708465 17 0
75 1000002 -1.808507888453 1191 1
132 1000003 0.93834092428784 15 0
165 1000003 -0.24576677750269 1190 1
130 1000005 0.54749858112203 16 1
63 1000005 0.5279091769158 1216 1
16 171 1.1062959685049 1217 0
16 172 1 1218 1
172 171 1.1062959685049 1219 1
