59
20000
5
20000
57
4
20000
171
connections
0.736841
step
0.315789
link
2.10526
enable
0.19
bias
0.38
node
0.526315
disable
0.38
done
5
170 171 1 18 1
171 1000001 1.2115237891781 19 1
170 1000001 1.2115237891781 17 0
132 1000003 0.3961912900174 15 0
130 1000005 0.28962065492721 16 1
0
171
connections
0.77562094183
step
0.29999955
link
1.999997
enable
0.1805
bias
0.361
node
0.49999925
disable
0.3999994
done
7
170 171 0.93833744409772 18 1
171 1000001 1.2189773743792 19 1
170 1000001 1.0555591804483 17 0
132 1000003 0.39784844259621 15 0
130 1000005 -0.68111209448531 16 1
59 1000002 1.5635853144932 1107 1
1000005 1000002 1.3429975280007 1108 1
0
171
connections
0.69999895
step
0.29999955
link
2.2160598338
enable
0.1805
bias
0.3999994
node
0.55401495845
disable
0.361
done
8
170 171 1 18 1
171 1000001 1.2115237891781 19 1
170 1000001 1.2115237891781 17 0
132 1000003 0.3961912900174 15 0
130 1000005 0.28962065492721 16 1
157 171 1.9931638538774 1113 1
14 171 -1.8287301248207 1114 1
146 1000005 -0.62019714957121 1115 1
0
171
connections
0.69999895
step
0.33240897507
link
2.2160598338
enable
0.1805
bias
0.361
node
0.49999925
disable
0.3999994
done
7
170 171 1 18 1
171 1000001 1.2115237891781 19 1
170 1000001 1.2115237891781 17 0
132 1000003 0.3961912900174 15 0
130 1000005 0.28962065492721 16 0
3 1000004 1.1955320902127 1123 1
152 1000004 -0.45063631092257 1124 1
0
13
2
0
173
connections
0.7368398947385
step
0.285
link
2.10525684211
enable
0.189999715
bias
0.421051368422
node
0.5263142105275
disable
0.37999943
done
14
170 171 1.262289317009 18 1
31 171 -0.95736564226203 846 1
130 172 1 827 1
171 173 1 848 1
173 1000001 0.92766699632454 849 1
170 1000001 1.3170989167014 17 1
171 1000001 0.92766699632454 19 0
36 1000002 -1.0262153996399 825 0
170 1000002 -0.93160802026429 847 0
132 1000002 1.8717001861629 826 1
132 1000003 0.56021975517767 15 0
130 1000005 0.56767472144821 16 0
172 1000005 0.56767472144821 828 1
1000002 1000005 -0.53975035859249 845 1
0
175
connections
0.69999790000157
step
0.29999955
link
2.2160565097102
enable
0.19999940000045
bias
0.3999988000009
node
0.49999850000112
disable
0.3609994585
done
17
170 171 1.1931649967325 18 1
31 171 -1.180751640994 846 1
130 172 1.1528334143544 827 1
171 173 0.88652624827723 848 1
173 1000001 1.0568241865418 849 1
170 1000001 -1.0423291726432 17 1
171 1000001 1.4358958708457 19 0
36 1000002 -1.3004878847423 825 0
170 1000002 -0.89261457919706 847 0
132 1000002 1.8114018055879 826 1
132 1000003 0.36816401127832 15 0
130 1000005 1.7238685262612 16 0
172 1000005 0.38448153940683 828 1
1000002 1000005 -0.37062008462325 845 1
13 1000006 -0.12836085085604 1116 1
136 173 0.518753624073 1117 1
70 171 1.9770500808741 1118 1
0
2
2
0
173
connections
0.6649990025
step
0.34990365942793
link
1.89999715
enable
0.171475
bias
0.34295
node
0.58317276571322
disable
0.421051368422
done
11
170 171 0.75037117680754 18 1
96 171 -0.042054506057924 1074 1
147 172 1 1054 1
171 1000001 1.4573585220762 19 1
170 1000001 1.070523626072 17 0
69 1000002 1.9306619464705 1053 1
147 1000002 -0.34345530564287 1052 1
172 1000002 -0.34345530564287 1055 1
132 1000003 0.59385933650438 15 0
130 1000005 0.10686520932993 16 1
15 1000005 -0.18622394482253 1075 1
0
174
connections
0.631749052375
step
0.36831908902363
link
1.8049972925
enable
0.18049972925
bias
0.3609994585
node
0.55401412742756
disable
0.3999988000009
done
15
170 171 0.56958941745309 18 0
96 171 -0.32341670330974 1074 0
147 172 0.96410892509987 1054 1
171 1000001 1.6052279521768 19 1
170 1000001 1.3814709498936 17 0
69 1000002 1.7144724558491 1053 1
147 1000002 -0.027427253398259 1052 1
172 1000002 -0.18695313344292 1055 1
132 1000003 0.69881234819949 15 0
130 1000005 -0.22361818971129 16 1
15 1000005 -0.37842610257927 1075 1
167 1000004 -0.87325663014618 1119 1
115 1000005 -1.8416699728385 1120 1
170 174 1 1121 1
174 171 0.56958941745309 1122 1
0
0
1
0
172
connections
0.69999895
step
0.29999955
link
2.2160598338
enable
0.1805
bias
0.361
node
0.49999925
disable
0.3999994
done
9
170 171 1.7947935422834 18 1
171 1000001 1.0117590813486 19 0
170 1000001 1.4186312393735 17 0
132 1000003 0.34377582861568 15 0
130 1000005 -0.24331794049771 16 1
130 1000004 0.62630085146641 1109 1
6 171 -0.071474349192785 1110 0
6 172 1 1111 1
172 171 -0.071474349192785 1112 1
0
0
1
0
172
connections
0.77562094183
step
0.33240897507
link
2.2160598338
enable
0.1999997
bias
0.3999994
node
0.49999925
disable
0.361
done
9
170 171 1.1629734240089 18 1
171 1000001 1.4731232715882 19 1
170 1000001 -1.5134128849147 17 0
132 1000003 0.70666758269043 15 0
130 1000005 0.27920212355733 16 1
70 1000001 -0.30487990966521 1125 1
150 1000003 -0.93002105777154 1126 1
150 172 1 1127 1
172 1000003 -0.93002105777154 1128 1
