189
10000
1
10000
182
5
10000
172
connections
0.69999790000157
step
0.29999955
link
1.9999940000045
enable
0.19999940000045
bias
0.3999988000009
node
0.451249323125
disable
0.44321130194205
done
13
7 171 0.63949184228492 24 1
84 172 0.97342146996521 45 1
23 1000002 0.73064019042482 43 1
1000003 1000002 -1.1120258706244 21 1
172 1000003 0.63297497195196 46 1
84 1000003 0.49750961528825 22 0
122 1000004 -0.41343833385266 20 0
170 1000004 0.24382190664541 44 0
48 1000004 -1.0716269417402 65 1
7 1000005 0.92092488415632 23 0
171 1000005 0.90342791108585 25 1
106 1000006 1.3220222972182 42 1
67 1000006 -1.5325785088656 66 1
0
172
connections
0.6649980050015
step
0.2849995725
link
1.8999943000043
enable
0.18999943000043
bias
0.37999886000085
node
0.42868685696875
disable
0.46653751276326
done
15
7 171 -1.4887539292581 24 1
84 172 1.2209162920572 45 1
23 1000002 1.0490478673583 43 1
1000003 1000002 -0.42732016968291 21 1
172 1000003 0.65979017267273 46 1
84 1000003 0.73681114543115 22 0
122 1000004 -0.62892539121792 20 0
170 1000004 0.061664673854259 44 0
48 1000004 -1.1406784754807 65 1
7 1000005 1.1433875467691 23 0
171 1000005 0.97605995030499 25 1
106 1000006 1.0524612525416 42 1
67 1000006 -1.5772241220021 66 1
102 1000005 -0.91769157994324 1834 1
122 1000001 -1.5392925809503 1835 0
0
173
connections
0.6649980050015
step
0.2849995725
link
1.8999943000043
enable
0.18999943000043
bias
0.37999886000085
node
0.42868685696875
disable
0.42105073684495
done
18
7 171 0.86235156936755 24 1
84 172 1.0891625909484 45 1
23 1000002 1.4886318552202 43 1
1000003 1000002 -1.32888717441 21 1
172 1000003 0.79484032563784 46 1
84 1000003 0.46427546609783 22 0
122 1000004 -0.30987407988502 20 0
170 1000004 0.3514393177768 44 0
48 1000004 -1.0501173759333 65 1
7 1000005 1.0256024516797 23 0
171 1000005 0.91380434133557 25 1
106 1000006 1.3087582099334 42 0
67 1000006 -1.2448739323357 66 1
41 1000005 1.7530442213202 1836 1
167 1000001 0.54219183935057 1837 1
170 1000003 0.8647114474929 1838 1
106 173 1 1839 1
173 1000006 1.3087582099334 1840 1
0
173
connections
0.73683878947866
step
0.2849995725
link
1.8999943000043
enable
0.18999943000043
bias
0.37999886000085
node
0.42868685696875
disable
0.46653751276326
done
15
7 171 0.76072994894948 24 1
84 172 0.75395083753342 45 1
23 1000002 0.63511266868748 43 1
1000003 1000002 -1.2836414156849 21 1
172 1000003 0.91686123089625 46 0
84 1000003 0.52141976344958 22 0
122 1000004 -0.28009294226974 20 0
170 1000004 0.12651518847446 44 0
48 1000004 -1.2037198555729 65 1
7 1000005 0.85980570950018 23 0
171 1000005 0.89693068275681 25 1
106 1000006 1.5572880657217 42 1
67 1000006 -1.331529736676 66 1
3 1000002 -1.3575243385113 1841 1
25 1000001 0.37775811029389 1842 1
0
174
connections
0.73683878947866
step
0.2849995725
link
1.8999943000043
enable
0.18999943000043
bias
0.42105073684495
node
0.42868685696875
disable
0.46653751276326
done
18
7 171 0.57631999576045 24 1
84 172 1.2259957851551 45 1
23 1000002 0.62498847354022 43 1
1000003 1000002 -1.0426612174463 21 1
172 1000003 -0.21478926969207 46 1
84 1000003 0.76680102933813 22 0
122 1000004 -0.35350205484947 20 0
170 1000004 0.52405510548502 44 0
48 1000004 -1.2337097394799 65 1
7 1000005 0.98985464922674 23 0
171 1000005 1.1037982578275 25 1
106 1000006 1.5566792223709 42 0
67 1000006 -1.2684187744866 66 1
147 1000006 -0.72115237891781 1843 1
79 1000003 -1.2366710409864 1844 0
170 1000003 1.2385021515549 1845 1
106 174 1 1846 1
174 1000006 1.5566792223709 1847 1
