123
20000
6
20000
121
2
20000
171
connections
0.736841
step
0.315789
link
2.10526
enable
0.19
bias
0.38
node
0.526315
disable
0.38
done
5
170 171 1 18 1
171 1000001 1.2115237891781 19 1
170 1000001 1.2115237891781 17 0
132 1000003 0.3961912900174 15 0
130 1000005 0.28962065492721 16 1
0
171
connections
0.77562094183
step
0.285
link
1.999997
enable
0.1805
bias
0.3999994
node
0.55401495845
disable
0.361
done
8
170 171 1 18 1
171 1000001 1.2115237891781 19 1
170 1000001 1.2115237891781 17 0
132 1000003 0.3961912900174 15 0
130 1000005 0.28962065492721 16 1
113 171 0.89791558580279 2398 1
64 1000003 -1.2931913205359 2399 1
170 1000006 1.6057008575701 2400 1
0
9
2
0
172
connections
0.6649990025
step
0.3157885263165
link
2.10525684211
enable
0.210525684211
bias
0.421051368422
node
0.4749992875
disable
0.37999943
done
10
170 171 1.070652027955 18 1
171 1000001 1.2115237891781 19 1
170 1000001 1.2115237891781 17 0
47 1000002 -1.042573320719 2216 1
132 1000003 0.26519409772027 15 1
109 1000003 0.9226966154973 2217 1
140 1000003 -1.3610644856105 2189 1
130 1000005 0.27753532517472 16 1
21 1000006 0.68037965025788 2190 1
170 1000006 -1.3484908597064 2191 1
0
172
connections
0.631749052375
step
0.33240847645654
link
2.2160565097102
enable
0.19999940000045
bias
0.44321130194205
node
0.49999850000112
disable
0.3609994585
done
12
170 171 0.81795990661166 18 1
171 1000001 1.3839923248463 19 1
170 1000001 1.1183049565063 17 0
47 1000002 -1.2423308606191 2216 1
132 1000003 -1.308328501236 15 1
109 1000003 0.63585773272474 2217 1
140 1000003 -1.0969495320125 2189 1
130 1000005 -1.0981170079653 16 1
21 1000006 0.76065395898924 2190 1
170 1000006 -1.2355914812316 2191 0
38 1000001 -1.7751396221809 2401 1
35 1000005 1.563829462569 2402 1
0
8
2
0
172
connections
0.69999895
step
0.285
link
1.999997
enable
0.1805
bias
0.3999994
node
0.49999925
disable
0.3999994
done
10
170 171 0.77894604327525 18 1
130 172 1 2239 1
170 1000001 1.3936291085543 17 0
171 1000001 0.19489120151372 19 1
137 1000002 1.5084078493606 2236 1
132 1000003 0.21497314371166 15 0
172 1000005 0.23740791039766 2240 1
130 1000005 0.23740791039766 16 0
10 1000005 0.91915646839808 2237 1
170 1000006 -1.5124362926115 2238 0
0
173
connections
0.7368398947385
step
0.315789
link
2.10525684211
enable
0.189999715
bias
0.37999943
node
0.4749992875
disable
0.37999943
done
12
170 171 0.77894604327525 18 1
130 172 1 2239 1
170 1000001 1.3936291085543 17 0
171 1000001 0.19489120151372 19 1
137 1000002 1.5084078493606 2236 1
132 1000003 0.21497314371166 15 0
172 1000005 0.23740791039766 2240 1
130 1000005 0.23740791039766 16 0
10 1000005 0.91915646839808 2237 1
170 1000006 -1.5124362926115 2238 1
64 1000006 1.4311349833674 2403 1
133 1000002 -1.2585222937712 2404 1
0
1
2
0
172
connections
0.77562094183
step
0.29999955
link
1.999997
enable
0.1999997
bias
0.3999994
node
0.49999925
disable
0.361
done
9
170 171 0.46897873165075 18 1
132 171 -1.0498977629933 2370 0
172 171 -1.0498977629933 2373 1
132 172 1 2372 1
171 1000001 -0.34199041718802 19 1
170 1000001 1.1442763544191 17 0
132 1000003 0.35393847702719 15 0
4 1000005 -1.8139591662343 2371 0
130 1000005 0.06411972666097 16 1
0
172
connections
0.7368398947385
step
0.285
link
2.10525684211
enable
0.210525684211
bias
0.37999943
node
0.4749992875
disable
0.37999943
done
11
170 171 0.51546834009827 18 1
132 171 -0.86257377849666 2370 0
172 171 -1.176459089938 2373 1
132 172 1.1138799707022 2372 1
171 1000001 -0.61229117709891 19 1
170 1000001 1.3657999910047 17 0
132 1000003 0.32618387636189 15 0
4 1000005 -1.7199797051912 2371 0
130 1000005 0.170015139729 16 1
98 1000004 -0.26899014252144 2405 1
29 171 1.5849482711264 2406 1
0
1
1
0
172
connections
0.77562094183
step
0.33240897507
link
1.999997
enable
0.1999997
bias
0.361
node
0.49999925
disable
0.361
done
10
170 171 0.73375427867329 18 1
84 171 0.95101779229102 2374 1
170 172 1 2377 1
171 1000001 0.34662923062838 19 1
170 1000001 0.95223728159996 17 0
132 1000003 0.43560316379732 15 0
130 1000005 0.39044809726923 16 1
170 1000006 0.80660420545061 2376 0
99 1000006 -0.57649464400159 2375 1
172 1000006 0.80660420545061 2378 1
0
0
1
0
172
connections
0.69999895
step
0.33240897507
link
2.2160598338
enable
0.1805
bias
0.3999994
node
0.49999925
disable
0.3999994
done
10
170 171 1 18 1
171 1000001 1.2115237891781 19 1
170 1000001 1.2115237891781 17 0
132 1000003 0.3961912900174 15 0
130 1000005 0.28962065492721 16 1
60 1000001 -1.797845393231 2393 0
152 1000003 -1.3122348704489 2394 1
170 1000006 -0.61091952269051 2395 1
60 172 1 2396 1
172 1000001 -1.797845393231 2397 1
