161
20000
4
20000
159
3
20000
171
connections
0.736841
step
0.315789
link
2.10526
enable
0.19
bias
0.38
node
0.526315
disable
0.38
done
5
170 171 1 18 1
171 1000001 1.2115237891781 19 1
170 1000001 1.2115237891781 17 0
132 1000003 0.3961912900174 15 0
130 1000005 0.28962065492721 16 1
0
172
connections
0.77562094183
step
0.315789
link
2.2160598338
enable
0.1999997
bias
0.361
node
0.55401495845
disable
0.361
done
9
170 171 0.95511858354442 18 0
171 1000001 1.0783444260689 19 1
170 1000001 1.4584631350749 17 0
132 1000003 0.14310327680288 15 0
130 1000005 0.32557783010346 16 1
7 171 0.37897885067293 3117 1
19 1000001 0.23639637440107 3118 1
170 172 1 3119 1
172 171 0.95511858354442 3120 1
0
171
connections
0.69999895
step
0.33240897507
link
2.2160598338
enable
0.1805
bias
0.361
node
0.55401495845
disable
0.361
done
8
170 171 0.97838180102316 18 1
171 1000001 1.3184177181406 19 1
170 1000001 0.65169225135044 17 0
132 1000003 0.54283186543281 15 0
130 1000005 0.66841639454329 16 1
137 171 0.66158024842067 3121 1
158 1000005 1.7208166753136 3122 1
35 1000005 0.27277443769646 3123 1
0
9
2
0
172
connections
0.7368398947385
step
0.285
link
1.89999715
enable
0.189999715
bias
0.421051368422
node
0.4749992875
disable
0.34295
done
11
170 171 1.00984977987 18 0
172 171 1.00984977987 2942 1
170 172 1 2941 1
171 1000001 1.1245440014344 19 1
170 1000001 1.258461839259 17 1
132 1000003 0.4053030883816 15 0
145 1000003 2.1702815332499 2922 1
7 1000003 -0.4451429792169 2940 1
76 1000004 0.072983336893826 2923 1
130 1000005 0.53774355342265 16 1
81 1000006 1.6131473738823 2939 1
0
173
connections
0.77561977839859
step
0.29999955
link
1.9999940000045
enable
0.18049972925
bias
0.44321130194205
node
0.49999850000112
disable
0.3609994585
done
14
170 171 1.0428554983596 18 0
172 171 0.96536301533708 2942 1
170 172 1.1134279740272 2941 0
171 1000001 1.0121597588656 19 1
170 1000001 0.99056160937681 17 1
132 1000003 0.32073337362743 15 0
145 1000003 2.0190961159352 2922 1
7 1000003 -0.71379396330607 2940 1
76 1000004 0.058838028969695 2923 1
130 1000005 0.33136997589038 16 0
81 1000006 1.7097291559481 2939 1
23 1000001 -1.1707510605182 3124 1
130 173 1 3125 1
173 1000005 0.33136997589038 3126 1
0
6
2
0
173
connections
0.69999895
step
0.29999955
link
2.2160598338
enable
0.1805
bias
0.361
node
0.49999925
disable
0.3999994
done
10
170 171 1.8790246284371 18 1
1000004 171 -0.78975798821986 2999 1
130 173 1 3002 1
171 1000001 1.0358015270501 19 1
170 1000001 1.4729968306055 17 0
170 1000002 0.2831507309183 3001 1
132 1000003 -0.13519699697867 15 0
137 1000005 -0.84273812067019 3000 1
130 1000005 0.34803132168045 16 0
173 1000005 0.34803132168045 3003 1
0
173
connections
0.6649990025
step
0.315789
link
2.10525684211
enable
0.189999715
bias
0.37999943
node
0.5263142105275
disable
0.421051368422
done
12
170 171 1.8790246284371 18 1
1000004 171 -0.78975798821986 2999 1
130 173 1 3002 1
171 1000001 1.0358015270501 19 1
170 1000001 1.4729968306055 17 1
170 1000002 0.2831507309183 3001 1
132 1000003 -0.13519699697867 15 0
137 1000005 -0.84273812067019 3000 1
130 1000005 0.34803132168045 16 0
173 1000005 0.34803132168045 3003 1
10 1000003 -1.3879207739494 3127 1
2 1000003 -1.7675710318308 3128 1
0
1
3
0
172
connections
0.6649990025
step
0.27075
link
2.3326910628529
enable
0.171475
bias
0.34295
node
0.4749992875
disable
0.34295
done
12
170 171 1.4689035843989 18 1
145 171 -1.8105422910245 3076 1
112 171 -0.10846278267769 3077 1
132 172 1 3101 1
170 1000001 0.32655335398419 17 0
171 1000001 -1.8627887813959 19 1
65 1000003 -1.5571153904843 3098 1
132 1000003 -0.086426641132847 15 0
172 1000003 -0.086426641132847 3102 1
107 1000004 0.63057344279305 3100 0
130 1000005 0.39565566728721 16 1
124 1000005 -0.78109073152867 3099 1
0
173
connections
0.631749052375
step
0.2572125
link
2.2160565097102
enable
0.16290125
bias
0.3258025
node
0.49999850000112
disable
0.3609994585
done
16
170 171 1.3186987689596 18 1
145 171 -1.5772401055177 3076 0
112 171 0.062182761238441 3077 1
132 172 0.74787413289285 3101 1
170 1000001 0.51663485938597 17 0
171 1000001 -1.6195017239143 19 1
65 1000003 -1.3991079313791 3098 1
132 1000003 0.080670819345683 15 0
172 1000003 0.15984331835383 3102 1
107 1000004 0.37849467413861 3100 0
130 1000005 0.30802899601733 16 1
124 1000005 -0.75301220397046 3099 0
133 1000001 -0.93453779717399 3129 1
18 172 -0.31647694326609 3130 1
124 173 1 3131 1
173 1000005 -0.75301220397046 3132 1
0
172
connections
0.69999790000157
step
0.2572125
link
2.2160565097102
enable
0.18049972925
bias
0.3258025
node
0.49999850000112
disable
0.3258025
done
14
170 171 1.4969978114414 18 1
145 171 -2.0147533322398 3076 1
112 171 -0.048891089739677 3077 1
132 172 0.022278511917478 3101 1
170 1000001 0.44259609172338 17 0
171 1000001 -1.9865242664113 19 1
65 1000003 -1.3772071508683 3098 1
132 1000003 -0.11893242324595 15 0
172 1000003 -0.31478348910489 3102 1
107 1000004 0.58869506859035 3100 0
130 1000005 0.50267120159001 16 1
124 1000005 -0.58251580515458 3099 1
114 1000004 0.47358623004852 3133 1
102 1000002 0.51680043946654 3134 1
