219
10000
2
10000
212
4
10000
172
connections
0.69999790000157
step
0.29999955
link
1.9999940000045
enable
0.19999940000045
bias
0.3999988000009
node
0.451249323125
disable
0.44321130194205
done
13
7 171 0.63949184228492 24 1
84 172 0.97342146996521 45 1
23 1000002 0.73064019042482 43 1
1000003 1000002 -1.1120258706244 21 1
172 1000003 0.63297497195196 46 1
84 1000003 0.49750961528825 22 0
122 1000004 -0.41343833385266 20 0
170 1000004 0.24382190664541 44 0
48 1000004 -1.0716269417402 65 1
7 1000005 0.92092488415632 23 0
171 1000005 0.90342791108585 25 1
106 1000006 1.3220222972182 42 1
67 1000006 -1.5325785088656 66 1
0
173
connections
0.6649980050015
step
0.3157885263165
link
1.8999943000043
enable
0.21052536842247
bias
0.37999886000085
node
0.42868685696875
disable
0.46653751276326
done
15
7 171 0.87771861257264 24 1
84 172 0.72164452212078 45 1
23 1000002 0.69701531880647 43 1
1000003 1000002 -1.1162374122974 21 1
172 1000003 -1.0102237006745 46 1
84 1000003 0.24634946073231 22 0
122 1000004 1.4484694967498 20 0
170 1000004 0.18427244211983 44 0
48 1000004 -0.964719317532 65 1
7 1000005 0.95728677599238 23 0
171 1000005 1.0801873752166 25 1
106 1000006 1.0496213237896 42 1
67 1000006 -1.5923207212939 66 1
67 1000004 -1.2431409649953 2134 1
9 171 0.1270180364391 2135 1
0
173
connections
0.69999685000472
step
0.29999955
link
1.8049945850041
enable
0.19999910000135
bias
0.4432106371251
node
0.40725251412031
disable
0.3999982000027
done
20
7 171 0.61199872208014 24 1
84 172 1.4121255099918 45 1
120 1000001 -1.2896293862438 2125 1
1000003 1000002 -1.3131089760857 21 1
23 1000002 1.1001283547838 43 1
84 1000003 -1.6045440565462 22 0
170 1000003 -0.66490377119205 2126 1
172 1000003 -0.31513412884915 46 1
5 1000004 -0.23554185613575 2124 1
48 1000004 -0.51536192458419 65 1
170 1000004 0.46966544482253 44 0
122 1000004 -0.90990515199133 20 0
171 1000005 0.94223920511185 25 1
7 1000005 0.85063202796716 23 0
67 1000006 -1.5496603354915 66 1
106 1000006 1.4458124140355 42 1
92 1000002 -0.15326395458846 2136 1
118 1000006 1.0778527176733 2137 0
118 173 1 2138 1
173 1000006 1.0778527176733 2139 1
0
173
connections
0.6649980050015
step
0.2849995725
link
2.1052536842247
enable
0.18999943000043
bias
0.37999886000085
node
0.42868685696875
disable
0.42105073684495
done
17
7 171 0.49814450952033 24 0
84 172 0.74888873995979 45 1
23 1000002 0.9065698255137 43 1
1000003 1000002 -1.1752672992461 21 1
172 1000003 0.88934151144101 46 1
84 1000003 0.32912963774903 22 0
122 1000004 -0.15270551776231 20 0
170 1000004 -1.5847041230506 44 0
48 1000004 -0.84036214382756 65 1
7 1000005 1.1268044068728 23 1
171 1000005 -0.78243354594562 25 0
106 1000006 1.1055436949674 42 1
67 1000006 -1.3975979379978 66 1
32 172 -1.9083223975341 2140 1
163 1000004 1.7579271828364 2141 1
7 173 1 2142 1
173 171 0.49814450952033 2143 1
0
11
1
0
174
connections
0.81643942267473
step
0.31578805263371
link
2.1052505263442
enable
0.21052505263442
bias
0.37999829000256
node
0.52631263158605
disable
0.46653681295699
done
26
7 171 1.1575522470185 24 1
84 172 0.67216954882858 45 1
128 172 -1.3839507656875 2005 1
1000003 173 -0.13351619031927 2009 1
5 174 1 2028 1
124 1000001 1.5157322916349 2025 1
63 1000001 -1.6018769320012 2006 1
154 1000002 0.48774681844539 2026 1
173 1000002 -0.79932204876767 2010 1
174 1000002 -1.2141995993517 2029 1
23 1000002 0.86280220114315 43 1
5 1000002 -1.2141995993517 2020 1
1000003 1000002 -0.988934345428 21 1
172 1000003 -1.2357007441758 46 1
170 1000003 -0.017517624439222 2027 1
84 1000003 0.49333934694143 22 0
170 1000004 0.2904644036379 44 1
48 1000004 -0.74350889831182 65 1
29 1000004 0.53177718676632 2007 1
122 1000004 0.33710745567187 20 1
171 1000005 0.44617463956515 25 1
170 1000005 -0.74757440185703 2008 1
7 1000005 0.80670952443091 23 0
154 1000006 -0.43524448121555 2021 1
67 1000006 -1.9658192693869 66 1
106 1000006 1.5088521236813 42 1
