169
20000
5
20000
167
2
20000
171
connections
0.736841
step
0.315789
link
2.10526
enable
0.19
bias
0.38
node
0.526315
disable
0.38
done
5
170 171 1 18 1
171 1000001 1.2115237891781 19 1
170 1000001 1.2115237891781 17 0
132 1000003 0.3961912900174 15 0
130 1000005 0.28962065492721 16 1
0
172
connections
0.77562094183
step
0.29999955
link
2.2160598338
enable
0.1805
bias
0.361
node
0.55401495845
disable
0.361
done
9
170 171 0.80477643956877 18 1
171 1000001 1.2533920695257 19 1
170 1000001 1.1329051748451 17 0
132 1000003 0.3412855219779 15 0
130 1000005 0.18489044305399 16 1
19 1000006 -1.6984771263771 3262 1
159 171 -0.12274544511246 3263 1
64 1000001 1.483748893704 3264 1
170 1000004 1.474837488937 3265 1
0
14
3
0
173
connections
0.69999895
step
0.29999955
link
2.2160598338
enable
0.1805
bias
0.361
node
0.49999925
disable
0.3999994
done
10
170 171 1.8790246284371 18 1
1000004 171 -0.78975798821986 2999 1
130 173 1 3002 1
171 1000001 1.0358015270501 19 1
170 1000001 1.4729968306055 17 0
170 1000002 0.2831507309183 3001 1
132 1000003 -0.13519699697867 15 0
137 1000005 -0.84273812067019 3000 1
130 1000005 0.34803132168045 16 0
173 1000005 0.34803132168045 3003 1
0
173
connections
0.7368398947385
step
0.2849995725
link
2.10525684211
enable
0.189999715
bias
0.37999943
node
0.4749992875
disable
0.37999943
done
12
170 171 1.9520249461956 18 1
1000004 171 -1.0269546599215 2999 1
130 173 0.95925098430853 3002 1
171 1000001 1.1128550019723 19 1
170 1000001 1.6277561126115 17 0
170 1000002 0.26879072560205 3001 1
132 1000003 1.9484847560045 15 0
137 1000005 -0.96246281671995 3000 1
130 1000005 0.46323318141013 16 0
173 1000005 0.46335495008029 3003 1
62 1000001 -1.7474288155766 3266 1
98 1000004 -0.59236426892911 3267 1
0
173
connections
0.6649990025
step
0.285
link
2.10525684211
enable
0.189999715
bias
0.37999943
node
0.4749992875
disable
0.421051368422
done
13
170 171 1.8790246284371 18 1
1000004 171 -0.78975798821986 2999 1
130 173 1 3002 1
171 1000001 1.0358015270501 19 1
170 1000001 1.4729968306055 17 0
170 1000002 0.2831507309183 3001 1
132 1000003 -0.13519699697867 15 0
137 1000005 -0.84273812067019 3000 1
130 1000005 0.34803132168045 16 0
173 1000005 0.34803132168045 3003 1
16 1000006 -0.98605304116947 3270 1
33 1000003 0.63167210913419 3271 1
170 1000003 1.5080416272469 3272 1
0
3
2
0
172
connections
0.7368398947385
step
0.315789
link
1.89999715
enable
0.189999715
bias
0.34295
node
0.4749992875
disable
0.37999943
done
10
170 171 0.88870181186307 18 1
129 171 -1.5197607348857 3204 1
170 1000001 1.2115237891781 17 1
171 1000001 1.2115237891781 19 1
132 1000003 0.3961912900174 15 0
45 1000003 -1.8813440351573 3205 1
130 1000005 0.28962065492721 16 1
148 1000006 0.40314951017792 3189 1
117 1000006 -1.4764244514298 3190 1
170 1000006 0.25165562913907 3206 0
0
172
connections
0.69999790000157
step
0.29999955
link
1.9999940000045
enable
0.19999940000045
bias
0.3258025
node
0.451249323125
disable
0.3999988000009
done
12
170 171 0.88870181186307 18 1
129 171 -1.5197607348857 3204 1
170 1000001 1.2115237891781 17 1
171 1000001 1.2115237891781 19 1
132 1000003 0.3961912900174 15 0
45 1000003 -1.8813440351573 3205 1
130 1000005 0.28962065492721 16 0
148 1000006 0.40314951017792 3189 1
117 1000006 -1.4764244514298 3190 1
170 1000006 0.25165562913907 3206 0
80 1000001 1.4496902371288 3268 1
165 1000006 -1.2796411023286 3269 1
0
2
1
0
174
connections
0.7368398947385
step
0.315789
link
1.89999715
enable
0.210525684211
bias
0.37999943
node
0.4749992875
disable
0.37999943
done
11
170 171 1.26116416245 18 1
170 173 -1.1294900357067 3222 1
112 173 1.2381500283517 3211 1
173 1000001 0.08887609152501 3212 1
171 1000001 1.4877030357677 19 1
112 1000001 -0.3511487554857 3210 0
170 1000001 0.98171975753044 17 0
132 1000003 0.46863569789727 15 0
113 1000003 0.078554643391217 3223 1
134 1000003 0.40517640433973 3209 1
130 1000005 0.0024547614062931 16 1
0
1
2
0
174
connections
0.631749052375
step
0.29999910000067
link
2.2160565097102
enable
0.18049972925
bias
0.3999988000009
node
0.49999850000112
disable
0.44321130194205
done
16
170 171 1.7560384560592 18 1
1000004 171 -0.63238366252902 2999 1
130 173 -1.8010193182165 3002 1
44 174 -1.7403485213782 3252 1
167 174 -1.3995178075503 3253 1
137 174 1.1720048552419 3234 1
171 1000001 -1.6943266090884 19 1
12 1000001 -0.12494641998613 3233 1
170 1000001 1.4478282913464 17 0
170 1000002 0.16499867593894 3001 1
132 1000003 -0.25644361953517 15 0
173 1000005 0.38728105896805 3003 0
174 1000005 -0.72802854323226 3235 1
130 1000005 0.30559546156194 16 0
137 1000005 -0.56015282993497 3000 0
21 1000006 -1.6608687189218 3232 1
0
175
connections
0.6649980050015
step
0.285
link
2.3326875638163
enable
0.1714747427875
bias
0.42105073684495
node
0.47499857500107
disable
0.42105073684495
done
18
170 171 1.7560384560592 18 1
1000004 171 -0.63238366252902 2999 1
130 173 -1.8010193182165 3002 1
44 174 -1.7403485213782 3252 1
167 174 -1.3995178075503 3253 1
137 174 1.1720048552419 3234 1
171 1000001 -1.6943266090884 19 1
12 1000001 -0.12494641998613 3233 1
170 1000001 1.4478282913464 17 0
170 1000002 0.16499867593894 3001 1
132 1000003 -0.25644361953517 15 0
173 1000005 0.38728105896805 3003 0
174 1000005 -0.72802854323226 3235 1
130 1000005 0.30559546156194 16 0
137 1000005 -0.56015282993497 3000 0
21 1000006 -1.6608687189218 3232 0
131 1000001 -0.745078890347 3273 1
72 1000004 0.55476546525468 3274 1
