194
10000
2
10000
187
3
10000
172
connections
0.69999790000157
step
0.29999955
link
1.9999940000045
enable
0.19999940000045
bias
0.3999988000009
node
0.451249323125
disable
0.44321130194205
done
13
7 171 0.63949184228492 24 1
84 172 0.97342146996521 45 1
23 1000002 0.73064019042482 43 1
1000003 1000002 -1.1120258706244 21 1
172 1000003 0.63297497195196 46 1
84 1000003 0.49750961528825 22 0
48 1000004 -1.0716269417402 65 1
170 1000004 0.24382190664541 44 0
122 1000004 -0.41343833385266 20 0
7 1000005 0.92092488415632 23 0
171 1000005 0.90342791108585 25 1
106 1000006 1.3220222972182 42 1
67 1000006 -1.5325785088656 66 1
0
172
connections
0.6649980050015
step
0.285
link
1.8999943000043
enable
0.21052536842247
bias
0.42105073684495
node
0.47499857500107
disable
0.46653751276326
done
15
7 171 0.8530135256859 24 1
84 172 1.0840832638432 45 1
23 1000002 0.59602472364422 43 1
1000003 1000002 -1.0421218513367 21 1
172 1000003 0.53616003619343 46 1
84 1000003 0.52909123704184 22 1
48 1000004 -1.2103129673147 65 1
170 1000004 -1.0107119968261 44 0
122 1000004 -0.24542341030152 20 0
7 1000005 0.68277110138707 23 0
171 1000005 1.1868971026505 25 1
106 1000006 1.6981109042634 42 1
67 1000006 -1.741090273751 66 1
108 1000003 -0.71968749046297 1894 1
148 1000004 1.5472273934141 1895 1
0
174
connections
0.6649980050015
step
0.3157885263165
link
1.8999943000043
enable
0.18999943000043
bias
0.37999886000085
node
0.47499857500107
disable
0.46653751276326
done
16
7 171 0.63949184228492 24 1
84 172 -1.1362214524716 45 1
23 1000002 0.61963985577952 43 1
1000003 1000002 -1.1120258706244 21 1
172 1000003 0.39334292684721 46 1
84 1000003 0.49750961528825 22 0
48 1000004 -1.0716269417402 65 1
170 1000004 0.24382190664541 44 0
122 1000004 -0.41343833385266 20 0
7 1000005 0.92092488415632 23 0
171 1000005 0.90342791108585 25 1
106 1000006 1.2222328720254 42 1
67 1000006 -1.5325785088656 66 1
146 1000003 -1.3447065645314 1896 1
53 1000003 -1.9981688894314 1897 1
170 1000006 -0.42646565141758 1898 1
0
3
2
0
174
connections
0.66499700750449
step
0.33240897507
link
2.1052505263442
enable
0.17147448557539
bias
0.37999829000256
node
0.3868898884143
disable
0.42105010526884
done
22
7 171 1.191453396213 24 1
53 172 -1.759941061481 1852 1
84 172 0.96348081379025 45 1
106 173 0.75453047365432 1839 1
32 173 -0.96395764030885 1872 1
167 1000001 0.41178266626408 1837 1
1000003 1000002 -1.286289887923 21 1
23 1000002 -0.69502853480636 43 1
108 1000003 -1.8727891741061 1851 1
170 1000003 1.0547913133911 1838 1
84 1000003 0.3925022339246 22 0
172 1000003 0.83416979782623 46 1
48 1000004 -1.3056909502288 65 1
170 1000004 0.61906470830147 44 0
122 1000004 -0.43052412232124 20 0
7 1000005 1.2018856255983 23 0
171 1000005 -1.3499557481613 25 1
117 1000005 1.7968688009278 1871 1
41 1000005 1.4628166030525 1836 1
106 1000006 1.0643234354862 42 0
173 1000006 1.6220344195082 1840 1
67 1000006 -1.5567907619655 66 1
0
174
connections
0.69999580000945
step
0.34990365942793
link
1.999988000027
enable
0.16290076129662
bias
0.3999976000054
node
0.36754539399358
disable
0.44320997230914
done
24
7 171 1.538431136189 24 1
53 172 -1.6369349805779 1852 1
84 172 1.2883112656515 45 1
106 173 0.65935266315958 1839 1
32 173 1.0686971648305 1872 1
167 1000001 0.57575161949495 1837 1
1000003 1000002 -0.53767509994812 21 1
23 1000002 -0.83379613801282 43 1
108 1000003 -2.0767172170791 1851 1
170 1000003 1.0058942872209 1838 1
84 1000003 -0.1483809930723 22 0
172 1000003 0.93524216137753 46 1
48 1000004 -1.6052132666842 65 1
170 1000004 0.5583785760181 44 0
122 1000004 -0.7443343228159 20 0
7 1000005 0.89317976633737 23 0
171 1000005 -1.0505829312399 25 1
117 1000005 2.1118536406185 1871 0
41 1000005 1.619588221573 1836 1
106 1000006 1.1585828917004 42 0
173 1000006 1.5542150237433 1840 1
67 1000006 -1.8592817120254 66 1
31 1000005 0.36616107669301 1899 1
98 1000004 1.295632801294 1900 1
