40
40000
4
40000
18
3
40000
170
connections
0.69999895
step
0.285
link
1.805
enable
0.22160598338
bias
0.44321196676
node
0.49999925
disable
0.3999994
done
5
170 1000001 1.6575823236793 202 1
1000003 1000002 -1.3870662556841 21 0
122 1000004 -0.29377117221595 20 0
47 1000004 1.1698965422529 201 1
168 1000006 0.56978057191687 200 1
0
170
connections
0.6649990025
step
0.27075
link
1.89999715
enable
0.23326910628529
bias
0.421051368422
node
0.5263142105275
disable
0.421051368422
done
8
170 1000001 1.5352998672445 202 1
1000003 1000002 -1.1604731208228 21 0
122 1000004 -0.39184337137974 20 0
47 1000004 1.3908709143345 201 1
168 1000006 0.39390503402814 200 1
25 1000001 1.1528061769463 703 1
77 1000001 -0.61531418805506 704 1
170 1000006 -1.3779107028413 705 1
0
171
connections
0.7368398947385
step
0.285
link
1.89999715
enable
0.23326910628529
bias
0.421051368422
node
0.4749992875
disable
0.37999943
done
9
170 1000001 1.7788554033021 202 1
1000003 1000002 -1.2083356730857 21 0
122 1000004 -0.30112079226051 20 0
47 1000004 1.2567090365307 201 0
168 1000006 0.81600589007233 200 1
63 1000002 -0.9778740806299 706 1
81 1000002 -1.1145970030824 707 1
47 171 1 708 1
171 1000004 1.2567090365307 709 1
40000
18
5
40000
171
connections
0.6649990025
step
0.27075
link
1.71475
enable
0.210525684211
bias
0.46653821257058
node
0.5263142105275
disable
0.421051368422
done
9
170 171 1 245 1
14 1000001 -0.67928098391675 244 0
170 1000001 1.7518205435347 202 0
171 1000001 1.7518205435347 246 1
1000003 1000002 -0.093081453901791 21 0
68 1000002 -1.2228766747032 243 1
122 1000004 -0.16370507675405 20 0
47 1000004 0.75850703451643 201 1
168 1000006 0.21051667836543 200 1
0
172
connections
0.631749052375
step
0.285
link
1.6290125
enable
0.19999940000045
bias
0.49109211869817
node
0.55401412742756
disable
0.3999988000009
done
11
170 171 1.0644592120121 245 1
14 1000001 -0.58672795800653 244 0
170 1000001 1.7788967177343 202 0
171 1000001 1.6766978591266 246 1
1000003 1000002 -0.17608432264168 21 0
68 1000002 1.2747581408124 243 1
122 1000004 -1.92370372631 20 0
47 1000004 0.77194509720145 201 1
168 1000006 0.44122516556291 200 0
128 1000003 1.5152439954833 710 1
136 1000002 -1.7337565233314 711 1
0
172
connections
0.631749052375
step
0.2849995725
link
1.8049972925
enable
0.22160565097102
bias
0.49109211869817
node
0.49999850000112
disable
0.3999988000009
done
13
170 171 1 245 1
14 1000001 -0.67928098391675 244 0
170 1000001 1.7518205435347 202 0
171 1000001 1.7518205435347 246 1
1000003 1000002 -0.093081453901791 21 0
68 1000002 -1.2228766747032 243 1
122 1000004 -0.16370507675405 20 1
47 1000004 0.75850703451643 201 1
168 1000006 0.21051667836543 200 1
148 1000005 -1.0028992584002 712 0
170 1000003 -1.112521744438 713 1
148 172 1 714 1
172 1000005 -1.0028992584002 715 1
0
171
connections
0.631749052375
step
0.285
link
1.8049972925
enable
0.22160565097102
bias
0.44321130194205
node
0.49999850000112
disable
0.3999988000009
done
12
170 171 1.2661954100162 245 1
14 1000001 -0.73178945280313 244 0
170 1000001 1.7428531373028 202 0
171 1000001 1.7489415799432 246 1
1000003 1000002 -0.019663533433027 21 0
68 1000002 -1.3186304818873 243 1
122 1000004 -0.11171847437971 20 0
47 1000004 0.62670964690085 201 1
168 1000006 0.052956480605487 200 1
55 171 0.42548905911435 716 1
84 1000003 -0.092959379863887 717 1
170 1000005 -0.3014618366039 718 1
0
172
connections
0.69999790000157
step
0.2572125
link
1.8049972925
enable
0.19999940000045
bias
0.49109211869817
node
0.49999850000112
disable
0.44321130194205
done
13
170 171 0.89524519142735 245 1
14 1000001 -0.82260942526017 244 0
170 1000001 1.6506923158208 202 0
171 1000001 -1.816888943144 246 1
1000003 1000002 -0.10120593699454 21 0
68 1000002 -1.094918028428 243 0
122 1000004 -0.14617660260323 20 0
47 1000004 0.53137474631489 201 1
168 1000006 0.07408031060213 200 1
11 1000006 1.0821253089999 719 1
51 1000002 1.3085726493118 720 1
68 172 1 721 1
172 1000002 -1.094918028428 722 1
40000
18
1
40000
171
connections
0.631749052375
step
0.285
link
1.8049972925
enable
0.22160565097102
bias
0.44321130194205
node
0.49999850000112
disable
0.3999988000009
done
12
170 171 1 382 1
166 1000001 0.57454145939512 379 1
170 1000001 1.7547625659963 202 1
170 1000002 1.3694875942259 381 0
171 1000002 1.3694875942259 383 1
1000003 1000002 -1.2014644306772 21 0
127 1000003 -0.66133610034486 361 1
64 1000004 -0.015198217719047 360 1
122 1000004 -0.46556093020417 20 0
47 1000004 0.96194143498032 201 0
67 1000005 1.6596575823237 380 1
168 1000006 1.3801080355235 200 1
40000
18
1
40000
171
connections
0.7368398947385
step
0.315789
link
1.89999715
enable
0.23326910628529
bias
0.421051368422
node
0.5263142105275
disable
0.421051368422
done
9
47 171 1 389 1
165 1000001 -0.092593157750176 387 1
170 1000001 1.9311016452223 202 1
1000003 1000002 -1.1903763633839 21 0
150 1000004 1.8024842066713 388 1
171 1000004 0.52253791924802 390 1
47 1000004 0.52253791924802 201 0
122 1000004 -0.20715977224036 20 1
168 1000006 0.31069808993805 200 1
