178
20000
4
20000
176
4
20000
171
connections
0.736841
step
0.315789
link
2.10526
enable
0.19
bias
0.38
node
0.526315
disable
0.38
done
5
170 171 1 18 1
171 1000001 1.2115237891781 19 1
170 1000001 1.2115237891781 17 0
132 1000003 0.3961912900174 15 0
130 1000005 0.28962065492721 16 1
0
171
connections
0.77562094183
step
0.29999955
link
2.2160598338
enable
0.1805
bias
0.3999994
node
0.49999925
disable
0.3999994
done
8
170 171 1 18 1
171 1000001 1.2115237891781 19 1
170 1000001 1.2115237891781 17 0
132 1000003 0.3961912900174 15 0
130 1000005 0.28962065492721 16 0
164 1000003 -1.5316019165624 3431 1
110 1000004 -0.72566911832026 3432 1
135 1000004 -1.406231879635 3433 1
0
172
connections
0.77562094183
step
0.29999955
link
2.2160598338
enable
0.1805
bias
0.361
node
0.55401495845
disable
0.361
done
8
170 171 0.93053692477645 18 1
171 1000001 1.5674916837062 19 1
170 1000001 1.2068636197714 17 0
132 1000003 0.25326416897946 15 0
130 1000005 0.12268771034425 16 1
144 1000001 -0.1331217383343 3434 1
127 1000004 1.884273812067 3435 1
34 171 -0.53572191534165 3436 1
0
171
connections
0.77562094183
step
0.33240897507
link
2.2160598338
enable
0.1999997
bias
0.361
node
0.55401495845
disable
0.3999994
done
7
170 171 1.1432319809263 18 1
171 1000001 1.0936939528966 19 1
170 1000001 1.3661583302405 17 0
132 1000003 0.39512610423956 15 1
130 1000005 0.17347482663727 16 1
58 1000003 0.4115726187933 3441 1
95 1000003 -1.9754631183813 3442 1
0
12
3
0
172
connections
0.7368398947385
step
0.315789
link
1.89999715
enable
0.189999715
bias
0.34295
node
0.4749992875
disable
0.37999943
done
10
170 171 0.88870181186307 18 1
129 171 -1.5197607348857 3204 1
171 1000001 1.2115237891781 19 1
170 1000001 1.2115237891781 17 1
45 1000003 -1.8813440351573 3205 1
132 1000003 0.3961912900174 15 0
130 1000005 0.28962065492721 16 1
117 1000006 -1.4764244514298 3190 1
148 1000006 0.40314951017792 3189 1
170 1000006 0.25165562913907 3206 0
0
174
connections
0.73683878947866
step
0.3157885263165
link
1.8999943000043
enable
0.18999943000043
bias
0.342949485575
node
0.47499857500107
disable
0.342949485575
done
13
170 171 0.92016790697166 18 1
129 171 -1.7050782058943 3204 1
170 1000001 -0.31330301828059 17 1
171 1000001 1.2160672530194 19 1
123 1000002 -0.83832170122645 3419 0
45 1000003 -1.7828146421476 3205 1
132 1000003 0.50782123784063 15 0
130 1000005 0.53337929002116 16 1
117 1000006 -1.2397719374556 3190 1
148 1000006 0.72128819171041 3189 1
170 1000006 0.53731765827044 3206 0
49 1000006 -0.25592822046571 3437 1
108 1000005 1.652943510239 3438 1
0
172
connections
0.69999790000157
step
0.29999955
link
1.8049972925
enable
0.19999940000045
bias
0.3258025
node
0.451249323125
disable
0.3609994585
done
13
170 171 0.77895436455785 18 1
129 171 -1.5987455707831 3204 1
171 1000001 1.4589339225333 19 1
170 1000001 1.4408791994095 17 1
45 1000003 -2.020151163596 3205 1
132 1000003 0.42897727556841 15 0
130 1000005 0.26221812637257 16 1
117 1000006 1.768547624134 3190 1
148 1000006 0.67939959172796 3189 1
170 1000006 0.43012455299997 3206 0
99 1000002 -1.8509475997192 3443 1
47 1000001 0.56746116519669 3444 0
170 1000002 -1.9310281685842 3445 1
0
11
2
0
174
connections
0.7368398947385
step
0.315789
link
1.89999715
enable
0.210525684211
bias
0.37999943
node
0.4749992875
disable
0.37999943
done
11
170 171 1.26116416245 18 1
170 173 -1.1294900357067 3222 1
112 173 1.2381500283517 3211 1
170 1000001 0.98171975753044 17 0
171 1000001 1.4877030357677 19 1
112 1000001 -0.3511487554857 3210 0
173 1000001 0.08887609152501 3212 1
134 1000003 0.40517640433973 3209 1
113 1000003 0.078554643391217 3223 1
132 1000003 0.46863569789727 15 0
130 1000005 0.0024547614062931 16 1
0
174
connections
0.77561977839859
step
0.33240897507
link
1.9999940000045
enable
0.22160565097102
bias
0.3609994585
node
0.451249323125
disable
0.3999988000009
done
13
170 171 1.9071016571551 18 1
170 173 -1.4246276531789 3222 1
112 173 1.4639795578794 3211 1
170 1000001 1.1231459949477 17 0
171 1000001 1.6070139875118 19 1
112 1000001 -0.10693716282052 3210 0
173 1000001 0.074744626872386 3212 1
134 1000003 0.12809622195847 3209 1
113 1000003 0.26810698871373 3223 1
132 1000003 0.52571951096282 15 0
130 1000005 -0.12509362701972 16 1
159 1000006 1.2012695699942 3439 1
173 1000004 1.5060884426405 3440 1
0
1
1
0
172
connections
0.7368398947385
step
0.2849995725
link
2.10525684211
enable
0.171475
bias
0.34295
node
0.5263142105275
disable
0.37999943
done
9
170 171 1.3155964686499 18 1
171 1000001 0.92511701031701 19 1
132 1000001 -0.44953764458144 3418 1
170 1000001 0.0474257637257 17 0
124 1000002 1.2786645100253 3417 1
161 1000003 -0.29822992171567 3400 1
32 1000003 -1.159520249031 3401 1
132 1000003 1.0726410824965 15 0
130 1000005 0.94271675771355 16 1
