228
10000
2
10000
221
3
10000
172
connections
0.69999790000157
step
0.29999955
link
1.9999940000045
enable
0.19999940000045
bias
0.3999988000009
node
0.451249323125
disable
0.44321130194205
done
13
7 171 0.63949184228492 24 1
84 172 0.97342146996521 45 1
23 1000002 0.73064019042482 43 1
1000003 1000002 -1.1120258706244 21 1
172 1000003 0.63297497195196 46 1
84 1000003 0.49750961528825 22 0
48 1000004 -1.0716269417402 65 1
170 1000004 0.24382190664541 44 0
122 1000004 -0.41343833385266 20 0
7 1000005 0.92092488415632 23 0
171 1000005 0.90342791108585 25 1
106 1000006 1.3220222972182 42 1
67 1000006 -1.5325785088656 66 1
0
172
connections
0.73683878947866
step
0.2849995725
link
1.8999943000043
enable
0.18999943000043
bias
0.42105073684495
node
0.47499857500107
disable
0.46653751276326
done
15
7 171 -1.9454329050569 24 1
84 172 0.95495612091227 45 1
23 1000002 0.51767548408422 43 1
1000003 1000002 -1.2016041230484 21 1
172 1000003 -0.057105237026942 46 1
84 1000003 0.49353473798387 22 0
48 1000004 -1.1317385785006 65 1
170 1000004 0.14845094462684 44 0
122 1000004 -0.3714194448867 20 0
7 1000005 0.92364728371052 23 0
171 1000005 0.81139688973441 25 1
106 1000006 1.1497744789275 42 1
67 1000006 -1.4463401971088 66 1
160 172 1.3182164983062 2214 1
115 171 1.58299508652 2215 1
0
172
connections
0.6649980050015
step
0.2849995725
link
1.8999943000043
enable
0.21052536842247
bias
0.37999886000085
node
0.47499857500107
disable
0.46653751276326
done
15
7 171 0.70708215198363 24 1
84 172 1.055363087218 45 1
23 1000002 0.77453779601604 43 1
1000003 1000002 -1.0079397509275 21 1
172 1000003 0.41663553389561 46 1
84 1000003 0.558663580993 22 0
48 1000004 -1.159952716414 65 1
170 1000004 0.053471381905194 44 0
122 1000004 -0.16274273528802 20 0
7 1000005 0.720119649307 23 0
171 1000005 -0.85958433790094 25 1
106 1000006 0.06244087038789 42 1
67 1000006 -1.2975736732268 66 1
142 171 -1.0777306436354 2216 1
154 172 1.7137363811151 2217 1
0
4
2
0
175
connections
0.69999580000945
step
0.29999955
link
2.2160498615457
enable
0.24554532271146
bias
0.49109064542292
node
0.49999700000675
disable
0.49109064542292
done
26
7 171 0.32219152780671 24 1
28 172 -1.6224766825602 2163 1
84 172 1.6319211640619 45 1
38 172 0.8866455472869 2157 1
170 172 0.42963957640309 2164 1
170 175 1 2190 1
170 1000002 1.6134132454283 2176 1
23 1000002 0.97896587769097 43 1
175 1000002 1.6134132454283 2191 1
114 1000002 -0.41059602649007 2189 1
1000003 1000002 -0.8423471772702 21 0
84 1000003 0.28272982331919 22 0
11 1000003 1.5090182195502 2187 1
15 1000003 -0.84383678701132 2188 1
172 1000003 0.64873760585978 46 1
131 1000004 1.6767083195883 2174 1
72 1000004 -1.9337714750557 2175 1
48 1000004 -0.63815016039407 65 0
122 1000004 -0.11581922402112 20 0
170 1000004 0.24857363144322 44 1
51 1000005 -0.88496697886441 2162 1
171 1000005 1.019333831773 25 1
7 1000005 1.2074108584307 23 0
67 1000006 -0.81038850062563 66 1
106 1000006 1.0464680366405 42 1
122 1000006 0.44204498197119 2156 1
0
175
connections
0.66499601000898
step
0.3157885263165
link
2.1052473684684
enable
0.23326805657589
bias
0.46653611315177
node
0.52631184211711
disable
0.51693674609153
done
29
7 171 0.53875343383589 24 1
28 172 -1.7448041389808 2163 1
84 172 1.7990625078501 45 1
38 172 0.73463491385723 2157 1
170 172 0.18144773954806 2164 1
170 175 1.249425423432 2190 1
170 1000002 1.7960707953803 2176 1
23 1000002 0.96509766609487 43 1
175 1000002 1.3819904761044 2191 1
114 1000002 -0.50042618652291 2189 1
1000003 1000002 -0.9696282547891 21 0
84 1000003 0.034884932688942 22 0
11 1000003 1.6922732880004 2187 1
15 1000003 -0.91558719377503 2188 1
172 1000003 0.62442245793973 46 1
131 1000004 1.472328081007 2174 1
72 1000004 -1.6789683851396 2175 1
48 1000004 0.21710867641224 65 0
122 1000004 -0.03067283802282 20 0
170 1000004 0.3443211520876 44 1
51 1000005 -0.57068188618862 2162 1
171 1000005 1.3107204736133 25 1
7 1000005 -1.3465376750999 23 0
67 1000006 0.58357493820002 66 1
106 1000006 0.830098878514 42 1
122 1000006 0.12853088090603 2156 1
55 175 0.99874874111148 2218 1
3 171 -0.92953276161992 2219 1
170 1000006 0.81148716696677 2220 1
