119
20000
3
20000
117
5
20000
171
connections
0.736841
step
0.315789
link
2.10526
enable
0.19
bias
0.38
node
0.526315
disable
0.38
done
5
170 171 1 18 1
171 1000001 1.2115237891781 19 1
170 1000001 1.2115237891781 17 0
132 1000003 0.3961912900174 15 0
130 1000005 0.28962065492721 16 1
0
172
connections
0.77562094183
step
0.315789
link
2.2160598338
enable
0.1999997
bias
0.361
node
0.49999925
disable
0.3999994
done
9
170 171 0.94711953358562 18 1
171 1000001 0.48347422711875 19 1
170 1000001 1.3252741345561 17 0
132 1000003 0.42950781496628 15 0
130 1000005 0.52462888775292 16 1
112 1000002 0.40888698995941 2310 0
152 1000004 0.33576464125492 2311 1
112 172 1 2312 1
172 1000002 0.40888698995941 2313 1
0
172
connections
0.77562094183
step
0.33240897507
link
1.999997
enable
0.1999997
bias
0.361
node
0.49999925
disable
0.3999994
done
8
170 171 1.2333974208635 18 1
171 1000001 1.2734973121953 19 1
170 1000001 1.1990154647584 17 0
132 1000003 0.52110026671955 15 1
130 1000005 0.050887160548042 16 1
18 1000003 -0.69466231269265 2314 1
151 1000004 -1.6623432111576 2315 1
170 1000002 1.949095126194 2316 1
0
172
connections
0.77562094183
step
0.29999955
link
2.2160598338
enable
0.1999997
bias
0.361
node
0.49999925
disable
0.361
done
8
170 171 1 18 1
171 1000001 0.80403270177151 19 1
170 1000001 1.2115237891781 17 0
132 1000003 0.28693185424539 15 1
130 1000005 0.16562718876766 16 1
53 1000002 -0.11615344706565 2317 1
33 171 -1.2938016907254 2318 1
94 171 -0.055238502151555 2319 1
0
172
connections
0.77562094183
step
0.29999955
link
2.2160598338
enable
0.1999997
bias
0.361
node
0.49999925
disable
0.3999994
done
8
170 171 1 18 1
171 1000001 0.80403270177151 19 0
170 1000001 1.2115237891781 17 0
132 1000003 0.3961912900174 15 0
130 1000005 0.28962065492721 16 1
65 171 0.077089754936369 2320 1
59 1000003 -1.940183721427 2321 1
170 1000005 -1.6805322428053 2322 1
0
5
4
0
172
connections
0.6649990025
step
0.3157885263165
link
2.10525684211
enable
0.210525684211
bias
0.421051368422
node
0.4749992875
disable
0.37999943
done
10
170 171 1.070652027955 18 1
171 1000001 1.2115237891781 19 1
170 1000001 1.2115237891781 17 0
47 1000002 -1.042573320719 2216 1
132 1000003 0.26519409772027 15 1
109 1000003 0.9226966154973 2217 1
140 1000003 -1.3610644856105 2189 1
130 1000005 0.27753532517472 16 1
21 1000006 0.68037965025788 2190 1
170 1000006 -1.3484908597064 2191 1
0
172
connections
0.631749052375
step
0.29999910000067
link
2.2160565097102
enable
0.22160565097102
bias
0.3999988000009
node
0.451249323125
disable
0.3609994585
done
12
170 171 -0.062196722312082 18 1
171 1000001 1.357215664489 19 1
170 1000001 1.2128696514084 17 0
47 1000002 -0.8467457884483 2216 1
132 1000003 0.19741574336055 15 1
109 1000003 -0.52156132694479 2217 1
140 1000003 -1.0964240246126 2189 1
130 1000005 0.18569625012645 16 1
21 1000006 0.91073335978271 2190 1
170 1000006 -1.0639279754899 2191 1
1000006 1000005 -0.76168095950194 2323 1
63 1000003 -0.35749382000183 2324 1
0
172
connections
0.69999790000157
step
0.33240847645654
link
1.9999940000045
enable
0.19999940000045
bias
0.44321130194205
node
0.451249323125
disable
0.3609994585
done
12
170 171 1.0430282515521 18 1
171 1000001 0.5706350901822 19 1
170 1000001 0.9553825000137 17 1
47 1000002 -0.88162906341798 2216 1
132 1000003 0.10126732471507 15 1
109 1000003 1.0923449492411 2217 1
140 1000003 -1.4364896701698 2189 1
130 1000005 0.13582525078215 16 1
21 1000006 0.96774605281485 2190 1
170 1000006 -1.107018678393 2191 1
87 1000004 0.60896633808405 2325 1
102 1000001 -0.59712515640736 2326 1
0
173
connections
0.69999790000157
step
0.29999910000067
link
2.2160565097102
enable
0.19999940000045
bias
0.44321130194205
node
0.451249323125
disable
0.3999988000009
done
15
170 171 1.070652027955 18 1
171 1000001 1.2115237891781 19 1
170 1000001 1.2115237891781 17 0
47 1000002 -1.042573320719 2216 1
132 1000003 0.26519409772027 15 0
109 1000003 0.9226966154973 2217 1
140 1000003 -1.3610644856105 2189 1
130 1000005 0.27753532517472 16 1
21 1000006 0.68037965025788 2190 1
170 1000006 -1.3484908597064 2191 1
118 1000001 1.711416974395 2327 0
57 1000002 1.2652363658559 2328 1
170 1000004 0.38911099581896 2329 1
132 173 1 2330 1
173 1000003 0.26519409772027 2331 1
0
4
1
0
172
connections
0.69999895
step
0.285
link
1.999997
enable
0.1805
bias
0.3999994
node
0.49999925
disable
0.3999994
done
10
170 171 0.77894604327525 18 1
130 172 1 2239 1
170 1000001 1.3936291085543 17 0
171 1000001 0.19489120151372 19 1
137 1000002 1.5084078493606 2236 1
132 1000003 0.21497314371166 15 0
172 1000005 0.23740791039766 2240 1
130 1000005 0.23740791039766 16 0
10 1000005 0.91915646839808 2237 1
170 1000006 -1.5124362926115 2238 0
