223
10000
1
10000
216
5
10000
172
connections
0.69999790000157
step
0.29999955
link
1.9999940000045
enable
0.19999940000045
bias
0.3999988000009
node
0.451249323125
disable
0.44321130194205
done
13
7 171 0.63949184228492 24 1
84 172 0.97342146996521 45 1
23 1000002 0.73064019042482 43 1
1000003 1000002 -1.1120258706244 21 1
172 1000003 0.63297497195196 46 1
84 1000003 0.49750961528825 22 0
122 1000004 -0.41343833385266 20 0
170 1000004 0.24382190664541 44 0
48 1000004 -1.0716269417402 65 1
7 1000005 0.92092488415632 23 0
171 1000005 0.90342791108585 25 1
106 1000006 1.3220222972182 42 1
67 1000006 -1.5325785088656 66 1
0
173
connections
0.73683878947866
step
0.285
link
1.8999943000043
enable
0.18999943000043
bias
0.42105073684495
node
0.47499857500107
disable
0.46653751276326
done
18
7 171 0.63949184228492 24 1
84 172 0.97342146996521 45 1
23 1000002 0.73064019042482 43 1
1000003 1000002 -1.1120258706244 21 1
172 1000003 0.63297497195196 46 1
84 1000003 0.49750961528825 22 0
122 1000004 -0.41343833385266 20 0
170 1000004 0.24382190664541 44 0
48 1000004 -1.0716269417402 65 1
7 1000005 0.92092488415632 23 0
171 1000005 0.90342791108585 25 1
106 1000006 1.3220222972182 42 1
67 1000006 -1.5325785088656 66 0
60 1000002 0.6259346293527 2169 1
1000004 1000005 -1.6603900265511 2170 0
170 1000001 -0.54646443067721 2171 1
1000004 173 1 2172 1
173 1000005 -1.6603900265511 2173 1
0
174
connections
0.66499700750449
step
0.315789
link
2.1052505263442
enable
0.2332684064785
bias
0.46653681295699
node
0.52631263158605
disable
0.46653681295699
done
21
7 171 0.56863117401631 24 1
28 172 -1.4893642994476 2163 1
38 172 1.1846675008393 2157 1
170 172 0.26606036561174 2164 1
84 172 1.6005451315338 45 1
1000003 1000002 -1.1311952806349 21 0
23 1000002 0.73064019042482 43 1
172 1000003 0.68383078726638 46 1
84 1000003 0.49750961528825 22 0
170 1000004 0.24382190664541 44 1
122 1000004 -0.41343833385266 20 0
48 1000004 -0.92965337010048 65 1
51 1000005 -1.149388103885 2162 1
7 1000005 0.92092488415632 23 0
171 1000005 0.90905536319948 25 1
67 1000006 -1.5325785088656 66 1
122 1000006 0.19635608996857 2156 1
106 1000006 1.3220222972182 42 1
131 1000004 1.7073885311441 2174 1
72 1000004 -1.7287514877773 2175 1
170 1000002 1.853755302591 2176 1
0
172
connections
0.6649980050015
step
0.2849995725
link
1.8999943000043
enable
0.21052536842247
bias
0.42105073684495
node
0.47499857500107
disable
0.42105073684495
done
15
7 171 0.87160902088862 24 1
84 172 1.090154135834 45 1
23 1000002 0.85880171576395 43 1
1000003 1000002 -1.2445884636135 21 1
172 1000003 0.61939776522958 46 1
84 1000003 0.7142839414523 22 0
122 1000004 -0.3420384043305 20 0
170 1000004 0.36495564016411 44 0
48 1000004 -0.99568678037362 65 1
7 1000005 -0.55525376140629 23 0
171 1000005 1.1261689020875 25 1
106 1000006 1.3172820168443 42 1
67 1000006 -1.4013031846754 66 1
36 171 1.6989654225288 2177 1
133 1000005 0.31427961058382 2178 1
0
173
connections
0.6649980050015
step
0.3157885263165
link
1.8999943000043
enable
0.18999943000043
bias
0.37999886000085
node
0.47499857500107
disable
0.42105073684495
done
17
7 171 0.82802820326791 24 1
84 172 1.0480438204785 45 1
23 1000002 0.94594923508673 43 1
1000003 1000002 -1.2916958280852 21 1
172 1000003 0.75913811163547 46 1
84 1000003 0.26849619474749 22 0
122 1000004 -0.48198912543227 20 0
170 1000004 0.49131985105088 44 0
48 1000004 -0.92518672269725 65 0
7 1000005 0.61116936719295 23 0
171 1000005 0.70961025757008 25 0
106 1000006 1.0107826214044 42 1
67 1000006 -1.3269839584976 66 1
166 1000004 -0.4025391399884 2179 1
159 1000002 -0.30280465102084 2180 1
48 173 1 2181 1
173 1000004 -0.92518672269725 2182 1
