114
20000
5
20000
112
4
20000
171
connections
0.736841
step
0.315789
link
2.10526
enable
0.19
bias
0.38
node
0.526315
disable
0.38
done
5
170 171 1 18 1
171 1000001 1.2115237891781 19 1
170 1000001 1.2115237891781 17 0
132 1000003 0.3961912900174 15 0
130 1000005 0.28962065492721 16 1
0
173
connections
0.77562094183
step
0.29999955
link
2.2160598338
enable
0.1805
bias
0.361
node
0.49999925
disable
0.3999994
done
9
170 171 1.2917778758797 18 1
171 1000001 1.359797745056 19 1
170 1000001 1.4828115685308 17 0
132 1000003 0.54739501841029 15 0
130 1000005 0.10291174586779 16 1
11 1000003 0.42976165044099 2208 0
97 1000004 -1.811761833552 2209 1
11 173 1 2210 1
173 1000003 0.42976165044099 2211 1
0
172
connections
0.77562094183
step
0.285
link
2.2160598338
enable
0.1805
bias
0.3999994
node
0.49999925
disable
0.361
done
9
170 171 1 18 0
171 1000001 1.2115237891781 19 1
170 1000001 1.2115237891781 17 0
132 1000003 0.3961912900174 15 0
130 1000005 0.28962065492721 16 1
24 1000004 -1.5251319925535 2212 1
115 1000003 -0.47260963774529 2213 1
170 172 1 2214 1
172 171 1 2215 1
0
171
connections
0.77562094183
step
0.315789
link
2.2160598338
enable
0.1805
bias
0.361
node
0.55401495845
disable
0.3999994
done
8
170 171 1.14464788052 18 1
171 1000001 -0.96761986144597 19 1
170 1000001 1.2415635948668 17 0
132 1000003 0.14788343195898 15 0
130 1000005 0.34847631528672 16 1
145 171 -0.71565904721213 2228 1
158 1000004 1.9906002990814 2229 1
170 1000002 0.52595599230934 2230 1
0
13
2
0
175
connections
0.81644187199851
step
0.2849995725
link
2.3326910628529
enable
0.210525684211
bias
0.37999943
node
0.4749992875
disable
0.34295
done
11
170 171 1.306322823086 18 1
107 171 -0.75859666248398 1900 1
138 175 1 1916 1
171 1000001 0.88390518212355 19 1
170 1000001 0.97627175398335 17 0
54 1000002 -0.45332193975646 1915 1
132 1000003 0.33045955475791 15 1
88 1000004 0.62654499954222 1914 1
138 1000004 -0.35766254358646 1899 0
175 1000004 -0.35766254358646 1917 1
130 1000005 0.08841426290376 16 1
0
176
connections
0.77561977839859
step
0.29999910000067
link
2.2160565097102
enable
0.22160565097102
bias
0.3609994585
node
0.49999850000112
disable
0.3609994585
done
17
170 171 1.526375875502 18 1
107 171 -0.75859666248398 1900 1
138 175 1 1916 1
171 1000001 0.70292791201298 19 1
170 1000001 0.97627175398335 17 0
54 1000002 -0.45332193975646 1915 1
132 1000003 1.6057008575701 15 1
88 1000004 0.85291536446781 1914 1
138 1000004 -0.35766254358646 1899 0
175 1000004 -0.36578349459511 1917 1
130 1000005 0.08841426290376 16 1
37 171 -1.9759514145329 2218 1
56 1000006 -0.93270668660543 2219 1
162 175 -1.8303170873135 2220 1
170 1000004 -1.646595660268 2221 1
175 176 1 2222 1
176 1000004 -0.36578349459511 2223 1
0
10
2
0
173
connections
0.7368398947385
step
0.3157885263165
link
2.3326910628529
enable
0.171475
bias
0.37999943
node
0.5263142105275
disable
0.37999943
done
11
170 171 0.93033938628614 18 1
123 173 1 1986 1
171 1000001 1.4209154732285 19 0
170 1000001 1.5020045158759 17 0
18 1000001 1.3848689230018 1985 1
173 1000002 0.023743400372326 1987 1
123 1000002 0.023743400372326 1984 0
38 1000003 0.59162775674242 1967 1
132 1000003 0.3713364479699 15 0
130 1000005 0.55664396187174 16 1
75 1000005 -1.2672627508586 1966 1
0
174
connections
0.69999790000157
step
0.33240847645654
link
2.2160565097102
enable
0.18049972925
bias
0.3609994585
node
0.49999850000112
disable
0.3609994585
done
15
170 171 1.2487077207884 18 0
123 173 1.1738887812415 1986 1
171 1000001 1.2224767327895 19 0
170 1000001 1.549024788967 17 0
18 1000001 1.1898590611614 1985 1
173 1000002 -0.036261975104233 1987 1
123 1000002 0.019817435822972 1984 0
38 1000003 0.2829576705843 1967 1
132 1000003 0.17616427234969 15 0
130 1000005 0.68579500755087 16 1
75 1000005 -1.1528061769463 1966 1
21 173 -0.80892361217078 2224 1
89 1000003 -0.46870326853236 2225 1
123 174 1 2226 1
174 173 1.1738887812415 2227 1
0
0
1
0
172
connections
0.6649990025
step
0.3157885263165
link
2.10525684211
enable
0.210525684211
bias
0.421051368422
node
0.4749992875
disable
0.37999943
done
10
170 171 1.070652027955 18 1
170 1000001 1.2115237891781 17 0
171 1000001 1.2115237891781 19 1
140 1000003 -1.3610644856105 2189 1
132 1000003 0.26519409772027 15 1
130 1000005 0.27753532517472 16 1
21 1000006 0.68037965025788 2190 1
170 1000006 -1.3484908597064 2191 1
47 1000002 -1.042573320719 2216 1
109 1000003 0.9226966154973 2217 1
0
0
1
0
172
connections
0.77562094183
step
0.33240897507
link
1.999997
enable
0.1805
bias
0.361
node
0.55401495845
disable
0.3999994
done
10
170 171 0.70952891069737 18 1
171 1000001 1.3045601584023 19 1
170 1000001 1.1039765617847 17 0
132 1000003 0.086425121196251 15 0
130 1000005 0.2749616696989 16 0
162 1000005 1.472396008179 2231 1
43 1000001 1.2953886532182 2232 1
170 1000003 1.3017365031892 2233 1
130 172 1 2234 1
172 1000005 0.2749616696989 2235 1
