221
10000
2
10000
214
4
10000
172
connections
0.69999790000157
step
0.29999955
link
1.9999940000045
enable
0.19999940000045
bias
0.3999988000009
node
0.451249323125
disable
0.44321130194205
done
13
7 171 0.63949184228492 24 1
84 172 0.97342146996521 45 1
23 1000002 0.73064019042482 43 1
1000003 1000002 -1.1120258706244 21 1
172 1000003 0.63297497195196 46 1
84 1000003 0.49750961528825 22 0
122 1000004 -0.41343833385266 20 0
170 1000004 0.24382190664541 44 0
48 1000004 -1.0716269417402 65 1
7 1000005 0.92092488415632 23 0
171 1000005 0.90342791108585 25 1
106 1000006 1.3220222972182 42 1
67 1000006 -1.5325785088656 66 1
0
173
connections
0.6649980050015
step
0.3157885263165
link
1.8999943000043
enable
0.18999943000043
bias
0.37999886000085
node
0.42868685696875
disable
0.42105073684495
done
15
7 171 0.90514663912059 24 1
84 172 1.6863083108206 45 1
23 1000002 0.54183398237811 43 1
1000003 1000002 -1.034908065863 21 1
172 1000003 0.90789058670888 46 1
84 1000003 0.62527256256379 22 0
122 1000004 -0.41539472506462 20 0
170 1000004 0.2330376614918 44 0
48 1000004 -0.84641065488173 65 1
7 1000005 0.43440046388134 23 0
171 1000005 1.1791048122157 25 1
106 1000006 1.1417933708397 42 1
67 1000006 -1.431877367123 66 1
77 172 -0.11273537400433 2154 1
46 1000002 -0.51484725486007 2155 1
0
174
connections
0.6649980050015
step
0.2849995725
link
2.1052536842247
enable
0.21052536842247
bias
0.42105073684495
node
0.47499857500107
disable
0.46653751276326
done
15
7 171 0.56863117401631 24 1
84 172 1.6005451315338 45 1
23 1000002 0.73064019042482 43 1
1000003 1000002 -1.1311952806349 21 1
172 1000003 0.68383078726638 46 1
84 1000003 0.49750961528825 22 0
122 1000004 -0.41343833385266 20 0
170 1000004 0.24382190664541 44 0
48 1000004 -0.92965337010048 65 1
7 1000005 0.92092488415632 23 0
171 1000005 0.90905536319948 25 1
106 1000006 1.3220222972182 42 1
67 1000006 -1.5325785088656 66 1
122 1000006 0.19635608996857 2156 1
38 172 1.1846675008393 2157 1
0
172
connections
0.73683878947866
step
0.3157885263165
link
1.8999943000043
enable
0.21052536842247
bias
0.37999886000085
node
0.42868685696875
disable
0.42105073684495
done
14
7 171 0.88594894801605 24 1
84 172 0.78370934677602 45 1
23 1000002 1.0054697874269 43 1
1000003 1000002 -1.2363771800229 21 1
172 1000003 0.36383143807822 46 1
84 1000003 0.57710501419111 22 0
122 1000004 -0.71847152720095 20 0
170 1000004 0.14194500269656 44 0
48 1000004 -1.2090465589388 65 1
7 1000005 0.82224759539156 23 0
171 1000005 -1.3317667165136 25 1
106 1000006 1.2962808148185 42 1
67 1000006 -1.8465166553166 66 1
157 1000003 -0.59273049104282 2158 1
0
13
1
0
174
connections
0.81643942267473
step
0.31578805263371
link
2.1052505263442
enable
0.21052505263442
bias
0.37999829000256
node
0.52631263158605
disable
0.46653681295699
done
26
7 171 1.1575522470185 24 1
84 172 0.67216954882858 45 1
128 172 -1.3839507656875 2005 1
1000003 173 -0.13351619031927 2009 1
5 174 1 2028 1
124 1000001 1.5157322916349 2025 1
63 1000001 -1.6018769320012 2006 1
1000003 1000002 -0.988934345428 21 1
154 1000002 0.48774681844539 2026 1
174 1000002 -1.2141995993517 2029 1
173 1000002 -0.79932204876767 2010 1
23 1000002 0.86280220114315 43 1
5 1000002 -1.2141995993517 2020 1
172 1000003 -1.2357007441758 46 1
170 1000003 -0.017517624439222 2027 1
84 1000003 0.49333934694143 22 0
170 1000004 0.2904644036379 44 1
48 1000004 -0.74350889831182 65 1
29 1000004 0.53177718676632 2007 1
122 1000004 0.33710745567187 20 1
171 1000005 0.44617463956515 25 1
170 1000005 -0.74757440185703 2008 1
7 1000005 0.80670952443091 23 0
154 1000006 -0.43524448121555 2021 1
67 1000006 -1.9658192693869 66 1
106 1000006 1.5088521236813 42 1
