80
20000
4
20000
78
4
20000
171
connections
0.736841
step
0.315789
link
2.10526
enable
0.19
bias
0.38
node
0.526315
disable
0.38
done
5
170 171 1 18 1
171 1000001 1.2115237891781 19 1
170 1000001 1.2115237891781 17 0
132 1000003 0.3961912900174 15 0
130 1000005 0.28962065492721 16 1
0
171
connections
0.77562094183
step
0.33240897507
link
1.999997
enable
0.1805
bias
0.361
node
0.55401495845
disable
0.361
done
7
170 171 0.82150529751406 18 1
171 1000001 1.0844014750633 19 1
170 1000001 -0.012390514847255 17 0
132 1000003 0.56395297771333 15 0
130 1000005 0.13957148502273 16 1
75 1000001 0.89400921658986 1508 1
36 1000005 1.8187200537126 1509 1
0
172
connections
0.69999895
step
0.33240897507
link
2.2160598338
enable
0.1805
bias
0.3999994
node
0.49999925
disable
0.3999994
done
9
170 171 1 18 1
171 1000001 1.2115237891781 19 1
170 1000001 1.2115237891781 17 0
132 1000003 0.3961912900174 15 1
130 1000005 0.28962065492721 16 1
60 1000002 -0.088198492385632 1510 0
28 1000006 -0.93905453657643 1511 1
60 172 1 1512 1
172 1000002 -0.088198492385632 1513 1
0
172
connections
0.69999895
step
0.29999955
link
1.999997
enable
0.1805
bias
0.361
node
0.49999925
disable
0.3999994
done
9
170 171 1 18 0
171 1000001 1.2115237891781 19 1
170 1000001 1.2115237891781 17 0
132 1000003 0.3961912900174 15 0
130 1000005 0.28962065492721 16 1
167 1000002 0.52558977019562 1518 1
46 1000003 0.94088564714499 1519 1
170 172 1 1520 1
172 171 1 1521 1
0
8
3
0
172
connections
0.7368398947385
step
0.285
link
2.10525684211
enable
0.210525684211
bias
0.37999943
node
0.4749992875
disable
0.37999943
done
11
170 171 1.2755247149312 18 1
143 171 -1.3339640491958 1340 1
130 172 1 1341 1
170 1000001 0.78763886488083 17 0
171 1000001 1.5398850845622 19 1
115 1000001 -1.3842585528123 1339 1
96 1000002 0.25515472884304 1325 1
132 1000003 -1.6801660206915 15 0
100 1000004 -0.99269188512833 1326 1
130 1000005 0.20697511784265 16 0
172 1000005 0.20697511784265 1342 1
0
172
connections
0.77561977839859
step
0.29999955
link
2.2160565097102
enable
0.22160565097102
bias
0.3609994585
node
0.49999850000112
disable
0.3609994585
done
13
170 171 1.2755247149312 18 1
143 171 -1.3339640491958 1340 1
130 172 1 1341 0
170 1000001 0.78763886488083 17 0
171 1000001 1.5398850845622 19 1
115 1000001 -1.3842585528123 1339 1
96 1000002 0.25515472884304 1325 1
132 1000003 -1.6801660206915 15 0
100 1000004 -0.99269188512833 1326 1
130 1000005 0.20697511784265 16 0
172 1000005 0.20697511784265 1342 1
146 1000001 -1.0694296090579 1514 1
113 1000003 -1.7029938657796 1515 1
0
172
connections
0.69999790000157
step
0.29999955
link
2.2160565097102
enable
0.19999940000045
bias
0.3999988000009
node
0.49999850000112
disable
0.3609994585
done
13
170 171 1.5272196405896 18 1
143 171 -1.3158452372982 1340 1
130 172 0.760134030871 1341 1
170 1000001 0.95043350578631 17 0
171 1000001 1.5936738768303 19 1
115 1000001 -1.5933069772988 1339 1
96 1000002 0.37923975039369 1325 1
132 1000003 -1.5694297751625 15 1
100 1000004 -0.78399137112796 1326 1
130 1000005 0.14974384286935 16 0
172 1000005 0.19940794091617 1342 1
35 171 -1.2718283639027 1516 1
45 171 -0.3197729422895 1517 1
0
3
1
0
172
connections
0.7368398947385
step
0.315789
link
2.10525684211
enable
0.171475
bias
0.421051368422
node
0.58317276571322
disable
0.37999943
done
13
170 171 1.0588556603595 18 1
101 171 -1.8399609363079 1429 1
4 171 0.17120883816034 1448 1
37 172 1 1451 1
37 1000001 1.2662129581591 1449 0
172 1000001 1.2662129581591 1452 1
170 1000001 1.2276664502396 17 1
171 1000001 1.4799738332774 19 1
132 1000003 0.36029193929868 15 0
28 1000004 1.1338847010712 1430 1
1000001 1000005 1.0840784936064 1450 1
130 1000005 0.10877466399121 16 1
143 1000006 0.10724204229865 1428 1
0
1
2
0
172
connections
0.69999895
step
0.29999955
link
1.999997
enable
0.1999997
bias
0.361
node
0.55401495845
disable
0.361
done
9
170 171 -1.499008148442 18 1
130 172 1 1488 1
170 1000001 1.2370768988327 17 0
171 1000001 1.248649500267 19 1
132 1000003 0.11939187612079 15 1
68 1000004 -0.97213660084841 1486 1
130 1000005 0.22623685767235 16 0
172 1000005 0.22623685767235 1489 1
78 1000006 0.86129337443159 1487 1
0
172
connections
0.6649990025
step
0.3157885263165
link
2.10525684211
enable
0.189999715
bias
0.37999943
node
0.58317276571322
disable
0.34295
done
11
170 171 -1.499008148442 18 1
130 172 1 1488 1
170 1000001 1.2370768988327 17 0
171 1000001 1.248649500267 19 0
132 1000003 0.11939187612079 15 1
68 1000004 -0.97213660084841 1486 1
130 1000005 0.22623685767235 16 0
172 1000005 0.22623685767235 1489 1
78 1000006 0.86129337443159 1487 1
156 1000002 -1.8189642017884 1522 1
93 172 -1.8812219611194 1523 1
