206
10000
1
10000
199
5
10000
172
connections
0.69999790000157
step
0.29999955
link
1.9999940000045
enable
0.19999940000045
bias
0.3999988000009
node
0.451249323125
disable
0.44321130194205
done
13
7 171 0.63949184228492 24 1
84 172 0.97342146996521 45 1
23 1000002 0.73064019042482 43 1
1000003 1000002 -1.1120258706244 21 1
172 1000003 0.63297497195196 46 1
84 1000003 0.49750961528825 22 0
48 1000004 -1.0716269417402 65 1
170 1000004 0.24382190664541 44 0
122 1000004 -0.41343833385266 20 0
7 1000005 0.92092488415632 23 0
171 1000005 0.90342791108585 25 1
106 1000006 1.3220222972182 42 1
67 1000006 -1.5325785088656 66 1
0
172
connections
0.69999685000472
step
0.315789
link
1.9999910000135
enable
0.18049945850041
bias
0.36099891700081
node
0.45124864625102
disable
0.49109138205999
done
17
7 171 1.0849933499837 24 1
84 172 0.95243169634594 45 1
107 1000001 -0.32916924359874 1997 1
153 1000001 -0.31714169875179 1998 1
1000003 1000002 -1.1716883973554 21 1
23 1000002 0.34955900753807 43 1
172 1000003 0.5485895044185 46 1
84 1000003 0.079053630988707 22 0
48 1000004 -1.2942316244058 65 1
170 1000004 0.49319949471784 44 1
122 1000004 -0.3914076123961 20 0
171 1000005 1.0227582261639 25 1
7 1000005 1.1760652833502 23 0
106 1000006 1.3853592125665 42 1
67 1000006 -1.6203765493554 66 1
128 1000001 -0.41645558030946 2003 0
65 1000006 0.077700125125889 2004 1
0
173
connections
0.73683878947866
step
0.3157885263165
link
2.1052536842247
enable
0.21052536842247
bias
0.37999886000085
node
0.47499857500107
disable
0.46653751276326
done
19
7 171 1.0962686732172 24 1
84 172 0.70603194200564 45 1
23 1000002 1.0239350365014 43 1
1000003 1000002 -0.99792874964717 21 0
172 1000003 0.64302677507548 46 1
84 1000003 -1.3522751548814 22 0
48 1000004 -1.0216088610009 65 1
170 1000004 0.44480014474484 44 1
122 1000004 -0.71351790610269 20 0
7 1000005 0.87592788628127 23 0
171 1000005 0.85159800006164 25 1
106 1000006 1.2651423911444 42 1
67 1000006 -1.5851425351863 66 1
128 172 -1.4971770378735 2005 1
63 1000001 -1.5416119876705 2006 1
29 1000004 0.53804132206183 2007 1
170 1000005 -0.56978057191687 2008 1
1000003 173 1 2009 1
173 1000002 -0.99792874964717 2010 1
0
172
connections
0.73683878947866
step
0.3157885263165
link
2.1052536842247
enable
0.18999943000043
bias
0.37999886000085
node
0.47499857500107
disable
0.42105073684495
done
15
7 171 -1.8629108554338 24 1
84 172 0.67561632296652 45 1
23 1000002 0.64663101705219 43 1
1000003 1000002 -1.0540376641103 21 1
172 1000003 -1.3582567827387 46 1
84 1000003 0.59720846793708 22 0
48 1000004 -0.87883085210848 65 1
170 1000004 0.2294814626878 44 1
122 1000004 -0.25464297424949 20 0
7 1000005 1.0435800120115 23 0
171 1000005 0.85359294085413 25 1
106 1000006 1.1299490122215 42 1
67 1000006 -1.4447914766009 66 1
46 1000004 1.9456770531327 2011 1
103 1000004 1.9414044618061 2012 1
0
172
connections
0.6649980050015
step
0.3157885263165
link
2.1052536842247
enable
0.21052536842247
bias
0.37999886000085
node
0.47499857500107
disable
0.42105073684495
done
15
7 171 0.67554533747673 24 1
84 172 0.95822329784078 45 1
23 1000002 0.89352180556429 43 1
1000003 1000002 -1.1009332288266 21 1
172 1000003 0.55426636590238 46 1
84 1000003 0.47016832529649 22 0
48 1000004 -1.3755421972531 65 1
170 1000004 0.42620960953367 44 0
122 1000004 -0.5642346554956 20 0
7 1000005 1.0472422221619 23 0
171 1000005 0.60872600531992 25 1
106 1000006 1.5496479328599 42 1
67 1000006 -1.8412546375741 66 1
30 1000003 0.11859492782373 2013 1
36 1000005 -1.7936948759423 2014 1
