197
10000
2
10000
190
4
10000
172
connections
0.69999790000157
step
0.29999955
link
1.9999940000045
enable
0.19999940000045
bias
0.3999988000009
node
0.451249323125
disable
0.44321130194205
done
13
7 171 0.63949184228492 24 1
84 172 0.97342146996521 45 1
23 1000002 0.73064019042482 43 1
1000003 1000002 -1.1120258706244 21 1
172 1000003 0.63297497195196 46 1
84 1000003 0.49750961528825 22 0
122 1000004 -0.41343833385266 20 0
170 1000004 0.24382190664541 44 0
48 1000004 -1.0716269417402 65 1
7 1000005 0.92092488415632 23 0
171 1000005 0.90342791108585 25 1
106 1000006 1.3220222972182 42 1
67 1000006 -1.5325785088656 66 1
0
174
connections
0.6649980050015
step
0.2849995725
link
2.1052536842247
enable
0.18999943000043
bias
0.37999886000085
node
0.42868685696875
disable
0.42105073684495
done
17
7 171 0.97378063319803 24 1
84 172 1.4242988372448 45 1
23 1000002 1.077889646661 43 1
1000003 1000002 -1.346056556902 21 1
172 1000003 0.61342240262978 46 1
84 1000003 0.26220905573618 22 0
122 1000004 -0.27525698651212 20 0
170 1000004 0.35020423555094 44 0
48 1000004 -0.79610583819086 65 1
7 1000005 0.69305221348376 23 0
171 1000005 1.0337638769635 25 1
106 1000006 1.2291910817486 42 1
67 1000006 -1.5089126647752 66 1
151 1000004 -0.28473769341105 1919 1
6 1000001 0.25336466566973 1920 1
145 1000001 -0.26068910794397 1921 1
170 1000001 -0.11847285378582 1922 1
0
174
connections
0.6649980050015
step
0.2849995725
link
2.1052536842247
enable
0.18999943000043
bias
0.42105073684495
node
0.42868685696875
disable
0.42105073684495
done
16
7 171 0.7268898586993 24 1
84 172 0.85481008747116 45 1
23 1000002 0.65172539440161 43 1
1000003 1000002 -1.0256570924352 21 1
172 1000003 0.24376751108493 46 1
84 1000003 0.32973848109981 22 0
122 1000004 -0.40372293352664 20 0
170 1000004 -0.00017641506065541 44 0
48 1000004 1.3089388714255 65 1
7 1000005 0.84632417816149 23 0
171 1000005 1.186461789339 25 1
106 1000006 1.5749010340835 42 1
67 1000006 -1.5926895098425 66 1
158 1000006 1.959349345378 1923 1
9 172 0.42060609759819 1924 1
39 1000004 -0.87264625995666 1925 1
0
173
connections
0.73683878947866
step
0.2849995725
link
2.1052536842247
enable
0.18999943000043
bias
0.37999886000085
node
0.47499857500107
disable
0.42105073684495
done
17
7 171 -1.4228339487899 24 1
84 172 1.0437428769803 45 1
23 1000002 0.87851084480491 43 1
1000003 1000002 1.2530289620655 21 1
172 1000003 -0.18292794579913 46 1
84 1000003 0.69921941740158 22 0
122 1000004 -0.62511577139447 20 0
170 1000004 0.38226418685057 44 0
48 1000004 -0.86835154243912 65 1
7 1000005 1.2053504043542 23 0
171 1000005 1.1763201986675 25 1
106 1000006 1.4607429058123 42 1
67 1000006 -1.7678442773691 66 0
146 1000004 -0.76094851527451 1926 1
103 1000004 1.1929685354167 1927 1
67 173 1 1928 1
173 1000006 -1.7678442773691 1929 1
0
6
1
0
174
connections
0.66499700750449
step
0.33240897507
link
2.1052505263442
enable
0.17147448557539
bias
0.37999829000256
node
0.3868898884143
disable
0.42105010526884
done
22
7 171 1.191453396213 24 1
84 172 0.96348081379025 45 1
53 172 -1.759941061481 1852 1
106 173 0.75453047365432 1839 1
32 173 -0.96395764030885 1872 1
167 1000001 0.41178266626408 1837 1
1000003 1000002 -1.286289887923 21 1
23 1000002 -0.69502853480636 43 1
172 1000003 0.83416979782623 46 1
170 1000003 1.0547913133911 1838 1
84 1000003 0.3925022339246 22 0
108 1000003 -1.8727891741061 1851 1
122 1000004 -0.43052412232124 20 0
170 1000004 0.61906470830147 44 0
48 1000004 -1.3056909502288 65 1
41 1000005 1.4628166030525 1836 1
117 1000005 1.7968688009278 1871 1
171 1000005 -1.3499557481613 25 1
7 1000005 1.2018856255983 23 0
173 1000006 1.6220344195082 1840 1
106 1000006 1.0643234354862 42 0
67 1000006 -1.5567907619655 66 1
