51
20000
6
20000
49
2
20000
171
connections
0.736841
step
0.315789
link
2.10526
enable
0.19
bias
0.38
node
0.526315
disable
0.38
done
5
170 171 1 18 1
171 1000001 1.2115237891781 19 1
170 1000001 1.2115237891781 17 0
132 1000003 0.3961912900174 15 0
130 1000005 0.28962065492721 16 1
0
171
connections
0.77562094183
step
0.33240897507
link
1.999997
enable
0.1805
bias
0.361
node
0.49999925
disable
0.361
done
7
170 171 0.71691419875703 18 1
171 1000001 1.2931373090133 19 1
170 1000001 1.3375504836358 17 0
132 1000003 0.71443836655541 15 1
130 1000005 0.25422605322369 16 1
95 1000005 1.8624225592822 950 1
20 1000001 1.0112002929777 951 1
0
8
2
0
171
connections
0.7368398947385
step
0.315789
link
2.10525684211
enable
0.189999715
bias
0.421051368422
node
0.58317276571322
disable
0.37999943
done
9
170 171 1.1207731621754 18 1
41 1000001 0.096377452925199 793 1
170 1000001 1.1171977660146 17 0
171 1000001 -1.391464188818 19 1
132 1000003 0.39767397421186 15 0
29 1000005 -0.70682765681936 770 1
13 1000005 -1.190038758507 792 1
130 1000005 0.353666879635 16 1
150 1000006 -2.0292942074343 769 0
0
171
connections
0.77561977839859
step
0.29999955
link
2.2160565097102
enable
0.18049972925
bias
0.3999988000009
node
0.55401412742756
disable
0.3609994585
done
11
170 171 1.1207731621754 18 1
41 1000001 0.096377452925199 793 1
170 1000001 1.1171977660146 17 0
171 1000001 -1.391464188818 19 1
132 1000003 0.39767397421186 15 0
29 1000005 -0.70682765681936 770 1
13 1000005 -1.190038758507 792 1
130 1000005 0.353666879635 16 1
150 1000006 -2.0292942074343 769 0
22 1000003 -1.1467024750511 964 1
108 1000003 0.3932615131077 965 1
0
5
3
0
173
connections
0.7368398947385
step
0.285
link
2.10525684211
enable
0.189999715
bias
0.421051368422
node
0.5263142105275
disable
0.37999943
done
14
170 171 1.262289317009 18 1
31 171 -0.95736564226203 846 1
130 172 1 827 1
171 173 1 848 1
170 1000001 1.3170989167014 17 1
171 1000001 0.92766699632454 19 0
173 1000001 0.92766699632454 849 1
36 1000002 -1.0262153996399 825 0
170 1000002 -0.93160802026429 847 0
132 1000002 1.8717001861629 826 1
132 1000003 0.56021975517767 15 0
130 1000005 0.56767472144821 16 0
172 1000005 0.56767472144821 828 1
1000002 1000005 -0.53975035859249 845 1
0
174
connections
0.69999790000157
step
0.27075
link
1.9999940000045
enable
0.19999940000045
bias
0.44321130194205
node
0.49999850000112
disable
0.3999988000009
done
17
170 171 1.262289317009 18 1
31 171 -0.95736564226203 846 1
130 172 1 827 1
171 173 1 848 1
170 1000001 1.3170989167014 17 1
171 1000001 0.92766699632454 19 0
173 1000001 0.92766699632454 849 1
36 1000002 -1.0262153996399 825 0
170 1000002 -0.93160802026429 847 0
132 1000002 1.8717001861629 826 1
132 1000003 0.56021975517767 15 0
130 1000005 0.56767472144821 16 0
172 1000005 0.56767472144821 828 1
1000002 1000005 -0.53975035859249 845 1
135 1000002 -1.120090334788 961 0
5 172 -1.7977233191931 962 1
170 172 -0.68929105502487 963 1
0
173
connections
0.69999790000157
step
0.27075
link
1.9999940000045
enable
0.18049972925
bias
0.3999988000009
node
0.49999850000112
disable
0.3999988000009
done
17
170 171 1.424630246908 18 1
31 171 -0.823977866451 846 1
130 172 0.9995124897 827 1
171 173 1.1400641880551 848 1
170 1000001 1.5150363613866 17 1
171 1000001 0.90410950708232 19 0
173 1000001 1.0141215771528 849 1
36 1000002 -1.052433538316 825 0
170 1000002 -1.0472801675466 847 0
132 1000002 1.8624705420087 826 1
132 1000003 0.42468362889208 15 0
130 1000005 0.70811900227954 16 0
172 1000005 0.55922178861945 828 1
1000002 1000005 -0.70526423688467 845 1
130 173 1.7598803674429 966 1
97 171 -1.4975432599872 967 0
170 1000005 -1.1661122470779 968 1
0
0
1
0
171
connections
0.7368398947385
step
0.285
link
2.10525684211
enable
0.189999715
bias
0.37999943
node
0.58317276571322
disable
0.421051368422
done
9
170 171 1.2525372352565 18 1
170 1000001 0.95329180859554 17 0
171 1000001 1.0023288760659 19 1
131 1000001 -1.1161839655751 935 1
132 1000003 -1.8854945524461 15 0
130 1000005 0.46406114157994 16 0
14 1000005 0.89803765984069 936 1
167 1000003 1.8277535325175 952 1
98 1000001 1.4417554246651 953 0
0
0
1
0
171
connections
0.7368398947385
step
0.3157885263165
link
2.10525684211
enable
0.171475
bias
0.34295
node
0.58317276571322
disable
0.421051368422
done
10
170 171 1.4190810605464 18 1
170 1000001 1.0119546327689 17 1
171 1000001 0.79312993991814 19 1
131 1000001 -0.92024608513014 935 1
132 1000003 -1.7699903717794 15 0
130 1000005 0.26661982749424 16 0
14 1000005 0.81424050916099 936 1
144 1000005 1.0588091677602 954 1
118 1000006 1.2668233283486 955 1
170 1000002 1.9908444471572 956 1
0
0
1
0
173
connections
0.77561861496892
step
0.29999910000067
link
1.9999910000135
enable
0.22160531856255
bias
0.4432106371251
node
0.49999775000337
disable
0.32580201129625
done
19
170 171 0.80765371244089 18 1
171 172 1.1444467238597 921 1
41 1000001 -0.19781704398699 793 1
170 1000001 0.95212950200418 17 0
64 1000001 1.4391154822688 940 1
171 1000001 -1.1979274146472 19 0
172 1000001 -1.3755446069448 922 1
4 1000002 -0.64262598050724 939 1
132 1000003 0.38008012318838 15 0
141 1000004 -1.0725025189339 920 1
73 1000004 1.0605083038703 919 1
29 1000005 -0.15374979510744 770 1
13 1000005 -1.2788748212319 792 1
130 1000005 0.2420496379564 16 1
150 1000006 -2.219887518239 769 0
167 171 1.0401318399609 957 1
1000002 171 -0.15009002960295 958 1
172 173 1 959 1
173 1000001 -1.3755446069448 960 0
