216
10000
2
10000
209
4
10000
172
connections
0.69999790000157
step
0.29999955
link
1.9999940000045
enable
0.19999940000045
bias
0.3999988000009
node
0.451249323125
disable
0.44321130194205
done
13
7 171 0.63949184228492 24 1
84 172 0.97342146996521 45 1
23 1000002 0.73064019042482 43 1
1000003 1000002 -1.1120258706244 21 1
172 1000003 0.63297497195196 46 1
84 1000003 0.49750961528825 22 0
48 1000004 -1.0716269417402 65 1
170 1000004 0.24382190664541 44 0
122 1000004 -0.41343833385266 20 0
7 1000005 0.92092488415632 23 0
171 1000005 0.90342791108585 25 1
106 1000006 1.3220222972182 42 1
67 1000006 -1.5325785088656 66 1
0
173
connections
0.73683878947866
step
0.3157885263165
link
1.8999943000043
enable
0.18999943000043
bias
0.42105073684495
node
0.47499857500107
disable
0.42105073684495
done
15
7 171 0.6887871183892 24 1
84 172 1.0129829769854 45 1
23 1000002 -0.62781457950424 43 1
1000003 1000002 -1.6471207440905 21 1
172 1000003 0.21503341776788 46 1
84 1000003 0.47327156652925 22 0
48 1000004 -1.1849337963165 65 1
170 1000004 0.42227755231949 44 0
122 1000004 -0.51668374791036 20 1
7 1000005 0.7557688437655 23 0
171 1000005 1.1657247420538 25 0
106 1000006 1.6726118522714 42 1
67 1000006 -1.8097210806996 66 1
43 171 -0.47016815698721 2107 1
48 1000001 0.92745750297555 2108 1
0
173
connections
0.63174810475142
step
0.29999955
link
1.9999910000135
enable
0.19999910000135
bias
0.3999982000027
node
0.45124864625102
disable
0.3999982000027
done
20
7 171 0.61151177728202 24 1
170 172 -1.5755148572542 2098 0
8 172 -1.2506883334162 2096 1
173 172 -1.5463819318079 2100 1
84 172 1.2406834524064 45 1
170 173 1.0059968781167 2099 1
1000003 1000002 -1.1391289528703 21 1
23 1000002 -0.87125762884152 43 1
27 1000002 -1.5118964190359 2097 1
84 1000003 0.7927836661092 22 0
172 1000003 0.81589396515397 46 1
48 1000004 -1.5279142149037 65 1
170 1000004 0.12574478929411 44 0
122 1000004 -0.30707046850795 20 0
171 1000005 1.3072363445082 25 1
7 1000005 1.0545270048952 23 0
106 1000006 1.3799108602802 42 1
67 1000006 -1.1605497938978 66 1
63 173 1.2437513351848 2109 1
53 1000006 -1.0245063631092 2110 1
0
173
connections
0.73683878947866
step
0.2849995725
link
1.8999943000043
enable
0.18999943000043
bias
0.42105073684495
node
0.42868685696875
disable
0.46653751276326
done
17
7 171 0.63949184228492 24 1
84 172 0.97342146996521 45 1
23 1000002 0.73064019042482 43 1
1000003 1000002 -1.1120258706244 21 1
172 1000003 0.63297497195196 46 1
84 1000003 0.49750961528825 22 0
48 1000004 -1.0716269417402 65 0
170 1000004 0.24382190664541 44 0
122 1000004 -0.41343833385266 20 0
7 1000005 0.92092488415632 23 0
171 1000005 0.90342791108585 25 1
106 1000006 1.3220222972182 42 0
67 1000006 -1.5325785088656 66 1
142 1000002 0.76534318063906 2111 1
17 1000004 0.33356730857265 2112 1
106 173 1 2113 1
173 1000006 1.3220222972182 2114 1
0
8
1
0
174
connections
0.81643942267473
step
0.31578805263371
link
2.1052505263442
enable
0.21052505263442
bias
0.37999829000256
node
0.52631263158605
disable
0.46653681295699
done
26
7 171 1.1575522470185 24 1
128 172 -1.3839507656875 2005 1
84 172 0.67216954882858 45 1
1000003 173 -0.13351619031927 2009 1
5 174 1 2028 1
124 1000001 1.5157322916349 2025 1
63 1000001 -1.6018769320012 2006 1
1000003 1000002 -0.988934345428 21 1
154 1000002 0.48774681844539 2026 1
174 1000002 -1.2141995993517 2029 1
173 1000002 -0.79932204876767 2010 1
23 1000002 0.86280220114315 43 1
5 1000002 -1.2141995993517 2020 1
84 1000003 0.49333934694143 22 0
170 1000003 -0.017517624439222 2027 1
172 1000003 -1.2357007441758 46 1
122 1000004 0.33710745567187 20 1
48 1000004 -0.74350889831182 65 1
29 1000004 0.53177718676632 2007 1
170 1000004 0.2904644036379 44 1
7 1000005 0.80670952443091 23 0
170 1000005 -0.74757440185703 2008 1
171 1000005 0.44617463956515 25 1
154 1000006 -0.43524448121555 2021 1
67 1000006 -1.9658192693869 66 1
106 1000006 1.5088521236813 42 1
