112
20000
3
20000
110
5
20000
171
connections
0.736841
step
0.315789
link
2.10526
enable
0.19
bias
0.38
node
0.526315
disable
0.38
done
5
170 171 1 18 1
171 1000001 1.2115237891781 19 1
170 1000001 1.2115237891781 17 0
132 1000003 0.3961912900174 15 0
130 1000005 0.28962065492721 16 1
0
171
connections
0.69999895
step
0.285
link
1.999997
enable
0.1805
bias
0.3999994
node
0.49999925
disable
0.3999994
done
7
170 171 0.76040238654744 18 1
171 1000001 1.0280616168706 19 1
170 1000001 1.0117445905942 17 0
132 1000003 0.35424192022462 15 0
130 1000005 0.6227607043672 16 1
122 1000004 0.62947477645192 2159 1
97 1000004 1.5383159886471 2160 1
0
172
connections
0.77562094183
step
0.285
link
2.2160598338
enable
0.1805
bias
0.361
node
0.55401495845
disable
0.3999994
done
9
170 171 1.070652027955 18 1
171 1000001 1.0156759849849 19 0
170 1000001 1.3448693807794 17 0
132 1000003 0.26519409772027 15 1
130 1000005 0.27753532517472 16 1
62 1000001 0.61116367076632 2161 1
49 1000003 -0.068300424207282 2162 1
171 172 1 2163 1
172 1000001 1.0156759849849 2164 1
0
174
connections
0.69999895
step
0.29999955
link
1.999997
enable
0.1805
bias
0.3999994
node
0.55401495845
disable
0.3999994
done
7
170 171 1.5289162877285 18 1
171 1000001 1.3068421068468 19 1
170 1000001 1.5047848623936 17 0
132 1000003 0.29814462169408 15 0
130 1000005 0.42315419283883 16 1
23 171 1.0811487166967 2165 1
125 1000003 1.0818811609241 2166 1
0
172
connections
0.77562094183
step
0.33240897507
link
2.2160598338
enable
0.1999997
bias
0.361
node
0.55401495845
disable
0.361
done
9
170 171 1.1878683373309 18 1
171 1000001 1.1295247735377 19 1
170 1000001 1.2903576813645 17 0
132 1000003 0.248860880003 15 0
130 1000005 0.21815176154765 16 1
87 1000001 -0.54268013550218 2177 0
166 1000006 -1.0787072359386 2178 1
87 172 1 2179 1
172 1000001 -0.54268013550218 2180 1
0
11
2
0
175
connections
0.81644187199851
step
0.2849995725
link
2.3326910628529
enable
0.210525684211
bias
0.37999943
node
0.4749992875
disable
0.34295
done
11
170 171 1.306322823086 18 1
107 171 -0.75859666248398 1900 1
138 175 1 1916 1
171 1000001 0.88390518212355 19 1
170 1000001 0.97627175398335 17 0
54 1000002 -0.45332193975646 1915 1
132 1000003 0.33045955475791 15 1
88 1000004 0.62654499954222 1914 1
138 1000004 -0.35766254358646 1899 0
175 1000004 -0.35766254358646 1917 1
130 1000005 0.08841426290376 16 1
0
176
connections
0.77561977839859
step
0.29999910000067
link
2.4554605934908
enable
0.19999940000045
bias
0.3609994585
node
0.49999850000112
disable
0.3258025
done
15
170 171 1.3971731013936 18 1
107 171 -0.80051981318142 1900 1
138 175 0.92218718982801 1916 1
171 1000001 1.1566208165033 19 1
170 1000001 1.2534919068481 17 1
54 1000002 -0.40709569213222 1915 1
132 1000003 0.17854192219127 15 1
88 1000004 0.53598769804661 1914 1
138 1000004 -0.23322979819905 1899 0
175 1000004 -0.17818677963757 1917 0
130 1000005 1.0452589495529 16 1
114 1000002 -0.6381420331431 2167 1
38 1000004 -0.76815088351085 2168 1
175 176 1 2169 1
176 1000004 -0.17818677963757 2170 1
0
8
3
0
173
connections
0.7368398947385
step
0.3157885263165
link
2.3326910628529
enable
0.171475
bias
0.37999943
node
0.5263142105275
disable
0.37999943
done
11
170 171 0.93033938628614 18 1
123 173 1 1986 1
171 1000001 1.4209154732285 19 0
170 1000001 1.5020045158759 17 0
18 1000001 1.3848689230018 1985 1
173 1000002 0.023743400372326 1987 1
123 1000002 0.023743400372326 1984 0
38 1000003 0.59162775674242 1967 1
132 1000003 0.3713364479699 15 0
130 1000005 0.55664396187174 16 1
75 1000005 -1.2672627508586 1966 1
0
174
connections
0.77561977839859
step
0.29999910000067
link
2.2160565097102
enable
0.18049972925
bias
0.3999988000009
node
0.55401412742756
disable
0.3609994585
done
13
170 171 0.79763004595869 18 1
123 173 1.1557446421739 1986 1
171 1000001 1.4623442255556 19 0
170 1000001 1.5857501064916 17 0
18 1000001 1.2731440468365 1985 1
173 1000002 0.01877195009307 1987 1
123 1000002 0.2444739616662 1984 0
38 1000003 0.46675554613696 1967 1
132 1000003 0.10365635254708 15 0
130 1000005 0.73873820607821 16 1
75 1000005 -0.97570504525479 1966 1
44 1000003 -0.79293191320536 2171 1
110 173 -0.16254158146916 2172 1
0
174
connections
0.69999790000157
step
0.33240847645654
link
2.4554605934908
enable
0.16290125
bias
0.3999988000009
node
0.49999850000112
disable
0.3999988000009
done
15
170 171 1.1037006477433 18 1
123 173 1.0175806112766 1986 1
171 1000001 1.5199167343064 19 0
170 1000001 1.6957564459227 17 0
18 1000001 1.0851463839562 1985 1
173 1000002 0.13244290979436 1987 1
123 1000002 0.037631373158025 1984 0
38 1000003 -0.89840388195441 1967 1
132 1000003 0.1366814454089 15 0
130 1000005 0.46594099278705 16 1
75 1000005 -1.2949676841514 1966 1
149 1000002 1.0916470839564 2173 1
13 1000006 -1.0650349436933 2174 1
18 174 1 2175 1
174 1000001 1.0851463839562 2176 1
