157
20000
5
20000
155
4
20000
171
connections
0.736841
step
0.315789
link
2.10526
enable
0.19
bias
0.38
node
0.526315
disable
0.38
done
5
170 171 1 18 1
171 1000001 1.2115237891781 19 1
170 1000001 1.2115237891781 17 0
132 1000003 0.3961912900174 15 0
130 1000005 0.28962065492721 16 1
0
172
connections
0.77562094183
step
0.33240897507
link
1.999997
enable
0.1805
bias
0.3999994
node
0.55401495845
disable
0.361
done
9
170 171 1.0311947263509 18 1
171 1000001 1.4635467442141 19 1
170 1000001 0.99859822450196 17 0
132 1000003 0.41929060445675 15 0
130 1000005 0.090836699530117 16 1
18 1000003 -1.2592547379986 3039 0
132 1000002 1.2649922177801 3040 0
132 172 1 3041 1
172 1000002 1.2649922177801 3042 1
0
171
connections
0.77562094183
step
0.285
link
1.999997
enable
0.1805
bias
0.3999994
node
0.49999925
disable
0.361
done
8
170 171 1.2151220740379 18 1
171 1000001 1.3276477858821 19 1
170 1000001 0.6779381694998 17 0
132 1000003 0.28036301767022 15 0
130 1000005 0.54358699301126 16 1
9 1000001 -0.16571550645466 3050 0
2 1000001 -1.185033722953 3051 1
170 1000002 0.35126804406873 3052 1
0
171
connections
0.77562094183
step
0.29999955
link
1.999997
enable
0.1805
bias
0.3999994
node
0.49999925
disable
0.361
done
8
170 171 0.97876830480514 18 1
171 1000001 1.0649893857311 19 1
170 1000001 1.177217984135 17 1
132 1000003 0.15824798410138 15 0
130 1000005 0.14185940923948 16 1
26 171 -1.262550737022 3053 1
1000004 1000003 1.1413312173833 3054 1
170 1000006 1.4262520218513 3055 1
0
13
3
0
172
connections
0.7368398947385
step
0.3157885263165
link
1.89999715
enable
0.210525684211
bias
0.421051368422
node
0.5263142105275
disable
0.37999943
done
12
170 171 0.98482168807101 18 1
29 171 -1.9785242540524 2783 1
111 171 1.0116885891293 2804 1
6 172 1 2806 1
170 1000001 1.2420764773497 17 0
171 1000001 1.2231619632245 19 1
170 1000002 -0.56575212866604 2805 1
132 1000003 0.24822850079214 15 0
172 1000004 1.1756340220344 2807 1
6 1000004 1.1756340220344 2803 0
130 1000005 0.77828841537825 16 1
45 1000006 1.6713862724243 2782 1
0
172
connections
0.77561977839859
step
0.33240847645654
link
1.8049972925
enable
0.19999940000045
bias
0.3999988000009
node
0.55401412742756
disable
0.3999988000009
done
14
170 171 1.0510152764031 18 1
29 171 -2.1049768331421 2783 1
111 171 1.0359849330459 2804 1
6 172 1.2589006234213 2806 1
170 1000001 0.96390109257494 17 0
171 1000001 1.4372031157486 19 1
170 1000002 -0.66422586995952 2805 0
132 1000003 0.47868363430034 15 0
172 1000004 0.95043379714778 2807 1
6 1000004 0.95382549516282 2803 0
130 1000005 0.80290938685443 16 1
45 1000006 1.4778575238248 2782 1
14 1000003 -0.6106753746147 3043 1
29 1000004 1.5390484328745 3044 1
0
173
connections
0.69999790000157
step
0.33240847645654
link
1.8049972925
enable
0.22160565097102
bias
0.44321130194205
node
0.55401412742756
disable
0.3609994585
done
17
170 171 0.98482168807101 18 1
29 171 -1.9785242540524 2783 1
111 171 1.0116885891293 2804 1
6 172 1 2806 1
170 1000001 1.2420764773497 17 0
171 1000001 1.2231619632245 19 0
170 1000002 -0.56575212866604 2805 1
132 1000003 0.24822850079214 15 0
172 1000004 1.1756340220344 2807 1
6 1000004 1.1756340220344 2803 0
130 1000005 0.77828841537825 16 1
45 1000006 1.6713862724243 2782 1
136 1000005 0.87093722342601 3045 1
96 1000002 0.20599993896298 3046 1
170 1000006 1.6214484084597 3047 0
171 173 1 3048 1
173 1000001 1.2231619632245 3049 1
0
5
1
0
172
connections
0.7368398947385
step
0.285
link
1.89999715
enable
0.189999715
bias
0.421051368422
node
0.4749992875
disable
0.34295
done
11
170 171 1.00984977987 18 0
172 171 1.00984977987 2942 1
170 172 1 2941 1
171 1000001 1.1245440014344 19 1
170 1000001 1.258461839259 17 1
132 1000003 0.4053030883816 15 0
145 1000003 2.1702815332499 2922 1
7 1000003 -0.4451429792169 2940 1
76 1000004 0.072983336893826 2923 1
130 1000005 0.53774355342265 16 1
81 1000006 1.6131473738823 2939 1
0
2
1
0
173
connections
0.69999895
step
0.29999955
link
2.2160598338
enable
0.1805
bias
0.361
node
0.49999925
disable
0.3999994
done
10
170 171 1.8790246284371 18 1
1000004 171 -0.78975798821986 2999 1
130 173 1 3002 1
171 1000001 1.0358015270501 19 1
170 1000001 1.4729968306055 17 0
170 1000002 0.2831507309183 3001 1
132 1000003 -0.13519699697867 15 0
137 1000005 -0.84273812067019 3000 1
130 1000005 0.34803132168045 16 0
173 1000005 0.34803132168045 3003 1
0
0
1
0
171
connections
0.69999895
step
0.33240897507
link
2.2160598338
enable
0.1999997
bias
0.3999994
node
0.55401495845
disable
0.3999994
done
9
170 171 1.2420812211095 18 1
171 1000001 -0.41230506302072 19 1
170 1000001 1.9837641529588 17 0
132 1000003 0.71776580403284 15 0
130 1000005 0.30024207882621 16 1
91 1000003 -1.3107699819941 3035 1
141 1000006 1.6314584795679 3036 1
71 1000004 0.92220831934568 3037 1
170 1000005 0.81148716696677 3038 1
