27
20000
6
20000
25
2
20000
171
connections
0.736841
step
0.315789
link
2.10526
enable
0.19
bias
0.38
node
0.526315
disable
0.38
done
5
170 171 1 18 1
171 1000001 1.2115237891781 19 1
170 1000001 1.2115237891781 17 0
132 1000003 0.3961912900174 15 0
130 1000005 0.28962065492721 16 1
0
173
connections
0.77562094183
step
0.29999955
link
1.999997
enable
0.1999997
bias
0.3999994
node
0.49999925
disable
0.3999994
done
9
170 171 1 18 1
171 1000001 1.2115237891781 19 1
170 1000001 1.2115237891781 17 0
132 1000003 0.3961912900174 15 0
130 1000005 0.28962065492721 16 0
152 1000004 -1.1973632007813 472 1
95 1000004 0.70601519821772 473 1
130 173 1 474 1
173 1000005 0.28962065492721 475 1
0
14
2
0
170
connections
0.69999895
step
0.29999955
link
1.999997
enable
0.22160598338
bias
0.3999994
node
0.49999925
disable
0.3999994
done
5
170 1000003 -0.24909207434309 36 1
154 1000005 -1.0544145023957 233 1
170 1000005 0.62166203802606 234 1
32 1000006 -0.17023224585711 35 1
57 1000006 0.38862269966735 232 1
0
170
connections
0.7368398947385
step
0.315789
link
2.10525684211
enable
0.210525684211
bias
0.421051368422
node
0.5263142105275
disable
0.421051368422
done
7
170 1000003 0.06182039640492 36 1
154 1000005 -1.0355540918302 233 1
170 1000005 0.87787257194739 234 1
32 1000006 -0.068567212103641 35 1
57 1000006 0.4734415414594 232 1
57 1000001 1.7667165135655 484 1
142 1000002 -0.33625293740654 485 1
0
7
3
0
173
connections
0.7368398947385
step
0.3157885263165
link
1.89999715
enable
0.171475
bias
0.34295
node
0.58317276571322
disable
0.34295
done
12
170 171 1.2916088664395 18 1
171 173 1 351 1
171 1000001 1.3213944149841 19 0
173 1000001 1.3213944149841 352 1
1000004 1000001 0.36664611789785 330 1
170 1000001 1.1022073104028 17 1
136 1000002 -0.35824276748557 329 1
170 1000003 -0.04193243202002 350 1
132 1000003 0.14933191992797 15 0
151 1000004 -0.69380779442732 349 1
130 1000005 0.02308906452164 16 0
165 1000005 1.509262367626 348 1
0
174
connections
0.69999790000157
step
0.33240847645654
link
1.8049972925
enable
0.18049972925
bias
0.3258025
node
0.55401412742756
disable
0.3258025
done
16
170 171 1.0613160467111 18 1
171 173 -0.087710196234016 351 1
171 1000001 1.2381375905485 19 0
173 1000001 1.3332128870771 352 1
1000004 1000001 0.051848686551596 330 1
170 1000001 0.78670613727226 17 1
136 1000002 -0.40368048122344 329 1
170 1000003 -0.84652241584521 350 1
132 1000003 0.060454980866236 15 0
151 1000004 -0.96047919005747 349 1
130 1000005 0.0073953509354634 16 0
165 1000005 1.4869137890672 348 1
94 173 0.92501602221747 486 0
156 1000005 1.3348185674612 487 1
94 174 1 488 1
174 173 0.92501602221747 489 1
0
173
connections
0.69999790000157
step
0.29999910000067
link
1.9999940000045
enable
0.18049972925
bias
0.3609994585
node
0.55401412742756
disable
0.3258025
done
14
170 171 1.2916088664395 18 1
171 173 1 351 0
171 1000001 1.3213944149841 19 1
173 1000001 1.3213944149841 352 1
1000004 1000001 0.36664611789785 330 1
170 1000001 1.1022073104028 17 1
136 1000002 -0.35824276748557 329 1
170 1000003 -0.04193243202002 350 1
132 1000003 0.14933191992797 15 0
151 1000004 -0.69380779442732 349 1
130 1000005 0.02308906452164 16 0
165 1000005 1.509262367626 348 1
116 1000001 -1.3049104281747 490 1
117 1000005 -0.6626789147618 491 1
0
0
1
0
172
connections
0.81644187199851
step
0.34990365942793
link
1.89999715
enable
0.171475
bias
0.421051368422
node
0.5263142105275
disable
0.34295
done
9
170 171 0.4776604843826 18 1
80 171 -1.0661223208186 466 1
170 1000001 1.6474812501371 17 0
171 1000001 2.1540737169611 19 1
101 1000002 2.2060481791349 467 0
132 1000003 0.50424034184208 15 0
130 1000005 -0.24452442889444 16 1
141 1000004 -1.5610217596973 470 1
46 1000002 0.83333841975158 471 1
0
0
1
0
172
connections
0.81644187199851
step
0.34990365942793
link
2.3326910628529
enable
0.189999715
bias
0.34295
node
0.5263142105275
disable
0.37999943
done
10
170 171 -0.76229132969146 18 1
124 171 1.7591479232154 457 1
170 1000001 0.91107038744321 17 0
171 1000001 1.8128410305077 19 1
132 1000003 0.3757498677094 15 1
111 1000003 0.26142155217139 456 1
130 1000005 0.066722922445203 16 1
16 1000003 -1.1088595233009 476 1
45 1000002 -0.77340006714072 477 1
170 1000004 0.29010895107883 478 1
0
0
1
0
172
connections
0.69999895
step
0.33240897507
link
2.2160598338
enable
0.1805
bias
0.361
node
0.55401495845
disable
0.361
done
10
170 171 1 18 1
171 1000001 1.2115237891781 19 1
170 1000001 1.2115237891781 17 0
132 1000003 0.3961912900174 15 0
130 1000005 0.28962065492721 16 0
151 1000003 -0.29132969145787 479 1
160 1000002 1.6945707571642 480 1
170 1000005 -1.7972350230415 481 1
130 172 1 482 1
172 1000005 0.28962065492721 483 1
