203
10000
3
10000
196
2
10000
172
connections
0.69999790000157
step
0.29999955
link
1.9999940000045
enable
0.19999940000045
bias
0.3999988000009
node
0.451249323125
disable
0.44321130194205
done
13
7 171 0.63949184228492 24 1
84 172 0.97342146996521 45 1
23 1000002 0.73064019042482 43 1
1000003 1000002 -1.1120258706244 21 1
172 1000003 0.63297497195196 46 1
84 1000003 0.49750961528825 22 0
122 1000004 -0.41343833385266 20 0
170 1000004 0.24382190664541 44 0
48 1000004 -1.0716269417402 65 1
7 1000005 0.92092488415632 23 0
171 1000005 0.90342791108585 25 1
106 1000006 1.3220222972182 42 1
67 1000006 -1.5325785088656 66 1
0
172
connections
0.73683878947866
step
0.2849995725
link
1.8999943000043
enable
0.18999943000043
bias
0.37999886000085
node
0.47499857500107
disable
0.42105073684495
done
15
7 171 0.58515692210891 24 1
84 172 0.8494522659843 45 1
23 1000002 0.48250173393345 43 1
1000003 1000002 -0.99863314542276 21 1
172 1000003 0.74756798833087 46 1
84 1000003 0.68923438644879 22 0
122 1000004 -0.49536255558115 20 0
170 1000004 -0.018667857400052 44 0
48 1000004 1.1624500259407 65 1
7 1000005 0.6731169426268 23 0
171 1000005 0.64739188655866 25 1
106 1000006 1.2953462606919 42 1
67 1000006 -1.7851180330069 66 1
10 1000002 0.45027008880886 1973 1
170 1000002 -0.32636494033631 1974 1
0
12
2
0
174
connections
0.66499700750449
step
0.33240897507
link
2.1052505263442
enable
0.17147448557539
bias
0.37999829000256
node
0.3868898884143
disable
0.42105010526884
done
22
7 171 1.191453396213 24 1
84 172 0.96348081379025 45 1
53 172 -1.759941061481 1852 1
106 173 0.75453047365432 1839 1
32 173 -0.96395764030885 1872 1
167 1000001 0.41178266626408 1837 1
1000003 1000002 -1.286289887923 21 1
23 1000002 -0.69502853480636 43 1
172 1000003 0.83416979782623 46 1
170 1000003 1.0547913133911 1838 1
84 1000003 0.3925022339246 22 0
108 1000003 -1.8727891741061 1851 1
122 1000004 -0.43052412232124 20 0
170 1000004 0.61906470830147 44 0
48 1000004 -1.3056909502288 65 1
41 1000005 1.4628166030525 1836 1
117 1000005 1.7968688009278 1871 1
171 1000005 -1.3499557481613 25 1
7 1000005 1.2018856255983 23 0
173 1000006 1.6220344195082 1840 1
106 1000006 1.0643234354862 42 0
67 1000006 -1.5567907619655 66 1
0
174
connections
0.63174715712926
step
0.34990365942793
link
1.999988000027
enable
0.16290076129662
bias
0.3999976000054
node
0.36754539399358
disable
0.3999976000054
done
25
7 171 1.3420528196852 24 1
84 172 0.89965519129199 45 1
53 172 -1.6770008557015 1852 1
106 173 0.64243785873642 1839 1
32 173 -0.96539924295855 1872 1
167 1000001 0.31280329618939 1837 1
1000003 1000002 -1.6259207936546 21 1
23 1000002 -0.43634094822102 43 1
172 1000003 1.5904416028321 46 1
170 1000003 -1.1393780327769 1838 1
84 1000003 0.22814885332047 22 0
108 1000003 1.2864772484512 1851 1
122 1000004 -0.64100878771581 20 0
170 1000004 0.69931392246819 44 0
48 1000004 -1.146634124545 65 1
41 1000005 1.1882607087823 1836 1
117 1000005 2.0549156752243 1871 1
171 1000005 -1.6507167750416 25 1
7 1000005 1.4833398555108 23 0
173 1000006 1.4002091466026 1840 1
106 1000006 1.0711470213614 42 0
67 1000006 0.34150212103641 66 0
171 1000006 0.88619647816401 1980 1
170 172 -0.43122653889584 1981 1
170 171 -0.33234656819361 1982 1
0
0
1
0
175
connections
0.66499700750449
step
0.28499914500064
link
2.1052505263442
enable
0.17147448557539
bias
0.42105010526884
node
0.47499786250321
disable
0.42105010526884
done
24
7 171 0.83177206624864 24 1
72 171 1.6195685915955 1960 1
84 172 0.81647414071547 45 1
171 174 0.76718734964348 1969 1
151 1000002 1.206640827662 1959 1
1000003 1000002 -1.1590868911335 21 1
23 1000002 0.28355260757645 43 1
172 1000003 0.26663813950951 46 1
84 1000003 0.55391094698935 22 0
149 1000004 -0.12227784667417 1967 1
122 1000004 0.065311870263384 20 0
170 1000004 0.10130837196889 44 0
48 1000004 -1.1674909047422 65 1
7 1000005 1.2927824984006 23 0
171 1000005 0.74992206927649 25 0
174 1000005 0.98526576462325 1970 1
106 1000006 -0.56575212866604 42 1
52 1000006 -1.206528709588 1968 1
67 1000006 -1.8364787556714 66 0
71 1000006 -1.2781762138737 1975 1
66 171 1.3962218085269 1976 0
170 172 -1.652943510239 1977 1
67 175 1 1978 1
175 1000006 -1.8364787556714 1979 1
