1
0
4
0
1
1
0
170
connections
0.665
step
0.285
link
2.10526
enable
0.210526
bias
0.421052
node
0.526315
disable
0.38
done
2
62 1000003 0.43073824274422 10 1
142 1000005 -0.79219946897794 11 1
0
1
2
0
170
connections
0.665
step
0.285
link
1.9
enable
0.210526
bias
0.38
node
0.526315
disable
0.421052
done
3
108 1000001 -0.93514816736351 12 1
148 1000003 -0.49653614917447 13 0
170 1000003 -1.9648426770837 14 1
0
170
connections
0.69999895
step
0.27075
link
1.999997
enable
0.22160598338
bias
0.361
node
0.55401495845
disable
0.44321196676
done
5
108 1000001 -0.72387442396313 12 0
148 1000003 -0.22869468520157 13 0
170 1000003 -2.2082425229652 14 1
35 1000006 0.50703451643422 26 1
170 1000002 -0.74373607593005 27 1
0
1
1
0
170
connections
0.736841
step
0.285
link
1.9
enable
0.210526
bias
0.421052
node
0.475
disable
0.421052
done
2
1000003 1000002 -1.3870662556841 21 1
122 1000004 -0.29377117221595 20 0
0
0
1
0
171
connections
0.69999895
step
0.315789
link
1.999997
enable
0.1999997
bias
0.3999994
node
0.49999925
disable
0.44321196676
done
6
1000003 1000002 -1.3870662556841 21 1
122 1000004 -0.29377117221595 20 0
84 1000003 -0.52876369518113 22 1
7 1000005 0.65193639942625 23 0
7 171 1 24 1
171 1000005 0.65193639942625 25 1
