118
20000
4
20000
116
3
20000
171
connections
0.736841
step
0.315789
link
2.10526
enable
0.19
bias
0.38
node
0.526315
disable
0.38
done
5
170 171 1 18 1
171 1000001 1.2115237891781 19 1
170 1000001 1.2115237891781 17 0
132 1000003 0.3961912900174 15 0
130 1000005 0.28962065492721 16 1
0
172
connections
0.69999895
step
0.29999955
link
2.2160598338
enable
0.1999997
bias
0.361
node
0.49999925
disable
0.361
done
7
170 171 1.1271706289865 18 1
171 1000001 0.80403270177151 19 1
170 1000001 1.2400066713477 17 0
132 1000003 0.28693185424539 15 1
130 1000005 0.16562718876766 16 1
97 1000005 -0.66389965514084 2295 1
117 1000003 0.62263863032929 2296 1
0
173
connections
0.69999895
step
0.29999955
link
2.2160598338
enable
0.1999997
bias
0.361
node
0.55401495845
disable
0.3999994
done
9
170 171 1.1038165221264 18 1
171 1000001 1.0191878708441 19 1
170 1000001 1.0687614678442 17 0
132 1000003 0.19305095621689 15 1
130 1000005 0.4838371060564 16 1
146 1000006 1.539780877102 2297 1
120 1000002 0.48115482039857 2298 0
120 173 1 2299 1
173 1000002 0.48115482039857 2300 1
0
14
3
0
173
connections
0.7368398947385
step
0.3157885263165
link
2.3326910628529
enable
0.171475
bias
0.37999943
node
0.5263142105275
disable
0.37999943
done
11
170 171 0.93033938628614 18 1
123 173 1 1986 1
171 1000001 1.4209154732285 19 0
170 1000001 1.5020045158759 17 0
18 1000001 1.3848689230018 1985 1
173 1000002 0.023743400372326 1987 1
123 1000002 0.023743400372326 1984 0
38 1000003 0.59162775674242 1967 1
132 1000003 0.3713364479699 15 0
130 1000005 0.55664396187174 16 1
75 1000005 -1.2672627508586 1966 1
0
173
connections
0.77561977839859
step
0.285
link
2.4554605934908
enable
0.16290125
bias
0.3609994585
node
0.55401412742756
disable
0.3609994585
done
13
170 171 0.93033938628614 18 1
123 173 1 1986 1
171 1000001 1.4209154732285 19 0
170 1000001 1.5020045158759 17 0
18 1000001 1.3848689230018 1985 1
173 1000002 0.023743400372326 1987 1
123 1000002 0.023743400372326 1984 0
38 1000003 0.59162775674242 1967 1
132 1000003 0.3713364479699 15 0
130 1000005 0.55664396187174 16 1
75 1000005 -1.2672627508586 1966 1
148 1000001 -0.70137638477737 2301 1
51 1000005 -0.45649586474197 2302 1
0
173
connections
0.69999790000157
step
0.33240847645654
link
2.2160565097102
enable
0.16290125
bias
0.3609994585
node
0.49999850000112
disable
0.3999988000009
done
13
170 171 0.93033938628614 18 1
123 173 1 1986 1
171 1000001 1.4209154732285 19 0
170 1000001 1.5020045158759 17 0
18 1000001 1.3848689230018 1985 1
173 1000002 0.023743400372326 1987 1
123 1000002 0.023743400372326 1984 0
38 1000003 0.59162775674242 1967 1
132 1000003 0.3713364479699 15 0
130 1000005 0.55664396187174 16 1
75 1000005 -1.2672627508586 1966 1
113 1000004 1.4886318552202 2308 1
118 173 -1.7464522232734 2309 1
0
4
2
0
172
connections
0.6649990025
step
0.3157885263165
link
2.10525684211
enable
0.210525684211
bias
0.421051368422
node
0.4749992875
disable
0.37999943
done
10
170 171 1.070652027955 18 1
171 1000001 1.2115237891781 19 1
170 1000001 1.2115237891781 17 0
47 1000002 -1.042573320719 2216 1
140 1000003 -1.3610644856105 2189 1
109 1000003 0.9226966154973 2217 1
132 1000003 0.26519409772027 15 1
130 1000005 0.27753532517472 16 1
21 1000006 0.68037965025788 2190 1
170 1000006 -1.3484908597064 2191 1
0
172
connections
0.69999790000157
step
0.33240847645654
link
1.9999940000045
enable
0.19999940000045
bias
0.44321130194205
node
0.49999850000112
disable
0.3999988000009
done
13
170 171 1.1732444814113 18 1
171 1000001 1.54143669127 19 1
170 1000001 1.1845289786721 17 1
47 1000002 -0.76504719106352 2216 1
140 1000003 -1.0330587704316 2189 1
109 1000003 0.84796126450223 2217 1
132 1000003 0.26141015772825 15 1
130 1000005 0.56062070178899 16 1
21 1000006 0.3602461534001 2190 1
170 1000006 -1.3538573590517 2191 1
52 1000004 -0.41096224860378 2305 1
28 1000003 0.30646687215796 2306 1
170 1000004 -1.4877773369549 2307 1
0
3
2
0
172
connections
0.69999895
step
0.285
link
1.999997
enable
0.1805
bias
0.3999994
node
0.49999925
disable
0.3999994
done
10
170 171 0.77894604327525 18 1
130 172 1 2239 1
170 1000001 1.3936291085543 17 0
171 1000001 0.19489120151372 19 1
137 1000002 1.5084078493606 2236 1
132 1000003 0.21497314371166 15 0
10 1000005 0.91915646839808 2237 1
130 1000005 0.23740791039766 16 0
172 1000005 0.23740791039766 2240 1
170 1000006 -1.5124362926115 2238 0
0
172
connections
0.6649990025
step
0.27075
link
1.89999715
enable
0.189999715
bias
0.37999943
node
0.4749992875
disable
0.37999943
done
12
170 171 0.84152088229011 18 1
130 172 0.79082502975555 2239 1
170 1000001 1.297721785638 17 0
171 1000001 0.14595012512589 19 0
137 1000002 1.2984065904721 2236 1
132 1000003 0.19888530381176 15 0
10 1000005 1.001347399823 2237 1
130 1000005 0.35293132572405 16 0
172 1000005 0.14518583483383 2240 1
170 1000006 -1.6202421720023 2238 0
112 1000003 0.95834223456526 2303 1
136 1000001 1.8337351603748 2304 1
