99
20000
4
20000
97
3
20000
171
connections
0.736841
step
0.315789
link
2.10526
enable
0.19
bias
0.38
node
0.526315
disable
0.38
done
5
170 171 1 18 1
171 1000001 1.2115237891781 19 1
170 1000001 1.2115237891781 17 0
132 1000003 0.3961912900174 15 0
130 1000005 0.28962065492721 16 1
0
173
connections
0.69999895
step
0.29999955
link
2.2160598338
enable
0.1999997
bias
0.3999994
node
0.49999925
disable
0.361
done
7
170 171 1 18 1
171 1000001 1.4786366426969 19 1
170 1000001 1.2115237891781 17 0
132 1000003 0.3961912900174 15 0
130 1000005 0.35761884389325 16 1
50 1000004 0.36652729880673 1879 1
113 171 0.1024811548204 1880 1
0
171
connections
0.77562094183
step
0.29999955
link
1.999997
enable
0.1805
bias
0.361
node
0.55401495845
disable
0.361
done
7
170 171 1.1792013669897 18 1
171 1000001 1.0254740789346 19 1
170 1000001 1.011960503209 17 0
132 1000003 0.2052525218894 15 1
130 1000005 0.15952959972076 16 1
22 1000001 0.33149204992828 1881 1
37 1000001 -1.2477797784356 1882 1
0
12
4
0
173
connections
0.85941120772179
step
0.33240847645654
link
1.9999940000045
enable
0.18049972925
bias
0.44321130194205
node
0.49999850000112
disable
0.3999988000009
done
12
170 171 0.56481626675378 18 1
6 171 -0.11151463362529 1642 1
171 1000001 0.75820467512092 19 0
170 1000001 -1.6940824610126 17 0
89 1000002 0.07432380058743 1610 0
132 1000003 0.89601660988125 15 0
98 1000005 1.8205978888207 1611 1
130 1000005 0.25983561935065 16 1
51 1000005 0.50898770104068 1643 1
83 1000006 -2.1007109181984 1631 1
93 1000006 0.91329691457869 1632 1
170 1000006 -0.34662923062838 1644 1
0
174
connections
0.8164406473357
step
0.31578805263371
link
2.1052536842247
enable
0.18999943000043
bias
0.42105073684495
node
0.52631342105618
disable
0.37999886000085
done
16
170 171 0.84812634650699 18 1
6 171 0.14964874533283 1642 1
171 1000001 0.87596382960962 19 0
170 1000001 -1.6013226719993 17 0
89 1000002 -0.12325214066577 1610 0
132 1000003 1.5533310953093 15 0
98 1000005 1.9274475283834 1611 1
130 1000005 0.11137177002595 16 1
51 1000005 0.65211244147048 1643 1
83 1000006 -1.9896593806607 1631 1
93 1000006 -0.33075960570086 1632 1
170 1000006 -0.45132009691946 1644 1
158 171 0.71517075106052 1883 1
150 1000001 0.74056215094455 1884 1
51 174 1 1885 1
174 1000005 0.65211244147048 1886 1
0
174
connections
0.8164406473357
step
0.34990313457244
link
2.1052536842247
enable
0.18999943000043
bias
0.42105073684495
node
0.47499857500107
disable
0.37999886000085
done
14
170 171 0.56486965936442 18 1
6 171 0.10204513041518 1642 1
171 1000001 0.67904479058509 19 0
170 1000001 -1.3806144439413 17 0
89 1000002 -0.18308197531115 1610 0
132 1000003 1.1544475239041 15 0
98 1000005 2.1568325150692 1611 1
130 1000005 0.052875181985356 16 1
51 1000005 0.54987576226929 1643 1
83 1000006 -1.8951386887097 1631 1
93 1000006 0.72824880462032 1632 1
170 1000006 -0.57150822812467 1644 1
146 1000003 -1.4592120120853 1887 1
113 1000004 0.1299478133488 1888 1
0
174
connections
0.90464201958419
step
0.34990313457244
link
2.1052536842247
enable
0.1714747427875
bias
0.42105073684495
node
0.47499857500107
disable
0.37999886000085
done
16
170 171 0.56481626675378 18 1
6 171 -0.11151463362529 1642 1
171 1000001 0.75820467512092 19 0
170 1000001 -1.6940824610126 17 0
89 1000002 0.07432380058743 1610 0
132 1000003 0.89601660988125 15 0
98 1000005 1.8205978888207 1611 0
130 1000005 0.25983561935065 16 1
51 1000005 0.50898770104068 1643 1
83 1000006 -2.1007109181984 1631 1
93 1000006 0.91329691457869 1632 1
170 1000006 -0.34662923062838 1644 1
1000005 1000005 0.18109683523057 1893 1
170 1000004 1.5871456038087 1894 1
98 174 1 1895 1
174 1000005 1.8205978888207 1896 1
0
11
2
0
172
connections
0.7368398947385
step
0.315789
link
2.10525684211
enable
0.189999715
bias
0.421051368422
node
0.4749992875
disable
0.37999943
done
11
170 171 1.0110541087985 18 1
5 171 -1.5532090212714 1649 1
62 171 -1.0486770226142 1665 1
137 172 1 1667 1
170 1000001 1.0953448165838 17 0
171 1000001 0.91283155378887 19 1
137 1000002 -0.60615863521226 1666 0
172 1000002 -0.60615863521226 1668 1
34 1000002 -0.1270180364391 1650 1
132 1000003 0.59027908172857 15 0
130 1000005 0.1888615376751 16 1
0
172
connections
0.8164406473357
step
0.315789
link
2.1052536842247
enable
0.1714747427875
bias
0.42105073684495
node
0.42868685696875
disable
0.342949485575
done
17
170 171 1.4392543361141 18 1
62 171 -1.4120078459868 1665 1
159 171 -1.6266975920896 1866 1
5 171 -1.3194358224845 1649 1
137 172 1.1541604856548 1667 0
171 1000001 -2.1335326948759 19 1
170 1000001 0.88646697424696 17 0
34 1000002 0.050064064181951 1650 1
172 1000002 -0.67620670119785 1668 1
137 1000002 -0.73767217207404 1666 0
132 1000003 0.66612694080477 15 0
130 1000005 1.8734958681906 16 1
112 1000006 -0.41500686425367 1865 1
32 1000006 -0.027161473433637 1889 1
74 171 1.8173772392956 1890 1
165 1000002 0.4821314127018 1891 1
170 1000006 -1.276589251381 1892 1
0
0
1
0
173
connections
0.77562094183
step
0.29999955
link
2.2160598338
enable
0.1805
bias
0.361
node
0.49999925
disable
0.3999994
done
11
170 171 0.98611104717093 18 1
171 1000001 1.481657970603 19 1
170 1000001 0.99890470443892 17 0
132 1000003 0.24328463135014 15 0
130 1000005 0.38148733435163 16 1
137 1000006 1.8460646382031 1873 1
127 1000002 -0.9074373607593 1874 1
101 1000001 -0.015320291756951 1875 1
170 1000005 1.2402111880856 1876 0
170 173 1 1877 1
173 1000005 1.2402111880856 1878 1
