171
20000
4
20000
169
3
20000
171
connections
0.736841
step
0.315789
link
2.10526
enable
0.19
bias
0.38
node
0.526315
disable
0.38
done
5
170 171 1 18 1
171 1000001 1.2115237891781 19 1
170 1000001 1.2115237891781 17 0
132 1000003 0.3961912900174 15 0
130 1000005 0.28962065492721 16 1
0
171
connections
0.77562094183
step
0.33240897507
link
1.999997
enable
0.1805
bias
0.3999994
node
0.49999925
disable
0.3999994
done
8
170 171 0.81616922399843 18 1
171 1000001 1.4302926586927 19 1
170 1000001 1.0757379640702 17 0
132 1000003 0.10174350714418 15 0
130 1000005 0.38850032898975 16 1
151 1000003 0.28034302804651 3291 1
36 1000006 0.2279732657857 3292 1
170 1000006 -1.1167943357646 3293 1
0
172
connections
0.6649990025
step
0.33240897507
link
1.89999715
enable
0.171475
bias
0.421051368422
node
0.5263142105275
disable
0.34295
done
9
170 171 1 18 1
47 171 1.6246223334452 3278 1
170 1000001 1.2115237891781 17 0
171 1000001 1.2115237891781 19 1
132 1000003 0.3961912900174 15 0
130 1000005 0.28962065492721 16 1
169 1000006 -1.6861476485488 3279 1
88 1000001 1.1912594988861 3297 1
125 1000001 1.7894222846156 3298 1
0
5
3
0
172
connections
0.7368398947385
step
0.315789
link
1.89999715
enable
0.189999715
bias
0.34295
node
0.4749992875
disable
0.37999943
done
10
170 171 0.88870181186307 18 1
129 171 -1.5197607348857 3204 1
170 1000001 1.2115237891781 17 1
171 1000001 1.2115237891781 19 1
132 1000003 0.3961912900174 15 0
45 1000003 -1.8813440351573 3205 1
130 1000005 0.28962065492721 16 1
148 1000006 0.40314951017792 3189 1
117 1000006 -1.4764244514298 3190 1
170 1000006 0.25165562913907 3206 0
0
173
connections
0.73683878947866
step
0.3157885263165
link
2.1052536842247
enable
0.18999943000043
bias
0.309512375
node
0.47499857500107
disable
0.342949485575
done
17
170 171 0.97421441887641 18 1
129 171 -1.6288849599744 3204 1
65 173 1.0520130215317 3286 1
170 1000001 1.5268689953185 17 1
171 1000001 1.2791301160347 19 1
132 1000003 0.80477309488205 15 0
45 1000003 -1.8807561540542 3205 1
170 1000004 -0.23939315273585 3285 1
65 1000004 -0.5968530091372 3283 1
173 1000004 -0.68459185442622 3287 0
130 1000005 0.024312804316327 16 1
142 1000005 -0.68369853608463 3284 1
170 1000006 0.499404145818 3206 0
148 1000006 -1.0708944975127 3189 1
117 1000006 -1.6415226674498 3190 1
9 1000006 -1.0065614795373 3299 1
107 1000006 -0.35810419019135 3300 1
0
173
connections
0.77561977839859
step
0.33240897507
link
1.8049972925
enable
0.18049972925
bias
0.3609994585
node
0.49999850000112
disable
0.3609994585
done
14
170 171 0.88870181186307 18 1
129 171 -1.5197607348857 3204 1
170 1000001 1.2115237891781 17 0
171 1000001 1.2115237891781 19 1
132 1000003 0.3961912900174 15 0
45 1000003 -1.8813440351573 3205 1
130 1000005 0.28962065492721 16 1
148 1000006 0.40314951017792 3189 1
117 1000006 -1.4764244514298 3190 1
170 1000006 0.25165562913907 3206 0
5 1000006 1.8338572344127 3307 1
22 171 -1.5106051820429 3308 1
170 173 1 3309 1
173 1000001 1.2115237891781 3310 1
0
4
3
0
174
connections
0.7368398947385
step
0.315789
link
1.89999715
enable
0.210525684211
bias
0.37999943
node
0.4749992875
disable
0.37999943
done
11
170 171 1.26116416245 18 1
170 173 -1.1294900357067 3222 1
112 173 1.2381500283517 3211 1
173 1000001 0.08887609152501 3212 1
171 1000001 1.4877030357677 19 1
112 1000001 -0.3511487554857 3210 0
170 1000001 0.98171975753044 17 0
132 1000003 0.46863569789727 15 0
113 1000003 0.078554643391217 3223 1
134 1000003 0.40517640433973 3209 1
130 1000005 0.0024547614062931 16 1
0
175
connections
0.77561977839859
step
0.29999955
link
1.9999940000045
enable
0.19999940000045
bias
0.3999988000009
node
0.451249323125
disable
0.3609994585
done
15
170 171 1.4324734547273 18 1
170 173 -0.86951850269326 3222 1
112 173 1.4990554263543 3211 0
173 1000001 0.20041802449568 3212 1
171 1000001 1.368378894554 19 1
112 1000001 -0.3255224015183 3210 0
170 1000001 0.73617735415357 17 0
132 1000003 0.59182347661519 15 0
113 1000003 -0.089183988633381 3223 1
134 1000003 0.31331888045442 3209 1
130 1000005 0.035570346365246 16 1
1 1000003 0.7176122318186 3301 0
137 1000005 1.43040253914 3302 1
1 175 1 3303 1
175 1000003 0.7176122318186 3304 1
0
174
connections
0.69999790000157
step
0.33240897507
link
1.8049972925
enable
0.22160565097102
bias
0.3609994585
node
0.451249323125
disable
0.3609994585
done
13
170 171 0.96415993371 18 1
170 173 0.36994537186804 3222 1
112 173 1.2727330599388 3211 1
173 1000001 -0.0080963927638824 3212 1
171 1000001 1.7758002824797 19 1
112 1000001 -0.58063035053738 3210 1
170 1000001 0.75079762552207 17 0
132 1000003 0.47136460241383 15 0
113 1000003 0.40836659408859 3223 1
134 1000003 0.25837351490103 3209 1
130 1000005 0.052234443423826 16 1
76 173 1.4422437208167 3305 1
3 1000006 0.17011017181921 3306 1
0
0
1
0
172
connections
0.7368398947385
step
0.33240897507
link
1.89999715
enable
0.189999715
bias
0.421051368422
node
0.5263142105275
disable
0.37999943
done
10
170 171 0.92790213978019 18 0
47 171 1.8119834394533 3278 1
170 1000001 0.97912054170725 17 0
171 1000001 0.967758560077 19 1
132 1000003 0.31855220191046 15 0
130 1000005 0.30012034330874 16 1
169 1000006 -1.4237163067694 3279 0
1000003 171 -0.65999328592792 3294 1
170 172 1 3295 1
172 171 0.92790213978019 3296 1
