225
10000
2
10000
218
4
10000
172
connections
0.69999790000157
step
0.29999955
link
1.9999940000045
enable
0.19999940000045
bias
0.3999988000009
node
0.451249323125
disable
0.44321130194205
done
13
7 171 0.63949184228492 24 1
84 172 0.97342146996521 45 1
23 1000002 0.73064019042482 43 1
1000003 1000002 -1.1120258706244 21 1
172 1000003 0.63297497195196 46 1
84 1000003 0.49750961528825 22 0
122 1000004 -0.41343833385266 20 0
170 1000004 0.24382190664541 44 0
48 1000004 -1.0716269417402 65 1
7 1000005 0.92092488415632 23 0
171 1000005 0.90342791108585 25 1
106 1000006 1.3220222972182 42 1
67 1000006 -1.5325785088656 66 1
0
174
connections
0.63174810475142
step
0.285
link
2.2160531856255
enable
0.18049945850041
bias
0.3999982000027
node
0.40725251412031
disable
0.49109138205999
done
16
7 171 0.79617971049688 24 0
84 172 1.6716980197993 45 1
23 1000002 0.63724419419284 43 1
1000003 1000002 -0.54377880184332 21 1
172 1000003 0.67192860427737 46 1
84 1000003 1.3254188665426 22 0
1000004 1000003 -0.59675893429365 2185 1
122 1000004 -0.2575534675796 20 0
170 1000004 0.033215910808299 44 1
99 1000004 0.99056978057192 2186 1
48 1000004 -0.9221072897115 65 1
7 1000005 0.9218597114842 23 0
171 1000005 0.63917938729565 25 1
67 1000006 -1.3632012894066 66 1
106 1000006 1.0825812151438 42 1
152 1000006 0.94540238654744 2195 1
0
172
connections
0.73683878947866
step
0.2849995725
link
1.8999943000043
enable
0.18999943000043
bias
0.42105073684495
node
0.42868685696875
disable
0.42105073684495
done
16
7 171 0.7394552227208 24 1
84 172 0.70522597394673 45 1
23 1000002 0.67997572587779 43 1
1000003 1000002 -0.89372073832125 21 1
172 1000003 0.36540571480857 46 1
84 1000003 0.53363142151379 22 0
122 1000004 -0.65444462537774 20 0
170 1000004 0.0041376749677268 44 0
48 1000004 -0.96100010490349 65 1
7 1000005 -0.83602404858547 23 1
171 1000005 1.0513681475632 25 1
106 1000006 1.2517182857275 42 1
67 1000006 -1.6167467532299 66 1
49 1000005 1.8149357585376 2196 1
133 1000006 -0.83370464186529 2197 1
170 1000003 -1.0652790917692 2198 1
0
172
connections
0.73683878947866
step
0.3157885263165
link
2.1052536842247
enable
0.18999943000043
bias
0.37999886000085
node
0.42868685696875
disable
0.42105073684495
done
15
7 171 0.37557177657316 24 1
84 172 0.75416109329885 45 1
23 1000002 0.92707921541671 43 1
1000003 1000002 -1.2811717926002 21 1
172 1000003 0.44781169926545 46 1
84 1000003 0.81256569957465 22 0
122 1000004 -0.36352626445988 20 0
170 1000004 0.11609750895039 44 0
48 1000004 -1.3434689462511 65 1
7 1000005 0.75148984032654 23 0
171 1000005 0.60591188594114 25 1
106 1000006 1.5088046522871 42 1
67 1000006 -1.229337871012 66 1
143 1000002 -1.1929685354167 2199 1
69 172 -0.15326395458846 2200 1
0
1
1
0
175
connections
0.69999580000945
step
0.29999955
link
2.2160498615457
enable
0.24554532271146
bias
0.49109064542292
node
0.49999700000675
disable
0.49109064542292
done
26
7 171 0.32219152780671 24 1
28 172 -1.6224766825602 2163 1
84 172 1.6319211640619 45 1
38 172 0.8866455472869 2157 1
170 172 0.42963957640309 2164 1
170 175 1 2190 1
114 1000002 -0.41059602649007 2189 1
1000003 1000002 -0.8423471772702 21 0
175 1000002 1.6134132454283 2191 1
170 1000002 1.6134132454283 2176 1
23 1000002 0.97896587769097 43 1
172 1000003 0.64873760585978 46 1
15 1000003 -0.84383678701132 2188 1
11 1000003 1.5090182195502 2187 1
84 1000003 0.28272982331919 22 0
122 1000004 -0.11581922402112 20 0
72 1000004 -1.9337714750557 2175 1
48 1000004 -0.63815016039407 65 0
131 1000004 1.6767083195883 2174 1
170 1000004 0.24857363144322 44 1
7 1000005 1.2074108584307 23 0
171 1000005 1.019333831773 25 1
51 1000005 -0.88496697886441 2162 1
106 1000006 1.0464680366405 42 1
67 1000006 -0.81038850062563 66 1
122 1000006 0.44204498197119 2156 1
