67
20000
6
20000
65
1
20000
171
connections
0.736841
step
0.315789
link
2.10526
enable
0.19
bias
0.38
node
0.526315
disable
0.38
done
5
170 171 1 18 1
171 1000001 1.2115237891781 19 1
170 1000001 1.2115237891781 17 0
132 1000003 0.3961912900174 15 0
130 1000005 0.28962065492721 16 1
0
10
3
0
173
connections
0.6649990025
step
0.34990365942793
link
1.89999715
enable
0.171475
bias
0.34295
node
0.58317276571322
disable
0.421051368422
done
11
170 171 0.75037117680754 18 1
96 171 -0.042054506057924 1074 1
147 172 1 1054 1
171 1000001 1.4573585220762 19 1
170 1000001 1.070523626072 17 0
69 1000002 1.9306619464705 1053 1
147 1000002 -0.34345530564287 1052 1
172 1000002 -0.34345530564287 1055 1
132 1000003 0.59385933650438 15 0
130 1000005 0.10686520932993 16 1
15 1000005 -0.18622394482253 1075 1
0
174
connections
0.77561861496892
step
0.27075
link
1.9999910000135
enable
0.16290100564812
bias
0.36099891700081
node
0.55401329640637
disable
0.4432106371251
done
17
170 171 1.0094705069263 18 1
96 171 0.1092306817835 1074 1
147 172 1.890621662038 1054 1
171 1000001 1.6024795966329 19 1
51 1000001 -1.3851130710776 1243 1
170 1000001 -1.2953886532182 17 0
68 1000001 1.4795983764153 1242 1
172 1000002 -0.42115122684408 1055 1
147 1000002 -0.46672930845058 1052 1
69 1000002 -0.12652974028748 1053 1
132 1000003 0.85127303778921 15 0
15 1000005 -0.096497260963775 1075 1
130 1000005 0.3771194361435 16 1
38 1000005 1.3372600482192 1257 1
159 1000006 0.60835596789453 1256 1
140 1000001 0.038026062807092 1274 1
54 171 -1.4273506881924 1275 1
0
174
connections
0.631749052375
step
0.36831908902363
link
1.8049972925
enable
0.16290125
bias
0.3258025
node
0.55401412742756
disable
0.3999988000009
done
13
170 171 0.65888434354348 18 1
96 171 0.106264546027 1074 1
147 172 0.63682908269709 1054 1
171 1000001 1.3352749127777 19 1
170 1000001 0.84008111854697 17 0
69 1000002 1.9569760731042 1053 1
147 1000002 -0.52122459770222 1052 1
172 1000002 -0.080707458542825 1055 1
132 1000003 0.52613502511281 15 0
130 1000005 -0.24380621680826 16 1
15 1000005 -0.10730404602085 1075 1
118 172 -0.65169225135044 1276 1
9 1000006 1.009491256447 1277 1
0
8
3
0
172
connections
0.69999895
step
0.29999955
link
2.2160598338
enable
0.1805
bias
0.361
node
0.49999925
disable
0.3999994
done
9
170 171 1.7947935422834 18 1
6 171 -0.071474349192785 1110 0
172 171 -0.071474349192785 1112 1
6 172 1 1111 1
171 1000001 1.0117590813486 19 0
170 1000001 1.4186312393735 17 0
132 1000003 0.34377582861568 15 0
130 1000004 0.62630085146641 1109 1
130 1000005 -0.24331794049771 16 1
0
173
connections
0.6649990025
step
0.2849995725
link
2.3326910628529
enable
0.189999715
bias
0.34295
node
0.4749992875
disable
0.421051368422
done
13
170 171 1.7947935422834 18 0
6 171 -0.071474349192785 1110 0
172 171 -0.071474349192785 1112 1
6 172 1 1111 1
171 1000001 1.0117590813486 19 0
170 1000001 1.4186312393735 17 0
132 1000003 0.34377582861568 15 0
130 1000004 0.62630085146641 1109 1
130 1000005 -0.24331794049771 16 1
89 1000001 -0.31488998077334 1278 0
72 171 -0.7544785912656 1279 1
170 173 1 1280 1
173 171 1.7947935422834 1281 1
0
172
connections
0.6649990025
step
0.2849995725
link
2.10525684211
enable
0.189999715
bias
0.37999943
node
0.5263142105275
disable
0.421051368422
done
11
170 171 2.0296766092521 18 1
6 171 -0.1586694147866 1110 0
172 171 0.18268295870914 1112 1
6 172 1.1143842700872 1111 1
171 1000001 0.56941434980316 19 0
170 1000001 1.2608451361378 17 0
132 1000003 0.24671750073923 15 0
130 1000004 0.64365288696364 1109 1
130 1000005 -0.24266560833616 16 1
109 1000004 -1.8902554399243 1282 1
1000006 1000002 1.645252845851 1283 1
0
2
1
0
173
connections
0.7368398947385
step
0.285
link
1.89999715
enable
0.189999715
bias
0.34295
node
0.5263142105275
disable
0.34295
done
13
170 171 1.047317893053 18 0
172 171 1.047317893053 1215 1
170 172 1 1214 1
37 173 1 1235 1
16 1000001 0.50556962797937 1233 1
44 1000001 0.98361156041139 1234 1
171 1000001 1.4807424166921 19 0
170 1000001 1.0701164876324 17 0
68 1000001 1.0458693197424 1212 1
132 1000003 0.35355394438459 15 0
37 1000004 -1.5058442945647 1213 0
173 1000004 -1.5058442945647 1236 1
130 1000005 0.30762960035554 16 1
0
0
1
0
174
connections
0.7368398947385
step
0.34990365942793
link
2.10525684211
enable
0.189999715
bias
0.34295
node
0.5263142105275
disable
0.421051368422
done
12
170 171 0.77587589306028 18 1
170 1000001 1.4791054156828 17 0
171 1000001 1.7749820738588 19 1
115 1000002 -1.3259046692678 1252 1
132 1000003 0.90908340819642 15 0
145 1000004 0.92093907885849 1253 0
130 1000005 0.42190398258383 16 1
140 1000001 1.1031220435194 1266 1
47 1000004 -0.0088503677480392 1267 0
170 1000005 1.2201910458693 1268 1
145 174 1 1269 1
174 1000004 0.92093907885849 1270 1
0
0
1
0
171
connections
0.77562094183
step
0.33240897507
link
1.999997
enable
0.1999997
bias
0.3999994
node
0.55401495845
disable
0.3999994
done
8
170 171 -1.7728202154607 18 1
171 1000001 1.116661387192 19 1
170 1000001 1.5154669424138 17 0
132 1000003 0.080723841128215 15 0
130 1000005 0.082619552101097 16 1
48 1000003 0.1178624835963 1271 1
128 171 -0.031067842646565 1272 1
170 1000002 -0.56685079500717 1273 1
