93
20000
4
20000
91
5
20000
171
connections
0.736841
step
0.315789
link
2.10526
enable
0.19
bias
0.38
node
0.526315
disable
0.38
done
5
170 171 1 18 1
171 1000001 1.2115237891781 19 1
170 1000001 1.2115237891781 17 0
132 1000003 0.3961912900174 15 0
130 1000005 0.28962065492721 16 1
0
171
connections
0.7368398947385
step
0.33240897507
link
2.10525684211
enable
0.171475
bias
0.37999943
node
0.58317276571322
disable
0.37999943
done
9
170 171 1.2825988591731 18 1
112 171 -0.11716474630581 1739 1
170 1000001 1.0988880016418 17 0
165 1000001 0.7358242986317 1738 0
171 1000001 0.64998321481979 19 1
132 1000003 0.28079616408517 15 1
130 1000005 0.53651042897667 16 1
136 1000004 -0.040223395489364 1757 1
7 171 -0.00091555528427989 1758 1
0
171
connections
0.77562094183
step
0.29999955
link
2.2160598338
enable
0.1999997
bias
0.3999994
node
0.49999925
disable
0.3999994
done
7
170 171 0.95498221419874 18 1
171 1000001 1.5055173055223 19 1
170 1000001 0.93450464234291 17 0
132 1000003 0.61584182879269 15 0
130 1000005 -0.5921201208533 16 1
104 1000004 -1.0469679860836 1759 0
85 1000005 1.833491012299 1760 1
0
171
connections
0.69999895
step
0.29999955
link
2.2160598338
enable
0.1999997
bias
0.3999994
node
0.49999925
disable
0.361
done
7
170 171 1.2968317334681 18 1
171 1000001 1.1047427365444 19 0
170 1000001 1.3045349109912 17 0
132 1000003 0.19763511335032 15 0
130 1000005 0.45146311976531 16 1
140 1000002 -1.6282845545824 1770 1
137 171 -1.1740470595416 1771 1
0
172
connections
0.77562094183
step
0.33240897507
link
2.2160598338
enable
0.1999997
bias
0.3999994
node
0.49999925
disable
0.361
done
7
170 171 0.70956948920319 18 1
171 1000001 1.3074818108215 19 1
170 1000001 1.5264231389858 17 1
132 1000003 0.29246248450909 15 0
130 1000005 -0.034936379266167 16 1
21 1000003 0.65852839747307 1772 1
104 1000002 0.72432630390332 1773 1
0
6
2
0
173
connections
0.85941120772179
step
0.33240847645654
link
1.9999940000045
enable
0.18049972925
bias
0.44321130194205
node
0.49999850000112
disable
0.3999988000009
done
12
170 171 0.56481626675378 18 1
6 171 -0.11151463362529 1642 1
171 1000001 0.75820467512092 19 0
170 1000001 -1.6940824610126 17 0
89 1000002 0.07432380058743 1610 0
132 1000003 0.89601660988125 15 0
98 1000005 1.8205978888207 1611 1
130 1000005 0.25983561935065 16 1
51 1000005 0.50898770104068 1643 1
83 1000006 -2.1007109181984 1631 1
93 1000006 0.91329691457869 1632 1
170 1000006 -0.34662923062838 1644 1
0
175
connections
0.95225332907491
step
0.29999865000202
link
1.9999910000135
enable
0.16290100564812
bias
0.49109138205999
node
0.45124864625102
disable
0.4432106371251
done
18
170 171 0.40482370079458 18 1
6 171 -1.3217566454054 1642 1
98 174 1.2468600604268 1753 1
171 1000001 0.52147061057114 19 0
170 1000001 -1.6397261883889 17 0
89 1000002 -0.01945610517052 1610 0
132 1000003 0.74528942170463 15 0
65 1000004 1.2868774752961 1752 1
96 1000004 1.5209652459578 1751 1
130 1000005 0.42162266559186 16 1
174 1000005 1.9969605095974 1754 1
98 1000005 1.7709658602047 1611 0
51 1000005 0.2103440667618 1643 1
170 1000006 -0.63000147148694 1644 1
83 1000006 -1.8025983035948 1631 1
93 1000006 -0.28217413861507 1632 1
32 1000006 0.77645191808832 1766 1
93 1000004 0.47614978484451 1767 1
0
5
2
0
172
connections
0.7368398947385
step
0.315789
link
2.10525684211
enable
0.189999715
bias
0.421051368422
node
0.4749992875
disable
0.37999943
done
11
170 171 1.0110541087985 18 1
5 171 -1.5532090212714 1649 1
62 171 -1.0486770226142 1665 1
137 172 1 1667 1
170 1000001 1.0953448165838 17 0
171 1000001 0.91283155378887 19 1
137 1000002 -0.60615863521226 1666 0
172 1000002 -0.60615863521226 1668 1
34 1000002 -0.1270180364391 1650 1
132 1000003 0.59027908172857 15 0
130 1000005 0.1888615376751 16 1
0
173
connections
0.69999790000157
step
0.315789
link
1.9999940000045
enable
0.18049972925
bias
0.44321130194205
node
0.49999850000112
disable
0.3609994585
done
13
170 171 1.0110541087985 18 1
5 171 -1.5532090212714 1649 1
62 171 -1.0486770226142 1665 1
137 172 1 1667 1
170 1000001 1.0953448165838 17 0
171 1000001 0.91283155378887 19 1
137 1000002 -0.60615863521226 1666 0
172 1000002 -0.60615863521226 1668 1
34 1000002 -0.1270180364391 1650 1
132 1000003 0.59027908172857 15 0
130 1000005 0.1888615376751 16 1
81 1000003 -1.9268776512955 1768 1
50 171 1.9860835596789 1769 1
0
0
1
0
172
connections
0.69999895
step
0.29999955
link
1.999997
enable
0.1805
bias
0.361
node
0.49999925
disable
0.3999994
done
10
170 171 1 18 1
171 1000001 1.2115237891781 19 1
170 1000001 1.2115237891781 17 0
132 1000003 0.3961912900174 15 0
130 1000005 0.28962065492721 16 1
8 1000004 -0.54451124607074 1761 1
142 1000005 -0.63753166295358 1762 1
170 1000004 -0.68904690694906 1763 0
170 172 1 1764 1
172 1000004 -0.68904690694906 1765 1
