58
20000
4
20000
56
4
20000
171
connections
0.736841
step
0.315789
link
2.10526
enable
0.19
bias
0.38
node
0.526315
disable
0.38
done
5
170 171 1 18 1
171 1000001 1.2115237891781 19 1
170 1000001 1.2115237891781 17 0
132 1000003 0.3961912900174 15 0
130 1000005 0.28962065492721 16 1
0
171
connections
0.69999895
step
0.29999955
link
2.2160598338
enable
0.1805
bias
0.3999994
node
0.49999925
disable
0.361
done
7
170 171 1.0982114680273 18 1
171 1000001 1.1672201354274 19 1
170 1000001 0.92523923676412 17 0
132 1000003 0.38030642966247 15 0
130 1000005 0.29340189257942 16 1
156 1000005 -0.0474257637257 1093 1
75 171 1.0014343699454 1094 1
0
171
connections
0.69999895
step
0.33240897507
link
1.999997
enable
0.1999997
bias
0.361
node
0.55401495845
disable
0.361
done
7
170 171 0.91390255527149 18 1
171 1000001 1.1185685769657 19 1
170 1000001 1.4595294721377 17 0
132 1000003 0.5555329377552 15 0
130 1000005 -0.038426130766887 16 1
85 1000003 -1.7307046723838 1095 1
119 1000003 1.4980315561388 1096 1
0
171
connections
0.69999895
step
0.315789
link
2.2160598338
enable
0.1805
bias
0.3999994
node
0.49999925
disable
0.3999994
done
7
170 171 0.90384756453139 18 1
171 1000001 1.0192671052889 19 1
170 1000001 1.2863968242744 17 0
132 1000003 0.26684761592456 15 0
130 1000005 0.51880789236122 16 1
13 1000002 -1.7770928067873 1103 1
128 1000006 0.82992034669027 1104 1
0
12
3
0
173
connections
0.7368398947385
step
0.285
link
2.10525684211
enable
0.189999715
bias
0.421051368422
node
0.5263142105275
disable
0.37999943
done
14
170 171 1.262289317009 18 1
31 171 -0.95736564226203 846 1
130 172 1 827 1
171 173 1 848 1
171 1000001 0.92766699632454 19 0
173 1000001 0.92766699632454 849 1
170 1000001 1.3170989167014 17 1
132 1000002 1.8717001861629 826 1
170 1000002 -0.93160802026429 847 0
36 1000002 -1.0262153996399 825 0
132 1000003 0.56021975517767 15 0
130 1000005 0.56767472144821 16 0
172 1000005 0.56767472144821 828 1
1000002 1000005 -0.53975035859249 845 1
0
174
connections
0.69999790000157
step
0.29999955
link
1.9999940000045
enable
0.18049972925
bias
0.44321130194205
node
0.55401412742756
disable
0.3999988000009
done
18
170 171 1.1884315830129 18 1
31 171 -0.39594714194159 846 0
130 172 1.2040861222892 827 1
171 173 1.0658741038926 848 1
171 1000001 0.77203198700267 19 0
173 1000001 0.85763627767621 849 1
170 1000001 1.0265478830623 17 0
132 1000002 1.7425246848674 826 1
170 1000002 -0.71056583954436 847 0
36 1000002 -1.1201970085986 825 0
132 1000003 0.49967417504675 15 0
130 1000005 0.86566005284413 16 0
172 1000005 0.76830004995403 828 1
1000002 1000005 -0.30374802696768 845 1
91 171 -0.14142277291177 1097 1
44 1000004 0.67537461470382 1098 1
170 174 1 1099 1
174 1000001 1.0265478830623 1100 1
0
174
connections
0.69999790000157
step
0.27075
link
2.2160565097102
enable
0.18049972925
bias
0.44321130194205
node
0.49999850000112
disable
0.3609994585
done
16
170 171 1.2463667348379 18 1
31 171 -1.2232570650349 846 1
130 172 1.2219989700003 827 1
171 173 -1.7816095461898 848 1
171 1000001 0.92511376441439 19 0
173 1000001 0.68777061429384 849 1
170 1000001 1.3723197867841 17 1
132 1000002 1.6414879070406 826 1
170 1000002 -0.7229949262978 847 0
36 1000002 -1.2214756691183 825 0
132 1000003 0.73875594250028 15 0
130 1000005 0.54015104671449 16 0
172 1000005 0.70516088893379 828 1
1000002 1000005 -0.45284958189642 845 1
121 1000002 1.721549119541 1105 0
170 172 1.4687337870418 1106 1
0
1
1
0
173
connections
0.6649990025
step
0.34990365942793
link
1.89999715
enable
0.171475
bias
0.34295
node
0.58317276571322
disable
0.421051368422
done
11
170 171 0.75037117680754 18 1
96 171 -0.042054506057924 1074 1
147 172 1 1054 1
170 1000001 1.070523626072 17 0
171 1000001 1.4573585220762 19 1
172 1000002 -0.34345530564287 1055 1
147 1000002 -0.34345530564287 1052 1
69 1000002 1.9306619464705 1053 1
132 1000003 0.59385933650438 15 0
130 1000005 0.10686520932993 16 1
15 1000005 -0.18622394482253 1075 1
0
1
2
0
173
connections
0.69999895
step
0.33240897507
link
2.2160598338
enable
0.1805
bias
0.361
node
0.49999925
disable
0.3999994
done
10
170 171 0.78720631546775 18 1
170 173 1 1079 1
170 1000001 1.2831347073281 17 0
105 1000001 1.711416974395 1076 0
171 1000001 1.2956125978684 19 1
170 1000002 -1.1941892757958 1078 0
173 1000002 -1.1941892757958 1080 1
132 1000003 0.51292550664176 15 0
17 1000003 -1.8399609363079 1077 1
130 1000005 0.52679187683223 16 1
0
174
connections
0.7368398947385
step
0.285
link
2.10525684211
enable
0.171475
bias
0.37999943
node
0.5263142105275
disable
0.421051368422
done
12
170 171 0.78720631546775 18 1
170 173 1 1079 1
170 1000001 1.2831347073281 17 0
105 1000001 1.711416974395 1076 0
171 1000001 1.2956125978684 19 1
170 1000002 -1.1941892757958 1078 0
173 1000002 -1.1941892757958 1080 1
132 1000003 0.51292550664176 15 0
17 1000003 -1.8399609363079 1077 1
130 1000005 0.52679187683223 16 1
25 173 0.10187078463088 1101 1
51 171 -0.0012817773979918 1102 1
