32
40000
5
40000
10
2
40000
170
connections
0.69999895
step
0.285
link
1.805
enable
0.22160598338
bias
0.44321196676
node
0.49999925
disable
0.3999994
done
5
170 1000001 1.6575823236793 202 1
1000003 1000002 -1.3870662556841 21 0
122 1000004 -0.29377117221595 20 0
47 1000004 1.1698965422529 201 1
168 1000006 0.56978057191687 200 1
0
170
connections
0.6649990025
step
0.27075
link
1.89999715
enable
0.210525684211
bias
0.421051368422
node
0.5263142105275
disable
0.37999943
done
7
170 1000001 1.6575823236793 202 1
1000003 1000002 -1.3870662556841 21 0
122 1000004 -0.29377117221595 20 0
47 1000004 1.1698965422529 201 1
168 1000006 0.56978057191687 200 1
42 1000004 -1.7039704580828 581 1
1000004 1000006 -0.17377239295633 582 1
40000
10
4
40000
171
connections
0.6649990025
step
0.27075
link
1.71475
enable
0.210525684211
bias
0.46653821257058
node
0.5263142105275
disable
0.421051368422
done
9
170 171 1 245 1
14 1000001 -0.67928098391675 244 0
170 1000001 1.7518205435347 202 0
171 1000001 1.7518205435347 246 1
1000003 1000002 -0.093081453901791 21 0
68 1000002 -1.2228766747032 243 1
122 1000004 -0.16370507675405 20 0
47 1000004 0.75850703451643 201 1
168 1000006 0.21051667836543 200 1
0
172
connections
0.631749052375
step
0.315789
link
1.6290125
enable
0.22160565097102
bias
0.44321130194205
node
0.49999850000112
disable
0.44321130194205
done
10
170 171 1.2157719632862 245 1
14 1000001 -0.70421296252327 244 0
170 1000001 1.8453130539567 202 0
171 1000001 1.9033880841395 246 1
1000003 1000002 1.3475142674032 21 0
68 1000002 -1.0380215213782 243 1
122 1000004 -0.42124557319865 20 0
47 1000004 0.78039359169286 201 1
168 1000006 0.20246944135868 200 1
16 1000004 -0.9838557084872 570 1
0
172
connections
0.69999790000157
step
0.315789
link
1.8049972925
enable
0.22160565097102
bias
0.49109211869817
node
0.55401412742756
disable
0.44321130194205
done
14
170 171 1.0566583309732 245 0
14 1000001 -0.97340508716086 244 0
170 1000001 1.9250144312571 202 0
171 1000001 -1.7961363567003 246 1
1000003 1000002 0.13111360536515 21 0
68 1000002 -1.1005683096103 243 1
122 1000004 -0.016185248176519 20 1
47 1000004 0.51654059196753 201 1
168 1000006 -0.0031157799920654 200 1
59 1000005 -0.37604907376324 571 1
76 1000004 0.34455397198401 572 1
170 1000005 0.3749504074221 573 1
170 172 1 574 1
172 171 1.0566583309732 575 1
0
172
connections
0.69999790000157
step
0.2572125
link
1.6290125
enable
0.19999940000045
bias
0.44321130194205
node
0.55401412742756
disable
0.44321130194205
done
10
170 171 -1.6240119632557 245 1
14 1000001 -0.5041139885403 244 0
170 1000001 1.6184141762291 202 0
171 1000001 1.6945095763268 246 1
1000003 1000002 -0.18193268494217 21 0
68 1000002 -1.2400126617481 243 1
122 1000004 0.064997159871212 20 0
47 1000004 0.65086352084414 201 1
168 1000006 0.020607867290261 200 1
11 1000001 -0.64168218024232 583 1
40000
10
1
40000
171
connections
0.631749052375
step
0.285
link
1.8049972925
enable
0.22160565097102
bias
0.44321130194205
node
0.49999850000112
disable
0.3999988000009
done
12
170 171 1 382 1
166 1000001 0.57454145939512 379 1
170 1000001 1.7547625659963 202 1
171 1000002 1.3694875942259 383 1
1000003 1000002 -1.2014644306772 21 0
170 1000002 1.3694875942259 381 0
127 1000003 -0.66133610034486 361 1
64 1000004 -0.015198217719047 360 1
122 1000004 -0.46556093020417 20 0
47 1000004 0.96194143498032 201 0
67 1000005 1.6596575823237 380 1
168 1000006 1.3801080355235 200 1
40000
10
2
40000
171
connections
0.7368398947385
step
0.315789
link
1.89999715
enable
0.23326910628529
bias
0.421051368422
node
0.5263142105275
disable
0.421051368422
done
9
47 171 1 389 1
165 1000001 -0.092593157750176 387 1
170 1000001 1.9311016452223 202 1
1000003 1000002 -1.1903763633839 21 0
150 1000004 1.8024842066713 388 1
171 1000004 0.52253791924802 390 1
47 1000004 0.52253791924802 201 0
122 1000004 -0.20715977224036 20 1
168 1000006 0.31069808993805 200 1
0
172
connections
0.69999790000157
step
0.33240897507
link
1.8049972925
enable
0.24554605934908
bias
0.44321130194205
node
0.55401412742756
disable
0.44321130194205
done
14
47 171 1.0621764155463 389 0
165 1000001 -0.15046825167926 387 1
170 1000001 1.9982895062376 202 1
1000003 1000002 -1.4122089100881 21 0
150 1000004 1.509659564031 388 1
171 1000004 1.8572954496902 390 0
47 1000004 0.46758447773815 201 0
122 1000004 0.10124701663573 20 1
168 1000006 0.10205355762613 200 1
117 171 1.1750236518448 576 1
142 1000006 -1.4020813623463 577 1
170 1000003 1.8162785729545 578 1
171 172 1 579 1
172 1000004 1.8572954496902 580 1
0
0
1
0
171
connections
0.69999790000157
step
0.285
link
1.9999940000045
enable
0.22160565097102
bias
0.44321130194205
node
0.49999850000112
disable
0.44321130194205
done
11
170 1000001 1.8110293893246 202 1
1000003 1000002 -1.46897624897 21 0
29 1000004 -0.58772545548875 550 1
122 1000004 -0.30916492965484 20 0
47 1000004 1.3215452970977 201 0
168 1000006 0.30899561296426 200 0
92 1000006 1.6081423383282 551 1
152 1000006 0.4943388164922 566 1
165 1000005 0.59993285927915 567 1
168 171 1 568 1
171 1000006 0.30899561296426 569 1
