94
20000
5
20000
92
3
20000
171
connections
0.736841
step
0.315789
link
2.10526
enable
0.19
bias
0.38
node
0.526315
disable
0.38
done
5
170 171 1 18 1
171 1000001 1.2115237891781 19 1
170 1000001 1.2115237891781 17 0
132 1000003 0.3961912900174 15 0
130 1000005 0.28962065492721 16 1
0
172
connections
0.77562094183
step
0.33240897507
link
2.2160598338
enable
0.1805
bias
0.361
node
0.49999925
disable
0.3999994
done
7
170 171 1.118195042834 18 0
171 1000001 -0.56550798059023 19 1
170 1000001 -0.21173741874447 17 0
132 1000003 0.48230902399882 15 1
130 1000005 0.21945027373396 16 1
33 1000006 0.5462202826014 1776 1
131 1000006 0.65364543595691 1777 1
0
171
connections
0.69999895
step
0.33240897507
link
2.2160598338
enable
0.1999997
bias
0.361
node
0.49999925
disable
0.361
done
7
170 171 0.89982181375114 18 1
171 1000001 1.5846961150081 19 1
170 1000001 -1.6806543168432 17 1
132 1000003 0.71567601098299 15 0
130 1000005 -0.27009924327381 16 1
21 171 -0.51814325388348 1782 1
137 1000004 0.71114230780969 1783 1
0
7
2
0
173
connections
0.85941120772179
step
0.33240847645654
link
1.9999940000045
enable
0.18049972925
bias
0.44321130194205
node
0.49999850000112
disable
0.3999988000009
done
12
170 171 0.56481626675378 18 1
6 171 -0.11151463362529 1642 1
170 1000001 -1.6940824610126 17 0
171 1000001 0.75820467512092 19 0
89 1000002 0.07432380058743 1610 0
132 1000003 0.89601660988125 15 0
98 1000005 1.8205978888207 1611 1
130 1000005 0.25983561935065 16 1
51 1000005 0.50898770104068 1643 1
83 1000006 -2.1007109181984 1631 1
93 1000006 0.91329691457869 1632 1
170 1000006 -0.34662923062838 1644 1
0
173
connections
0.8164406473357
step
0.31578805263371
link
1.8999943000043
enable
0.18999943000043
bias
0.42105073684495
node
0.52631342105618
disable
0.42105073684495
done
14
170 171 0.67183937916863 18 1
6 171 -0.0030459141089385 1642 1
170 1000001 -1.6996046801404 17 0
171 1000001 0.85613010017695 19 0
89 1000002 0.13851839327499 1610 0
132 1000003 1.0741057674061 15 0
98 1000005 1.533278658706 1611 1
130 1000005 0.19593014808339 16 1
51 1000005 0.48099111017484 1643 1
83 1000006 -1.8722953587797 1631 1
93 1000006 1.1544723660133 1632 1
170 1000006 -0.53015387085494 1644 1
18 1000002 -1.1414532914212 1784 1
55 1000003 1.86779381695 1785 1
0
6
3
0
172
connections
0.7368398947385
step
0.315789
link
2.10525684211
enable
0.189999715
bias
0.421051368422
node
0.4749992875
disable
0.37999943
done
11
170 171 1.0110541087985 18 1
5 171 -1.5532090212714 1649 1
62 171 -1.0486770226142 1665 1
137 172 1 1667 1
170 1000001 1.0953448165838 17 0
171 1000001 0.91283155378887 19 1
137 1000002 -0.60615863521226 1666 0
172 1000002 -0.60615863521226 1668 1
34 1000002 -0.1270180364391 1650 1
132 1000003 0.59027908172857 15 0
130 1000005 0.1888615376751 16 1
0
172
connections
0.77561977839859
step
0.33240897507
link
2.2160565097102
enable
0.19999940000045
bias
0.44321130194205
node
0.49999850000112
disable
0.3999988000009
done
12
170 171 0.81076874868596 18 1
5 171 -1.4914181015305 1649 1
62 171 -1.2359772608636 1665 1
137 172 0.86644599271229 1667 0
170 1000001 1.352115456801 17 0
171 1000001 1.2275280110674 19 1
137 1000002 -0.54939945019328 1666 0
172 1000002 -0.32571043684774 1668 1
34 1000002 0.082032280931043 1650 1
132 1000003 0.47123189027233 15 0
130 1000005 0.094080292700613 16 1
1000002 1000004 0.070863979003266 1786 1
0
172
connections
0.69999790000157
step
0.315789
link
2.2160565097102
enable
0.18049972925
bias
0.3999988000009
node
0.49999850000112
disable
0.3609994585
done
14
170 171 0.74085005615406 18 1
5 171 -1.3162154820704 1649 1
62 171 -0.88440737617115 1665 1
137 172 -1.7358317819758 1667 1
170 1000001 1.2434043400983 17 0
171 1000001 0.89229423395489 19 1
137 1000002 -0.34061908880886 1666 0
172 1000002 -0.76603362288278 1668 1
34 1000002 -0.19502923590808 1650 1
132 1000003 0.38761399548326 15 0
130 1000005 -0.075386595843379 16 1
48 1000004 0.54206976531266 1787 1
131 1000004 -0.17145298623615 1788 1
106 1000002 -0.16583758049257 1789 1
0
0
1
0
171
connections
0.7368398947385
step
0.2849995725
link
2.3326910628529
enable
0.210525684211
bias
0.37999943
node
0.5263142105275
disable
0.37999943
done
9
170 171 0.95498221419874 18 1
137 171 -1.1740470595416 1771 1
170 1000001 1.3045349109912 17 0
171 1000001 1.5055173055223 19 1
140 1000002 -1.6282845545824 1770 1
132 1000003 0.19763511335032 15 0
130 1000005 -0.5921201208533 16 1
167 171 0.14960173345134 1774 1
26 1000005 -1.4904629657888 1775 1
0
0
1
0
172
connections
0.7368398947385
step
0.315789
link
2.3326910628529
enable
0.189999715
bias
0.421051368422
node
0.4749992875
disable
0.421051368422
done
11
170 171 1.1629864253563 18 1
171 1000001 1.8197643199881 19 1
170 1000001 1.0089150817789 17 0
132 1000003 0.58927149055605 15 0
104 1000004 -1.3341531544237 1759 0
130 1000005 -0.31881282232124 16 1
85 1000005 1.8946018265023 1760 1
17 1000001 -1.509262367626 1778 1
120 1000005 1.4866786706137 1779 1
1 171 0.44172490615558 1780 1
170 1000003 1.4534745323038 1781 1
