159
20000
3
20000
157
4
20000
171
connections
0.736841
step
0.315789
link
2.10526
enable
0.19
bias
0.38
node
0.526315
disable
0.38
done
5
170 171 1 18 1
171 1000001 1.2115237891781 19 1
170 1000001 1.2115237891781 17 0
132 1000003 0.3961912900174 15 0
130 1000005 0.28962065492721 16 1
0
173
connections
0.77562094183
step
0.33240897507
link
2.2160598338
enable
0.1999997
bias
0.361
node
0.49999925
disable
0.3999994
done
9
170 171 1.0135020108341 18 1
171 1000001 1.1708250084841 19 0
170 1000001 1.2115237891781 17 0
132 1000003 0.3961912900174 15 0
130 1000005 0.27045184725486 16 1
60 1000004 0.9075594347972 3072 1
1000003 1000005 -0.018738364818262 3073 1
171 173 1 3074 1
173 1000001 1.1708250084841 3075 1
0
171
connections
0.69999895
step
0.285
link
2.2160598338
enable
0.1805
bias
0.361
node
0.49999925
disable
0.361
done
7
170 171 1.2512178411206 18 1
171 1000001 1.0166501358074 19 1
170 1000001 0.44087038789026 17 0
132 1000003 -0.24384289071322 15 1
130 1000005 0.25932630390332 16 1
145 171 -1.6264534440138 3076 1
112 171 0.74092837305826 3077 1
0
172
connections
0.69999895
step
0.285
link
1.999997
enable
0.1999997
bias
0.361
node
0.49999925
disable
0.3999994
done
9
170 171 0.85847849971007 18 0
171 1000001 1.3899586474197 19 1
170 1000001 1.2523772392956 17 0
132 1000003 0.66210837122715 15 0
130 1000005 0.28265373699149 16 0
117 1000004 -0.21100497451704 3078 1
14 1000001 0.29499191259499 3079 1
170 172 1 3080 1
172 171 0.85847849971007 3081 1
0
7
4
0
172
connections
0.7368398947385
step
0.285
link
1.89999715
enable
0.189999715
bias
0.421051368422
node
0.4749992875
disable
0.34295
done
11
170 171 1.00984977987 18 0
172 171 1.00984977987 2942 1
170 172 1 2941 1
171 1000001 1.1245440014344 19 1
170 1000001 1.258461839259 17 1
132 1000003 0.4053030883816 15 0
145 1000003 2.1702815332499 2922 1
7 1000003 -0.4451429792169 2940 1
76 1000004 0.072983336893826 2923 1
130 1000005 0.53774355342265 16 1
81 1000006 1.6131473738823 2939 1
0
173
connections
0.77561977839859
step
0.27075
link
1.8049972925
enable
0.19999940000045
bias
0.3999988000009
node
0.49999850000112
disable
0.3258025
done
15
170 171 1.0706894127323 18 0
172 171 0.76018666606647 2942 1
170 172 1.2543564333018 2941 1
171 1000001 0.8766747032075 19 1
170 1000001 1.4070037488021 17 1
132 1000003 0.50053285460982 15 0
145 1000003 2.417217894528 2922 1
7 1000003 -0.36384443952757 2940 1
76 1000004 0.091120372631001 2923 1
130 1000005 0.78025100756859 16 0
81 1000006 1.6121475646229 2939 1
115 172 1.6432996612445 3082 1
126 1000001 -1.0287789544359 3083 1
130 173 1 3084 1
173 1000005 0.78025100756859 3085 1
0
172
connections
0.77561977839859
step
0.27075
link
1.8049972925
enable
0.19999940000045
bias
0.44321130194205
node
0.451249323125
disable
0.3258025
done
13
170 171 1.1759255344401 18 1
172 171 1.1337517620472 2942 1
170 172 0.95507468642232 2941 1
171 1000001 1.3062035598315 19 1
170 1000001 1.0557484462111 17 1
132 1000003 0.67169028434095 15 0
145 1000003 2.3845960188604 2922 1
7 1000003 -0.52916827143162 2940 1
76 1000004 -0.010992378002258 2923 1
130 1000005 0.33884761391034 16 1
81 1000006 0.98239082003235 2939 1
168 1000004 0.2982879116184 3086 1
161 171 0.070009460737937 3087 1
0
172
connections
0.77561977839859
step
0.27075
link
1.8049972925
enable
0.18049972925
bias
0.44321130194205
node
0.49999850000112
disable
0.3258025
done
14
170 171 0.99362973378704 18 0
172 171 1.1233239993591 2942 1
170 172 1.4166081728568 2941 1
171 1000001 1.6168095950194 19 1
170 1000001 1.378628996765 17 1
132 1000003 0.16096127344584 15 0
145 1000003 2.2447384029664 2922 1
7 1000003 -0.59165221869564 2940 1
76 1000004 0.048252517777032 2923 1
130 1000005 0.72138620456557 16 0
81 1000006 1.4055093005158 2939 1
8 172 -1.7127597888119 3091 1
130 172 -1.1944334238716 3092 1
170 1000003 0.69771416364025 3093 1
0
4
2
0
173
connections
0.69999895
step
0.29999955
link
2.2160598338
enable
0.1805
bias
0.361
node
0.49999925
disable
0.3999994
done
10
170 171 1.8790246284371 18 1
1000004 171 -0.78975798821986 2999 1
130 173 1 3002 1
171 1000001 1.0358015270501 19 1
170 1000001 1.4729968306055 17 0
170 1000002 0.2831507309183 3001 1
132 1000003 -0.13519699697867 15 0
137 1000005 -0.84273812067019 3000 1
130 1000005 0.34803132168045 16 0
173 1000005 0.34803132168045 3003 1
0
173
connections
0.6649990025
step
0.315789
link
2.3326910628529
enable
0.171475
bias
0.37999943
node
0.4749992875
disable
0.421051368422
done
13
170 171 2.0156156345408 18 1
1000004 171 -0.77916647508164 2999 1
130 173 0.9760895868099 3002 1
171 1000001 1.1356354529817 19 1
170 1000001 1.1413312173833 17 0
170 1000002 0.46453641679128 3001 1
132 1000003 1.0091250343333 15 0
137 1000005 -1.0848780365917 3000 1
130 1000005 0.53994105882453 16 0
173 1000005 0.26515923662536 3003 1
42 1000004 -0.59456160161138 3088 1
112 1000003 -1.7680593279824 3089 1
1000006 1000005 -0.69771416364025 3090 1
