137
20000
4
20000
135
4
20000
171
connections
0.736841
step
0.315789
link
2.10526
enable
0.19
bias
0.38
node
0.526315
disable
0.38
done
5
170 171 1 18 1
171 1000001 1.2115237891781 19 1
170 1000001 1.2115237891781 17 0
132 1000003 0.3961912900174 15 0
130 1000005 0.28962065492721 16 1
0
172
connections
0.77562094183
step
0.29999955
link
2.2160598338
enable
0.1805
bias
0.361
node
0.55401495845
disable
0.3999994
done
7
170 171 1.0315957654668 18 1
171 1000001 1.3581039703207 19 1
170 1000001 1.0277263415555 17 0
132 1000003 0.45210416735893 15 0
130 1000005 0.5332403950911 16 0
19 1000005 0.52131717886898 2657 1
36 1000004 0.62923062837611 2658 1
0
172
connections
0.77562094183
step
0.29999955
link
1.999997
enable
0.1999997
bias
0.361
node
0.49999925
disable
0.3999994
done
7
170 171 1 18 1
171 1000001 1.2115237891781 19 0
170 1000001 1.2115237891781 17 0
132 1000003 0.3961912900174 15 0
130 1000005 0.28962065492721 16 1
169 1000001 1.3664357432783 2659 1
103 1000006 0.079775383770257 2660 1
0
172
connections
0.77562094183
step
0.29999955
link
2.2160598338
enable
0.1999997
bias
0.3999994
node
0.55401495845
disable
0.3999994
done
8
170 171 1 18 1
171 1000001 1.5022579335994 19 1
170 1000001 1.2115237891781 17 0
132 1000003 0.3961912900174 15 0
130 1000005 0.27373579457228 16 1
23 171 1.6871242408521 2661 0
62 1000004 1.557481612598 2662 1
170 1000005 1.727896969512 2663 1
0
11
2
0
172
connections
0.7368398947385
step
0.285
link
1.89999715
enable
0.189999715
bias
0.34295
node
0.5263142105275
disable
0.37999943
done
10
170 171 1.1826862418821 18 1
152 172 1 2451 1
38 1000001 -0.037171544541765 2450 1
171 1000001 0.91047123001812 19 1
170 1000001 1.1028778954436 17 0
132 1000003 0.82332667012543 15 0
130 1000005 0.55033748023167 16 1
161 1000006 0.85765541550951 2423 1
152 1000006 -0.94525391399884 2424 0
172 1000006 -0.94525391399884 2452 1
0
172
connections
0.77561977839859
step
0.29999955
link
1.9999940000045
enable
0.18049972925
bias
0.3609994585
node
0.55401412742756
disable
0.3999988000009
done
13
170 171 1.1826862418821 18 0
152 172 1 2451 1
38 1000001 -0.037171544541765 2450 1
171 1000001 0.91047123001812 19 1
170 1000001 1.1028778954436 17 0
132 1000003 0.82332667012543 15 0
130 1000005 0.55033748023167 16 1
161 1000006 0.85765541550951 2423 1
152 1000006 -0.94525391399884 2424 0
172 1000006 -0.94525391399884 2452 1
21 172 1.8095645008698 2664 1
156 1000002 0.0066530350657672 2665 1
170 172 -0.82747886593219 2666 1
0
7
3
0
174
connections
0.81644187199851
step
0.3157885263165
link
2.3326910628529
enable
0.171475
bias
0.421051368422
node
0.5263142105275
disable
0.37999943
done
11
170 171 1.3010392539127 18 1
59 171 0.27497548786369 2504 1
171 173 0.91784120649287 2506 1
171 1000001 1.1403455393465 19 1
1000006 1000001 0.16779076509903 2518 1
170 1000001 0.94582281772288 17 0
1 1000001 0.057606263943219 2505 1
173 1000001 1.1837452657861 2507 1
132 1000003 0.11470986144838 15 0
130 1000005 0.36043572713171 16 1
131 1000006 -0.82320627460555 2519 1
0
174
connections
0.77561977839859
step
0.29999910000067
link
2.4554605934908
enable
0.18049972925
bias
0.44321130194205
node
0.49999850000112
disable
0.3609994585
done
15
170 171 1.3010392539127 18 1
59 171 0.27497548786369 2504 1
171 173 0.91784120649287 2506 1
171 1000001 1.1403455393465 19 1
1000006 1000001 0.16779076509903 2518 1
170 1000001 0.94582281772288 17 0
1 1000001 0.057606263943219 2505 1
173 1000001 1.1837452657861 2507 1
132 1000003 0.11470986144838 15 0
130 1000005 0.36043572713171 16 1
131 1000006 -0.82320627460555 2519 1
92 173 -0.86324655903806 2667 1
76 1000005 0.1026032288583 2668 1
71 171 -1.0717490157781 2669 1
170 1000003 1.9044160283212 2670 1
0
174
connections
0.85941120772179
step
0.33240847645654
link
2.2160565097102
enable
0.16290125
bias
0.3999988000009
node
0.49999850000112
disable
0.3609994585
done
14
170 171 0.99297784442893 18 1
59 171 0.10463732055568 2504 1
171 173 0.63205736328912 2506 1
171 1000001 1.450517027968 19 1
1000006 1000001 0.083519479539645 2518 1
170 1000001 1.2442874249749 17 0
1 1000001 -0.18185728434489 2505 1
173 1000001 1.4304926449436 2507 1
132 1000003 0.38276092420698 15 0
130 1000005 0.18259054750711 16 1
131 1000006 -0.85060686956112 2519 1
162 1000002 -1.4992522965178 2671 1
133 1000003 -0.503494369335 2672 1
88 1000006 -0.55671864986114 2673 1
0
2
1
0
172
connections
0.7368398947385
step
0.285
link
2.10525684211
enable
0.210525684211
bias
0.421051368422
node
0.5263142105275
disable
0.37999943
done
12
170 171 0.79379373374963 18 1
151 171 1.0530214850307 2604 1
171 172 1 2620 1
172 1000001 1.1696231171363 2621 1
170 1000001 1.0530790440794 17 0
171 1000001 1.1696231171363 19 0
162 1000002 0.82503738517411 2617 1
135 1000003 1.8821985534227 2618 1
168 1000003 1.7610597552416 2603 1
132 1000003 0.24703361205821 15 1
170 1000003 -0.74691000091556 2619 1
130 1000005 -0.29911816766869 16 1
