73
20000
6
20000
71
2
20000
171
connections
0.736841
step
0.315789
link
2.10526
enable
0.19
bias
0.38
node
0.526315
disable
0.38
done
5
170 171 1 18 1
171 1000001 1.2115237891781 19 1
170 1000001 1.2115237891781 17 0
132 1000003 0.3961912900174 15 0
130 1000005 0.28962065492721 16 1
0
172
connections
0.77562094183
step
0.29999955
link
2.2160598338
enable
0.1999997
bias
0.3999994
node
0.55401495845
disable
0.3999994
done
9
170 171 0.99924009025391 18 0
171 1000001 1.4028837121052 19 1
170 1000001 1.4669907969497 17 0
132 1000003 0.20750478451033 15 0
130 1000005 0.36845900219886 16 1
80 1000006 0.17169713431196 1378 1
68 1000006 -0.172917874691 1379 1
170 172 1 1380 1
172 171 0.99924009025391 1381 1
0
14
4
0
172
connections
0.69999895
step
0.29999955
link
2.2160598338
enable
0.1805
bias
0.361
node
0.49999925
disable
0.3999994
done
9
170 171 1.7947935422834 18 1
6 171 -0.071474349192785 1110 0
172 171 -0.071474349192785 1112 1
6 172 1 1111 1
171 1000001 1.0117590813486 19 0
170 1000001 1.4186312393735 17 0
132 1000003 0.34377582861568 15 0
130 1000004 0.62630085146641 1109 1
130 1000005 -0.24331794049771 16 1
0
173
connections
0.7368398947385
step
0.2849995725
link
2.3326910628529
enable
0.189999715
bias
0.34295
node
0.4749992875
disable
0.37999943
done
15
170 171 1.8549907541512 18 1
6 171 0.012206820490814 1110 0
172 171 -0.14819730915319 1112 1
6 172 1.1592821183261 1111 1
171 1000001 0.94015040553476 19 0
170 1000001 1.5185424332364 17 0
132 1000003 -1.758415478988 15 0
130 1000004 0.37595316338794 1109 1
130 1000005 -0.046565862812161 16 1
122 171 -1.7686696981719 1372 0
142 1000005 -0.2217474898526 1373 1
172 1000003 1.7193517868587 1374 1
170 1000002 1.1435285500656 1375 1
122 173 1 1376 1
173 171 -1.7686696981719 1377 1
0
172
connections
0.7368398947385
step
0.3157885263165
link
2.3326910628529
enable
0.189999715
bias
0.34295
node
0.4749992875
disable
0.421051368422
done
12
170 171 1.5207927612627 18 1
6 171 0.10626812924147 1110 0
172 171 -0.33425720227888 1112 1
6 172 0.82590045692594 1111 1
171 1000001 1.6320688497574 19 0
170 1000001 1.596470091759 17 0
132 1000003 0.40752719741916 15 0
130 1000004 0.84390359616993 1109 1
130 1000005 -0.46606705420215 16 1
77 172 -1.4587237159337 1382 1
103 1000005 -0.24091311380352 1383 1
126 1000006 -1.7455977050081 1384 1
0
173
connections
0.7368398947385
step
0.315789
link
2.3326910628529
enable
0.171475
bias
0.34295
node
0.4749992875
disable
0.37999943
done
15
170 171 1.0453810235908 18 1
6 171 -0.17633900292978 1110 0
172 171 -0.23333464323862 1112 1
6 172 0.70705166072573 1111 1
171 1000001 1.2118991662816 19 0
170 1000001 1.4469748609745 17 0
132 1000003 0.14280692645802 15 0
130 1000004 0.69201834745323 1109 1
130 1000005 0.037892033897257 16 0
156 1000001 1.420270393994 1385 1
54 171 -0.50544755394147 1386 1
95 1000005 0.48164311655019 1387 1
170 172 -1.1414532914212 1388 0
170 173 1 1389 1
173 172 -1.1414532914212 1390 1
0
8
1
0
173
connections
0.7368398947385
step
0.285
link
1.89999715
enable
0.189999715
bias
0.34295
node
0.5263142105275
disable
0.34295
done
13
170 171 1.047317893053 18 0
172 171 1.047317893053 1215 1
170 172 1 1214 1
37 173 1 1235 1
16 1000001 0.50556962797937 1233 1
44 1000001 0.98361156041139 1234 1
171 1000001 1.4807424166921 19 0
170 1000001 1.0701164876324 17 0
68 1000001 1.0458693197424 1212 1
132 1000003 0.35355394438459 15 0
37 1000004 -1.5058442945647 1213 0
173 1000004 -1.5058442945647 1236 1
130 1000005 0.30762960035554 16 1
0
1
1
0
172
connections
0.7368398947385
step
0.285
link
2.10525684211
enable
0.210525684211
bias
0.37999943
node
0.4749992875
disable
0.37999943
done
11
170 171 1.2755247149312 18 1
143 171 -1.3339640491958 1340 1
130 172 1 1341 1
115 1000001 -1.3842585528123 1339 1
170 1000001 0.78763886488083 17 0
171 1000001 1.5398850845622 19 1
96 1000002 0.25515472884304 1325 1
132 1000003 -1.6801660206915 15 0
100 1000004 -0.99269188512833 1326 1
130 1000005 0.20697511784265 16 0
172 1000005 0.20697511784265 1342 1
0
0
1
0
172
connections
0.77562094183
step
0.315789
link
2.2160598338
enable
0.1805
bias
0.361
node
0.49999925
disable
0.3999994
done
10
170 171 0.7265577777337 18 1
171 1000001 0.92208346699423 19 1
170 1000001 0.98254857475509 17 0
132 1000003 0.11636910260323 15 0
130 1000005 0.071863385265664 16 1
27 1000001 -0.1238441114536 1363 1
152 1000005 -0.24445326090274 1364 1
80 1000002 1.4947355571154 1365 0
80 172 1 1366 1
172 1000002 1.4947355571154 1367 1
0
0
1
0
172
connections
0.77562094183
step
0.285
link
2.2160598338
enable
0.1805
bias
0.361
node
0.55401495845
disable
0.3999994
done
9
170 171 1.2763022247993 18 1
171 1000001 0.97413541062655 19 0
170 1000001 1.4761362041078 17 0
132 1000003 -1.237159337138 15 0
130 1000005 0.20035538804285 16 1
78 1000002 1.8277535325175 1368 1
151 1000006 0.8462782677694 1369 1
171 172 1 1370 1
172 1000001 0.97413541062655 1371 1
