139
20000
5
20000
137
3
20000
171
connections
0.736841
step
0.315789
link
2.10526
enable
0.19
bias
0.38
node
0.526315
disable
0.38
done
5
170 171 1 18 1
171 1000001 1.2115237891781 19 1
170 1000001 1.2115237891781 17 0
132 1000003 0.3961912900174 15 0
130 1000005 0.28962065492721 16 1
0
174
connections
0.77562094183
step
0.33240897507
link
2.2160598338
enable
0.1999997
bias
0.3999994
node
0.55401495845
disable
0.361
done
7
170 171 1 18 1
171 1000001 1.2115237891781 19 1
170 1000001 1.2115237891781 17 0
132 1000003 0.3961912900174 15 0
130 1000005 0.28962065492721 16 1
9 171 1.1423078096866 2698 1
111 1000004 -1.9586169011505 2699 1
0
172
connections
0.77562094183
step
0.315789
link
1.999997
enable
0.1999997
bias
0.3999994
node
0.55401495845
disable
0.361
done
7
170 171 1 18 1
171 1000001 1.2115237891781 19 1
170 1000001 1.2115237891781 17 0
132 1000003 0.3961912900174 15 0
130 1000005 0.28962065492721 16 0
14 1000005 0.76607562486648 2704 1
135 1000005 1.2470473342082 2705 1
0
13
3
0
172
connections
0.7368398947385
step
0.285
link
1.89999715
enable
0.189999715
bias
0.34295
node
0.5263142105275
disable
0.37999943
done
10
170 171 1.1826862418821 18 1
152 172 1 2451 1
170 1000001 1.1028778954436 17 0
38 1000001 -0.037171544541765 2450 1
171 1000001 0.91047123001812 19 1
132 1000003 0.82332667012543 15 0
130 1000005 0.55033748023167 16 1
161 1000006 0.85765541550951 2423 1
152 1000006 -0.94525391399884 2424 0
172 1000006 -0.94525391399884 2452 1
0
173
connections
0.69999790000157
step
0.27075
link
1.8049972925
enable
0.19999940000045
bias
0.3258025
node
0.49999850000112
disable
0.3609994585
done
14
170 171 1.4243013042924 18 0
152 172 0.76530923642689 2451 1
170 1000001 1.2502299493393 17 0
38 1000001 -0.29959255500961 2450 1
171 1000001 1.1582338799403 19 1
132 1000003 0.86248448896756 15 0
130 1000005 0.60160869059575 16 1
161 1000006 0.50740073854793 2423 1
152 1000006 -1.0939610812708 2424 0
172 1000006 -0.73903705710013 2452 1
106 1000004 1.4323557237465 2706 1
1000004 1000004 -1.1780755027924 2707 1
170 173 1 2708 1
173 171 1.4243013042924 2709 1
0
172
connections
0.69999790000157
step
0.29999955
link
1.9999940000045
enable
0.18049972925
bias
0.3258025
node
0.49999850000112
disable
0.3609994585
done
12
170 171 1.1826862418821 18 1
152 172 1 2451 1
170 1000001 1.1028778954436 17 0
38 1000001 -0.037171544541765 2450 1
171 1000001 0.91047123001812 19 1
132 1000003 0.82332667012543 15 0
130 1000005 0.55033748023167 16 1
161 1000006 0.85765541550951 2423 1
152 1000006 -0.94525391399884 2424 0
172 1000006 -0.94525391399884 2452 1
154 1000002 1.4648274178289 2710 1
60 1000004 -0.33112582781457 2711 1
0
9
2
0
174
connections
0.81644187199851
step
0.3157885263165
link
2.3326910628529
enable
0.171475
bias
0.421051368422
node
0.5263142105275
disable
0.37999943
done
11
170 171 1.3010392539127 18 1
59 171 0.27497548786369 2504 1
171 173 0.91784120649287 2506 1
171 1000001 1.1403455393465 19 1
1000006 1000001 0.16779076509903 2518 1
170 1000001 0.94582281772288 17 0
1 1000001 0.057606263943219 2505 1
173 1000001 1.1837452657861 2507 1
132 1000003 0.11470986144838 15 0
130 1000005 0.36043572713171 16 1
131 1000006 -0.82320627460555 2519 1
0
175
connections
0.85941120772179
step
0.33240847645654
link
2.2160565097102
enable
0.18049972925
bias
0.44321130194205
node
0.49999850000112
disable
0.3609994585
done
16
170 171 1.1642391713597 18 1
59 171 0.3976339823501 2504 1
171 173 0.58932826075197 2506 1
171 1000001 1.4183586103415 19 1
1000006 1000001 0.46767561792449 2518 1
170 1000001 0.91235574524661 17 0
1 1000001 0.36633721776877 2505 1
173 1000001 1.3225945598094 2507 1
132 1000003 -0.094522745348586 15 0
130 1000005 0.28462504734535 16 1
131 1000006 -0.66552858212336 2519 1
141 1000006 -1.1497543259987 2712 1
85 171 -0.013000885036775 2713 1
157 1000005 1.8404492324595 2714 0
157 175 1 2715 1
175 1000005 1.8404492324595 2716 1
0
0
1
0
174
connections
0.77562094183
step
0.29999955
link
1.999997
enable
0.1805
bias
0.361
node
0.55401495845
disable
0.3999994
done
9
170 171 -1.9329813531907 18 1
171 1000001 -1.469832453383 19 1
170 1000001 1.1079654863109 17 0
132 1000003 0.37322004239174 15 0
130 1000005 0.068157319408246 16 1
109 171 1.7592699972533 2694 0
67 1000006 -0.4760277108066 2695 1
109 174 1 2696 1
174 171 1.7592699972533 2697 0
0
0
1
0
174
connections
0.81644187199851
step
0.3157885263165
link
2.10525684211
enable
0.171475
bias
0.34295
node
0.5263142105275
disable
0.37999943
done
12
170 171 1.0232164848749 18 1
170 1000001 1.1833922327855 17 1
171 1000001 1.2333332143637 19 0
7 1000001 2.096903999271 2676 1
170 1000002 -1.3688740031482 2678 1
79 1000003 1.0477481635378 2677 1
132 1000003 0.63441806030511 15 1
130 1000005 0.49718123390235 16 1
169 1000006 -0.36457411420026 2700 1
58 1000003 -1.0530716879788 2701 1
171 174 1 2702 1
174 1000001 1.2333332143637 2703 1
