49
20000
6
20000
47
2
20000
171
connections
0.736841
step
0.315789
link
2.10526
enable
0.19
bias
0.38
node
0.526315
disable
0.38
done
5
170 171 1 18 1
171 1000001 1.2115237891781 19 1
170 1000001 1.2115237891781 17 0
132 1000003 0.3961912900174 15 0
130 1000005 0.28962065492721 16 1
0
172
connections
0.69999895
step
0.315789
link
1.999997
enable
0.1805
bias
0.361
node
0.55401495845
disable
0.361
done
9
170 171 1.1590268956267 18 0
171 1000001 1.1437053379009 19 1
170 1000001 1.2485410794092 17 0
132 1000003 0.27777643839839 15 0
130 1000005 0.30248659672842 16 1
166 1000004 -1.1839350566118 931 1
48 1000002 1.1635486922819 932 1
170 172 1 933 1
172 171 1.1590268956267 934 1
0
6
3
0
171
connections
0.7368398947385
step
0.315789
link
2.10525684211
enable
0.189999715
bias
0.421051368422
node
0.58317276571322
disable
0.37999943
done
9
170 171 1.1207731621754 18 1
41 1000001 0.096377452925199 793 1
170 1000001 1.1171977660146 17 0
171 1000001 -1.391464188818 19 1
132 1000003 0.39767397421186 15 0
29 1000005 -0.70682765681936 770 1
13 1000005 -1.190038758507 792 1
130 1000005 0.353666879635 16 1
150 1000006 -2.0292942074343 769 0
0
172
connections
0.77561977839859
step
0.33240897507
link
1.9999940000045
enable
0.19999940000045
bias
0.44321130194205
node
0.55401412742756
disable
0.3609994585
done
13
170 171 0.91549664584669 18 1
41 1000001 0.13049383169532 793 1
170 1000001 1.0451404843006 17 0
171 1000001 -1.3234038899275 19 0
132 1000003 0.47677162668602 15 0
29 1000005 -0.35248878444777 770 1
13 1000005 -1.2322708384416 792 1
130 1000005 0.37571115292297 16 1
150 1000006 -2.2341243601989 769 0
73 1000004 0.81221961119419 919 1
141 1000004 -0.97116000854518 920 1
171 172 1 921 1
172 1000001 -1.3234038899275 922 1
0
172
connections
0.77561977839859
step
0.315789
link
1.9999940000045
enable
0.19999940000045
bias
0.3999988000009
node
0.61386514837271
disable
0.3999988000009
done
14
170 171 1.2674834483474 18 0
41 1000001 -0.08689716522721 793 1
170 1000001 1.1848620187384 17 0
171 1000001 -1.1707771466414 19 1
132 1000003 0.68422307351909 15 0
29 1000005 -0.6825317472457 770 1
13 1000005 -1.1240706898709 792 1
130 1000005 0.24039840473647 16 1
150 1000006 -1.7652580969268 769 0
21 171 -0.36652729880673 923 1
113 171 -1.2165288247322 924 0
170 1000002 -1.7506027405622 925 1
113 172 1 926 1
172 171 -1.2165288247322 927 1
0
3
2
0
173
connections
0.7368398947385
step
0.285
link
2.10525684211
enable
0.189999715
bias
0.421051368422
node
0.5263142105275
disable
0.37999943
done
14
170 171 1.262289317009 18 1
31 171 -0.95736564226203 846 1
130 172 1 827 1
171 173 1 848 1
171 1000001 0.92766699632454 19 0
173 1000001 0.92766699632454 849 1
170 1000001 1.3170989167014 17 1
36 1000002 -1.0262153996399 825 0
170 1000002 -0.93160802026429 847 0
132 1000002 1.8717001861629 826 1
132 1000003 0.56021975517767 15 0
130 1000005 0.56767472144821 16 0
172 1000005 0.56767472144821 828 1
1000002 1000005 -0.53975035859249 845 1
0
173
connections
0.69999790000157
step
0.29999955
link
1.9999940000045
enable
0.19999940000045
bias
0.44321130194205
node
0.55401412742756
disable
0.3999988000009
done
17
170 171 1.378207597674 18 1
31 171 -0.95829035171209 846 1
130 172 0.71455775718406 827 1
171 173 0.98186287702414 848 1
171 1000001 1.0843457371049 19 0
173 1000001 1.0409851038825 849 1
170 1000001 1.4458715742761 17 1
36 1000002 -1.1075440535493 825 0
170 1000002 -0.65328878687552 847 0
132 1000002 1.5780179581484 826 1
132 1000003 0.47054124960042 15 0
130 1000005 0.35450630436243 16 0
172 1000005 -1.9433576464125 828 1
1000002 1000005 -0.57759331034272 845 1
45 1000006 -0.91671498764 928 1
84 173 -0.17389446699423 929 1
170 1000003 1.1192358165227 930 1
0
0
1
0
171
connections
0.81644187199851
step
0.315789
link
1.89999715
enable
0.189999715
bias
0.37999943
node
0.4749992875
disable
0.37999943
done
9
170 171 1.4282052064577 18 1
170 1000001 1.4895437809992 17 0
10 1000001 0.58223212378307 888 1
171 1000001 -0.79649429142125 19 1
128 1000002 -0.69834076390881 887 1
132 1000003 0.3899269737846 15 0
130 1000005 0.44373299572741 16 1
97 1000002 -1.0925016022217 908 1
13 1000004 0.79183324686422 909 1
0
0
1
0
172
connections
0.7368398947385
step
0.33240897507
link
2.10525684211
enable
0.171475
bias
0.37999943
node
0.5263142105275
disable
0.37999943
done
12
170 171 0.85076471251564 18 1
170 1000001 1.1982145265358 17 0
10 1000001 -0.58980071413312 888 1
171 1000001 -0.62569048127689 19 1
128 1000002 -0.81014435254982 887 0
132 1000003 0.26711746339305 15 1
130 1000005 0.63899655140843 16 1
166 171 1.0075380718406 910 1
95 171 0.2371288186285 911 1
170 1000003 0.98495437482833 912 1
128 172 1 913 1
172 1000002 -0.81014435254982 914 1
0
0
1
0
172
connections
0.7368398947385
step
0.285
link
1.89999715
enable
0.189999715
bias
0.421051368422
node
0.4749992875
disable
0.421051368422
done
11
170 171 1.12945012772 18 1
170 1000001 1.0957808279977 17 0
10 1000001 -0.78912762840663 888 0
171 1000001 -0.49102282784509 19 1
128 1000002 -0.84040391247291 887 1
132 1000003 0.16823245713675 15 0
130 1000005 0.67056077761162 16 1
7 1000003 0.81185338908048 915 1
51 1000001 1.9792474135563 916 1
10 172 1 917 1
172 1000001 -0.78912762840663 918 1
