46
20000
6
20000
44
2
20000
171
connections
0.736841
step
0.315789
link
2.10526
enable
0.19
bias
0.38
node
0.526315
disable
0.38
done
5
170 171 1 18 1
171 1000001 1.2115237891781 19 1
170 1000001 1.2115237891781 17 0
132 1000003 0.3961912900174 15 0
130 1000005 0.28962065492721 16 1
0
172
connections
0.69999895
step
0.285
link
2.2160598338
enable
0.1999997
bias
0.361
node
0.55401495845
disable
0.3999994
done
9
170 171 0.94968337046419 18 1
171 1000001 1.3264127018036 19 1
170 1000001 0.98323328348643 17 0
132 1000003 0.66036881618702 15 0
130 1000005 0.49574922940764 16 1
52 1000004 -0.54475539414655 850 1
80 1000003 0.16620380260628 851 0
80 172 1 852 0
172 1000003 0.16620380260628 853 1
0
12
3
0
171
connections
0.81644187199851
step
0.2849995725
link
1.89999715
enable
0.210525684211
bias
0.37999943
node
0.4749992875
disable
0.37999943
done
10
170 171 1.0755574598318 18 1
170 1000001 1.2932566601392 17 0
171 1000001 1.4153210542084 19 1
37 1000001 1.7300943021943 617 1
147 1000001 1.4529862361522 618 1
132 1000003 0.60355463753082 15 0
138 1000003 1.6513414059494 597 1
133 1000003 -0.46393466201918 598 1
170 1000004 0.84304760834933 599 1
130 1000005 0.28816750221587 16 1
0
172
connections
0.85941120772179
step
0.29999910000067
link
1.9999940000045
enable
0.19999940000045
bias
0.3609994585
node
0.49999850000112
disable
0.3609994585
done
14
170 171 0.89948755132281 18 0
170 1000001 0.7084566789758 17 0
171 1000001 1.5498065664589 19 1
37 1000001 1.5460957087096 617 0
147 1000001 1.4386395278878 618 1
132 1000003 0.51878362807295 15 0
138 1000003 1.6823145482969 597 1
133 1000003 -0.52704369843706 598 1
170 1000004 0.97264407004889 599 1
130 1000005 0.062273224609847 16 1
138 1000001 0.055482650227363 856 1
135 171 -0.044862208929716 857 1
37 172 1 858 1
172 1000001 1.5460957087096 859 1
0
172
connections
0.85941120772179
step
0.29999910000067
link
1.9999940000045
enable
0.19999940000045
bias
0.3609994585
node
0.49999850000112
disable
0.3999988000009
done
15
170 171 1.0363260335949 18 1
170 1000001 1.2549774085415 17 0
171 1000001 1.4909365382901 19 1
37 1000001 1.6337323976102 617 1
147 1000001 1.5356148526721 618 1
132 1000003 0.72998328745023 15 0
138 1000003 1.5054297980295 597 1
133 1000003 -0.32895475139844 598 1
170 1000004 1.0678066008087 599 0
130 1000005 0.14427010987875 16 0
107 1000001 -1.2927030243843 862 1
6 171 -0.19635608996857 863 1
170 1000003 -0.2340769676809 864 1
170 172 1 865 1
172 1000004 1.0678066008087 866 1
0
3
2
0
171
connections
0.7368398947385
step
0.315789
link
2.10525684211
enable
0.189999715
bias
0.421051368422
node
0.58317276571322
disable
0.37999943
done
9
170 171 1.1207731621754 18 1
170 1000001 1.1171977660146 17 0
41 1000001 0.096377452925199 793 1
171 1000001 -1.391464188818 19 1
132 1000003 0.39767397421186 15 0
29 1000005 -0.70682765681936 770 1
130 1000005 0.353666879635 16 1
13 1000005 -1.190038758507 792 1
150 1000006 -2.0292942074343 769 0
0
171
connections
0.77561977839859
step
0.33240897507
link
2.2160565097102
enable
0.19999940000045
bias
0.3999988000009
node
0.55401412742756
disable
0.3999988000009
done
11
170 171 1.0261136527183 18 1
170 1000001 1.1848319905939 17 0
41 1000001 0.049478844821051 793 1
171 1000001 -1.2683997252854 19 1
132 1000003 0.33243388147602 15 0
29 1000005 -1.0154779167304 770 1
130 1000005 0.26172613006807 16 1
13 1000005 -1.0975096206057 792 1
150 1000006 -2.3509295892085 769 0
70 1000004 -1.0650349436933 860 1
40 1000002 -0.65462202826014 861 1
0
3
1
0
171
connections
0.7368398947385
step
0.27075
link
2.10525684211
enable
0.189999715
bias
0.37999943
node
0.58317276571322
disable
0.421051368422
done
10
170 171 1.0403489791559 18 1
170 1000001 0.956339762566 17 0
25 1000001 1.4828943754387 796 1
171 1000001 -1.4283272804956 19 1
167 1000003 1.3724173711356 795 1
132 1000003 0.32715704824976 15 1
130 1000005 0.1772540971099 16 1
29 1000005 -0.50849940488907 770 1
112 1000006 1.5898312326426 794 1
150 1000006 -1.7965025788141 769 0
0
0
1
0
173
connections
0.7368398947385
step
0.285
link
2.10525684211
enable
0.189999715
bias
0.421051368422
node
0.5263142105275
disable
0.37999943
done
14
170 171 1.262289317009 18 1
130 172 1 827 1
170 1000001 1.3170989167014 17 1
171 1000001 0.92766699632454 19 0
132 1000002 1.8717001861629 826 1
36 1000002 -1.0262153996399 825 0
132 1000003 0.56021975517767 15 0
130 1000005 0.56767472144821 16 0
172 1000005 0.56767472144821 828 1
1000002 1000005 -0.53975035859249 845 1
31 171 -0.95736564226203 846 1
170 1000002 -0.93160802026429 847 0
171 173 1 848 1
173 1000001 0.92766699632454 849 1
0
0
1
0
172
connections
0.7368398947385
step
0.3157885263165
link
2.10525684211
enable
0.171475
bias
0.421051368422
node
0.5263142105275
disable
0.421051368422
done
11
170 171 1.4466623232947 18 1
130 172 1.0396771557617 827 1
170 1000001 1.3717140349189 17 1
171 1000001 1.2308305350171 19 0
132 1000002 1.3508102664266 826 1
36 1000002 -0.94758389275136 825 0
132 1000003 -0.73079622791223 15 0
130 1000005 0.30971056592852 16 0
172 1000005 0.39534845907859 828 1
143 1000004 1.0411084322642 854 1
53 172 -1.7816095461898 855 1
