79
20000
6
20000
77
1
20000
171
connections
0.736841
step
0.315789
link
2.10526
enable
0.19
bias
0.38
node
0.526315
disable
0.38
done
5
170 171 1 18 1
171 1000001 1.2115237891781 19 1
170 1000001 1.2115237891781 17 0
132 1000003 0.3961912900174 15 0
130 1000005 0.28962065492721 16 1
0
14
2
0
173
connections
0.7368398947385
step
0.285
link
1.89999715
enable
0.189999715
bias
0.34295
node
0.5263142105275
disable
0.34295
done
13
170 171 1.047317893053 18 0
172 171 1.047317893053 1215 1
170 172 1 1214 1
37 173 1 1235 1
16 1000001 0.50556962797937 1233 1
44 1000001 0.98361156041139 1234 1
171 1000001 1.4807424166921 19 0
170 1000001 1.0701164876324 17 0
68 1000001 1.0458693197424 1212 1
132 1000003 0.35355394438459 15 0
37 1000004 -1.5058442945647 1213 0
173 1000004 -1.5058442945647 1236 1
130 1000005 0.30762960035554 16 1
0
173
connections
0.73683878947866
step
0.3157885263165
link
1.8999943000043
enable
0.18999943000043
bias
0.37999886000085
node
0.47499857500107
disable
0.37999886000085
done
18
170 171 0.83769491151941 18 0
172 171 1.1204753595061 1215 1
170 172 0.8104035255524 1214 1
37 173 1.2543983193206 1235 1
16 1000001 0.42183030167046 1233 1
50 1000001 -1.7224202860865 1478 1
171 1000001 1.3570271753723 19 0
44 1000001 0.67295012830554 1234 1
68 1000001 1.2543165390698 1212 1
170 1000001 1.2241895236205 17 0
132 1000003 0.62050015216806 15 0
173 1000004 -1.3039119543471 1236 1
37 1000004 -1.2822470900885 1213 0
130 1000005 0.041666406875624 16 1
18 1000006 -0.10103927402209 1477 1
170 1000006 -1.0611389930267 1479 1
95 1000005 1.28537858211 1495 1
173 172 0.28046510208441 1496 1
0
7
2
0
172
connections
0.7368398947385
step
0.285
link
2.10525684211
enable
0.210525684211
bias
0.37999943
node
0.4749992875
disable
0.37999943
done
11
170 171 1.2755247149312 18 1
143 171 -1.3339640491958 1340 1
130 172 1 1341 1
115 1000001 -1.3842585528123 1339 1
170 1000001 0.78763886488083 17 0
171 1000001 1.5398850845622 19 1
96 1000002 0.25515472884304 1325 1
132 1000003 -1.6801660206915 15 0
100 1000004 -0.99269188512833 1326 1
130 1000005 0.20697511784265 16 0
172 1000005 0.20697511784265 1342 1
0
173
connections
0.69999790000157
step
0.29999955
link
2.2160565097102
enable
0.19999940000045
bias
0.3999988000009
node
0.49999850000112
disable
0.3609994585
done
15
170 171 0.00030518509475996 18 1
143 171 -1.1759119775491 1340 1
130 172 0.99620045126957 1341 1
115 1000001 -1.1039067897412 1339 0
170 1000001 0.65741963212684 17 0
171 1000001 1.2871830496017 19 1
96 1000002 0.006041665213477 1325 1
132 1000003 -1.9730791834208 15 0
100 1000004 -0.82522791927702 1326 1
130 1000005 0.26680656592303 16 0
172 1000005 -0.031517520419934 1342 1
106 1000001 1.4415112765893 1497 1
144 1000005 0.24701681569872 1498 1
115 173 1 1499 1
173 1000001 -1.1039067897412 1500 1
0
2
3
0
172
connections
0.7368398947385
step
0.315789
link
2.10525684211
enable
0.171475
bias
0.421051368422
node
0.58317276571322
disable
0.37999943
done
13
170 171 1.0588556603595 18 1
101 171 -1.8399609363079 1429 1
4 171 0.17120883816034 1448 1
37 172 1 1451 1
171 1000001 1.4799738332774 19 1
172 1000001 1.2662129581591 1452 1
170 1000001 1.2276664502396 17 1
37 1000001 1.2662129581591 1449 0
132 1000003 0.36029193929868 15 0
28 1000004 1.1338847010712 1430 1
1000001 1000005 1.0840784936064 1450 1
130 1000005 0.10877466399121 16 1
143 1000006 0.10724204229865 1428 1
0
173
connections
0.69999790000157
step
0.285
link
2.2160565097102
enable
0.16290125
bias
0.3999988000009
node
0.61386514837271
disable
0.3609994585
done
17
170 171 0.19489120151372 18 1
101 171 -1.7117818231758 1429 1
4 171 0.48884548478652 1448 1
37 172 0.87242973113193 1451 1
171 1000001 1.3607012419507 19 1
172 1000001 1.4993568224128 1452 1
170 1000001 1.4261061914426 17 1
37 1000001 0.27448347422712 1449 0
132 1000003 0.37089452726829 15 0
28 1000004 1.2568625446333 1430 1
1000001 1000005 1.0440078432569 1450 1
130 1000005 0.012638154698325 16 1
143 1000006 0.33941175572985 1428 0
147 1000006 1.4970549638356 1501 1
153 1000003 0.5341349528489 1502 1
143 173 1 1503 1
173 1000006 0.33941175572985 1504 1
0
172
connections
0.69999790000157
step
0.315789
link
1.9999940000045
enable
0.16290125
bias
0.3999988000009
node
0.55401412742756
disable
0.3609994585
done
16
170 171 1.9372539445173 18 1
101 171 -1.832549768334 1429 1
4 171 0.032131380382702 1448 1
37 172 0.90812657438887 1451 1
171 1000001 1.315781286111 19 1
172 1000001 1.6463515121921 1452 1
170 1000001 1.1261363402203 17 1
37 1000001 1.1027335793023 1449 1
132 1000003 0.17859785631886 15 0
28 1000004 0.84999552681051 1430 1
1000001 1000005 0.87139050138859 1450 1
130 1000005 0.12252724747459 16 1
143 1000006 0.32661839677114 1428 1
125 1000002 -1.8659627063814 1505 1
110 1000006 1.4124576555681 1506 1
170 172 -0.23651844843898 1507 1
0
0
1
0
172
connections
0.69999895
step
0.29999955
link
1.999997
enable
0.1999997
bias
0.361
node
0.55401495845
disable
0.361
done
9
170 171 -1.499008148442 18 1
171 1000001 1.248649500267 19 1
170 1000001 1.2370768988327 17 0
132 1000003 0.11939187612079 15 1
130 1000005 0.22623685767235 16 0
68 1000004 -0.97213660084841 1486 1
78 1000006 0.86129337443159 1487 1
130 172 1 1488 1
172 1000005 0.22623685767235 1489 1
0
0
1
0
172
connections
0.69999895
step
0.29999955
link
1.999997
enable
0.1805
bias
0.3999994
node
0.55401495845
disable
0.361
done
10
170 171 1 18 1
171 1000001 1.2115237891781 19 1
170 1000001 1.2115237891781 17 0
132 1000003 0.3961912900174 15 0
130 1000005 0.28962065492721 16 0
61 171 -1.6242561113315 1490 1
35 1000002 -1.368144779809 1491 1
170 1000005 0.19318216498306 1492 1
130 172 1 1493 1
172 1000005 0.28962065492721 1494 1
