9
20000
8
20000
7
3
20000
171
connections
0.736841
step
0.315789
link
2.10526
enable
0.19
bias
0.38
node
0.526315
disable
0.38
done
5
170 171 1 18 1
171 1000001 1.2115237891781 19 1
170 1000001 1.2115237891781 17 0
132 1000003 0.3961912900174 15 0
130 1000005 0.28962065492721 16 1
0
171
connections
0.77562094183
step
0.33240897507
link
1.999997
enable
0.1805
bias
0.361
node
0.55401495845
disable
0.3999994
done
8
170 171 0.80803323358105 18 0
171 1000001 0.91245005664117 19 1
170 1000001 1.0445330930928 17 0
132 1000003 0.16009539851667 15 1
130 1000005 0.361495333365 16 1
35 1000005 1.0470900601215 171 1
113 1000006 -1.3022247993408 172 1
170 1000002 -1.2098147526475 173 1
0
172
connections
0.69999895
step
0.33240897507
link
2.2160598338
enable
0.1999997
bias
0.361
node
0.55401495845
disable
0.361
done
7
170 171 0.67442850316106 18 1
171 1000001 0.14899136326182 19 0
170 1000001 0.88735225079007 17 0
132 1000003 0.6526170129351 15 0
130 1000005 0.058657944413017 16 1
95 171 0.61091952269051 179 1
72 171 -1.6116824854274 180 1
0
9
1
0
170
connections
0.736841
step
0.285
link
1.9
enable
0.210526
bias
0.421052
node
0.475
disable
0.421052
done
2
1000003 1000002 -1.3870662556841 21 1
122 1000004 -0.29377117221595 20 0
0
9
1
0
170
connections
0.736841
step
0.315789
link
1.9
enable
0.210526
bias
0.421052
node
0.526315
disable
0.421052
done
2
170 1000003 -0.24909207434309 36 1
32 1000006 -0.17023224585711 35 1
0
3
1
0
170
connections
0.69999895
step
0.285
link
1.805
enable
0.22160598338
bias
0.3999994
node
0.49999925
disable
0.44321196676
done
5
170 1000002 -1.4894863734855 136 1
147 1000002 1.206640827662 134 1
170 1000003 -0.26291283913694 36 0
154 1000004 1.7567064424574 135 1
32 1000006 0.087021851252785 35 1
0
1
1
0
171
connections
0.77562094183
step
0.33240897507
link
1.805
enable
0.1999997
bias
0.44321196676
node
0.49999925
disable
0.3999994
done
6
32 171 1 166 1
170 1000003 -0.24909207434309 36 1
133 1000004 -1.593127231666 164 1
120 1000005 1.296853541673 165 1
32 1000006 -0.17023224585711 35 0
171 1000006 -0.17023224585711 167 0
0
0
1
0
170
connections
0.69999895
step
0.27075
link
1.805
enable
0.1999997
bias
0.3999994
node
0.45125
disable
0.44321196676
done
5
1000003 1000002 -1.1228439359722 21 1
122 1000004 -1.513046662801 20 0
125 1000001 -0.82100894192328 174 1
93 1000002 0.068910794396801 175 1
170 1000005 -1.5854365672781 176 1
0
0
1
0
170
connections
0.77562094183
step
0.33240897507
link
1.805
enable
0.22160598338
bias
0.3999994
node
0.49999925
disable
0.44321196676
done
4
170 1000003 -0.24909207434309 36 1
32 1000006 -0.17023224585711 35 1
152 1000002 -0.14459669789727 177 1
78 1000005 -0.48384044923246 178 1
0
0
1
0
171
connections
0.69999895
step
0.315789
link
1.805
enable
0.22160598338
bias
0.3999994
node
0.55401495845
disable
0.3999994
done
6
170 1000003 -0.40863939008759 36 1
32 1000006 -0.42158552534562 35 1
146 1000001 -0.1850032044435 181 1
74 1000005 -1.6031373027741 182 0
74 171 1 183 1
171 1000005 -1.6031373027741 184 1
