181
20000
6
20000
179
2
20000
171
connections
0.736841
step
0.315789
link
2.10526
enable
0.19
bias
0.38
node
0.526315
disable
0.38
done
5
170 171 1 18 1
171 1000001 1.2115237891781 19 1
170 1000001 1.2115237891781 17 0
132 1000003 0.3961912900174 15 0
130 1000005 0.28962065492721 16 1
0
171
connections
0.69999895
step
0.315789
link
1.999997
enable
0.1805
bias
0.3999994
node
0.49999925
disable
0.3999994
done
8
170 171 1 18 1
171 1000001 1.2115237891781 19 1
170 1000001 1.2115237891781 17 0
132 1000003 0.3961912900174 15 0
130 1000005 0.28962065492721 16 1
1000002 1000001 -0.68428601947081 3497 0
93 1000006 0.30585650196844 3498 1
170 1000003 -1.7860042115543 3499 1
0
14
2
0
174
connections
0.7368398947385
step
0.315789
link
1.89999715
enable
0.210525684211
bias
0.37999943
node
0.4749992875
disable
0.37999943
done
11
170 171 1.26116416245 18 1
170 173 -1.1294900357067 3222 1
112 173 1.2381500283517 3211 1
173 1000001 0.08887609152501 3212 1
171 1000001 1.4877030357677 19 1
112 1000001 -0.3511487554857 3210 0
170 1000001 0.98171975753044 17 0
132 1000003 0.46863569789727 15 0
113 1000003 0.078554643391217 3223 1
134 1000003 0.40517640433973 3209 1
130 1000005 0.0024547614062931 16 1
0
174
connections
0.77561977839859
step
0.33240897507
link
1.8049972925
enable
0.19999940000045
bias
0.3999988000009
node
0.49999850000112
disable
0.3609994585
done
13
170 171 1.26116416245 18 1
170 173 -1.1294900357067 3222 1
112 173 1.2381500283517 3211 1
173 1000001 0.08887609152501 3212 1
171 1000001 1.4877030357677 19 1
112 1000001 -0.3511487554857 3210 0
170 1000001 0.98171975753044 17 0
132 1000003 0.46863569789727 15 0
113 1000003 0.078554643391217 3223 1
134 1000003 0.40517640433973 3209 1
130 1000005 0.0024547614062931 16 0
32 1000004 1.6385387737663 3500 1
165 1000006 -0.90279854731895 3501 1
0
1
3
0
172
connections
0.77562094183
step
0.29999955
link
1.999997
enable
0.1805
bias
0.3999994
node
0.49999925
disable
0.361
done
9
170 171 1.2370643741615 18 1
155 172 1 3469 1
170 1000001 -1.3215124973296 17 0
171 1000001 0.93650054986877 19 1
132 1000003 0.36970122379223 15 0
2 1000003 -0.64998321481979 3467 1
155 1000004 1.4665364543596 3468 0
172 1000004 1.4665364543596 3470 1
130 1000005 0.91940061647389 16 0
0
172
connections
0.7368398947385
step
0.3157885263165
link
2.10525684211
enable
0.171475
bias
0.37999943
node
0.4749992875
disable
0.34295
done
11
170 171 1.4224974939117 18 1
155 172 1.082004595185 3469 1
170 1000001 -1.4398886217458 17 0
171 1000001 0.94289014284182 19 1
132 1000003 0.41036139385752 15 0
2 1000003 0.99386577959532 3467 1
155 1000004 0.1148106326487 3468 0
172 1000004 1.4239873548483 3470 1
130 1000005 0.8751553354192 16 0
88 171 1.3870662556841 3502 1
168 1000002 -1.6747947630238 3503 1
0
173
connections
0.7368398947385
step
0.2849995725
link
1.89999715
enable
0.171475
bias
0.421051368422
node
0.4749992875
disable
0.37999943
done
13
170 171 1.4582571634998 18 0
155 172 0.46601763969848 3469 1
170 1000001 -1.3955913375952 17 1
171 1000001 0.74693282372242 19 1
132 1000003 0.4433103849015 15 0
2 1000003 -0.56424937326785 3467 1
155 1000004 1.3776540229079 3468 0
172 1000004 1.448262456074 3470 1
130 1000005 1.080544055901 16 0
150 172 -1.1388897366253 3508 1
138 171 1.5370952482681 3509 1
170 173 1 3510 1
173 171 1.4582571634998 3511 1
0
1
1
0
171
connections
0.7368398947385
step
0.2849995725
link
2.3326910628529
enable
0.189999715
bias
0.34295
node
0.58317276571322
disable
0.421051368422
done
10
170 171 0.87677697245651 18 1
56 171 2.0647810486762 3450 1
170 1000001 0.99430541936728 17 1
171 1000001 1.0625077768554 19 1
132 1000003 0.30383433147366 15 0
52 1000004 -1.8922086245308 3472 1
130 1000005 -0.074396713410977 16 1
99 1000005 0.14667195654164 3473 1
71 1000006 -1.5371575941327 3451 1
2 1000006 1.0254829554125 3471 1
0
0
1
0
172
connections
0.77562094183
step
0.285
link
2.2160598338
enable
0.1805
bias
0.361
node
0.55401495845
disable
0.3999994
done
11
170 171 1 18 1
171 1000001 1.2115237891781 19 1
170 1000001 1.2115237891781 17 0
132 1000003 0.3961912900174 15 0
130 1000005 0.28962065492721 16 1
100 1000004 1.9334696493423 3491 1
34 1000005 1.1276589251381 3492 0
3 1000006 0.40217291787469 3493 1
170 1000003 -0.69392986846522 3494 1
34 172 1 3495 1
172 1000005 1.1276589251381 3496 1
0
0
1
0
171
connections
0.77562094183
step
0.285
link
2.2160598338
enable
0.1805
bias
0.3999994
node
0.55401495845
disable
0.3999994
done
9
170 171 1.1089570299387 18 0
171 1000001 -1.4839930417798 19 1
170 1000001 1.1791419721061 17 1
132 1000003 0.14285119174779 15 0
130 1000005 0.26842417676321 16 1
121 1000002 1.900875881222 3504 1
65 171 -0.56563005462813 3505 1
23 1000004 -1.3405560472427 3506 1
170 1000002 -0.83822138126774 3507 1
