153
20000
4
20000
151
5
20000
171
connections
0.736841
step
0.315789
link
2.10526
enable
0.19
bias
0.38
node
0.526315
disable
0.38
done
5
170 171 1 18 1
171 1000001 1.2115237891781 19 1
170 1000001 1.2115237891781 17 0
132 1000003 0.3961912900174 15 0
130 1000005 0.28962065492721 16 1
0
172
connections
0.77562094183
step
0.29999955
link
1.999997
enable
0.1805
bias
0.361
node
0.49999925
disable
0.361
done
8
170 171 1.2553483687857 18 1
171 1000001 1.1699118639256 19 1
170 1000001 1.1086063740486 17 0
132 1000003 0.15092355281381 15 0
130 1000005 0.10723316032746 16 1
32 1000003 -0.84090701010163 2960 1
154 1000004 1.9362773522141 2961 1
170 1000004 0.61641285439619 2962 1
0
171
connections
0.69999895
step
0.285
link
2.2160598338
enable
0.1999997
bias
0.3999994
node
0.55401495845
disable
0.361
done
7
170 171 1 18 1
171 1000001 1.2115237891781 19 1
170 1000001 1.2115237891781 17 0
132 1000003 0.3961912900174 15 0
130 1000005 0.28962065492721 16 1
48 1000005 -0.095278786584063 2963 1
156 1000002 0.50105288857692 2964 1
0
172
connections
0.77562094183
step
0.33240897507
link
2.2160598338
enable
0.1805
bias
0.3999994
node
0.55401495845
disable
0.361
done
9
170 171 0.90404197835667 18 1
171 1000001 0.94696207584306 19 1
170 1000001 0.9832189707953 17 0
132 1000003 0.27016459555972 15 0
130 1000005 0.17053288496516 16 1
1000002 1000001 0.63106173894467 2971 0
134 1000003 0.57966856898709 2972 0
1000002 172 1 2973 1
172 1000001 0.63106173894467 2974 1
0
171
connections
0.69999895
step
0.29999955
link
2.2160598338
enable
0.1999997
bias
0.361
node
0.55401495845
disable
0.361
done
7
170 171 1 18 1
171 1000001 1.2115237891781 19 1
170 1000001 1.2115237891781 17 0
132 1000003 0.3961912900174 15 0
130 1000005 0.28962065492721 16 1
36 171 0.22455519272439 2975 1
8 1000001 1.6696676534318 2976 1
0
14
2
0
174
connections
0.77562094183
step
0.29999955
link
1.999997
enable
0.1805
bias
0.361
node
0.55401495845
disable
0.3999994
done
9
170 171 -1.9329813531907 18 1
109 171 1.7592699972533 2694 0
174 171 1.7592699972533 2697 0
109 174 1 2696 1
170 1000001 1.1079654863109 17 0
171 1000001 -1.469832453383 19 1
132 1000003 0.37322004239174 15 0
130 1000005 0.068157319408246 16 1
67 1000006 -0.4760277108066 2695 1
0
176
connections
0.81644187199851
step
0.3157885263165
link
2.10525684211
enable
0.189999715
bias
0.37999943
node
0.58317276571322
disable
0.421051368422
done
11
170 171 -2.0405828698484 18 1
109 171 1.8059246270912 2694 0
174 171 1.7428960629227 2697 0
109 174 0.84773879429687 2696 1
170 1000001 1.2583570373583 17 0
171 1000001 -1.8104721570363 19 0
132 1000003 0.61048307316617 15 0
130 1000005 -0.75276955473495 16 1
67 1000006 -0.59974295212637 2695 1
70 171 -0.10028382213813 2965 1
154 1000006 -0.54963835566271 2966 1
0
9
2
0
172
connections
0.7368398947385
step
0.3157885263165
link
1.89999715
enable
0.210525684211
bias
0.421051368422
node
0.5263142105275
disable
0.37999943
done
12
170 171 0.98482168807101 18 1
29 171 -1.9785242540524 2783 1
111 171 1.0116885891293 2804 1
6 172 1 2806 1
170 1000001 1.2420764773497 17 0
171 1000001 1.2231619632245 19 1
170 1000002 -0.56575212866604 2805 1
132 1000003 0.24822850079214 15 0
172 1000004 1.1756340220344 2807 1
6 1000004 1.1756340220344 2803 0
130 1000005 0.77828841537825 16 1
45 1000006 1.6713862724243 2782 1
0
173
connections
0.77561977839859
step
0.33240847645654
link
1.9999940000045
enable
0.19999940000045
bias
0.3999988000009
node
0.55401412742756
disable
0.3999988000009
done
16
170 171 1.0984109001101 18 0
29 171 -1.9460716427 2783 0
111 171 0.75913849234335 2804 1
6 172 1.0180878418385 2806 1
170 1000001 1.3892646418111 17 0
171 1000001 1.2534436277718 19 1
170 1000002 -0.6593361673425 2805 1
132 1000003 0.32121897865416 15 0
172 1000004 1.1637343930514 2807 1
6 1000004 1.0527523461007 2803 0
130 1000005 0.76774816430131 16 1
45 1000006 1.6941203462101 2782 1
26 1000002 0.45466475417341 2967 1
116 1000003 1.4534745323038 2968 1
29 173 1 2969 1
173 171 -1.9460716427 2970 1
0
1
1
0
172
connections
0.7368398947385
step
0.285
link
1.89999715
enable
0.189999715
bias
0.421051368422
node
0.4749992875
disable
0.34295
done
11
170 171 1.00984977987 18 0
172 171 1.00984977987 2942 1
170 172 1 2941 1
171 1000001 1.1245440014344 19 1
170 1000001 1.258461839259 17 1
132 1000003 0.4053030883816 15 0
145 1000003 2.1702815332499 2922 1
7 1000003 -0.4451429792169 2940 1
76 1000004 0.072983336893826 2923 1
130 1000005 0.53774355342265 16 1
81 1000006 1.6131473738823 2939 1
