110
20000
6
20000
108
3
20000
171
connections
0.736841
step
0.315789
link
2.10526
enable
0.19
bias
0.38
node
0.526315
disable
0.38
done
5
170 171 1 18 1
171 1000001 1.2115237891781 19 1
170 1000001 1.2115237891781 17 0
132 1000003 0.3961912900174 15 0
130 1000005 0.28962065492721 16 1
0
172
connections
0.69999895
step
0.33240897507
link
1.999997
enable
0.1999997
bias
0.361
node
0.55401495845
disable
0.361
done
7
170 171 1.1628569391449 18 1
171 1000001 1.1950840959251 19 1
170 1000001 1.5002500027304 17 0
132 1000003 -1.8623004852443 15 0
130 1000005 0.41554590312033 16 1
165 1000005 -0.65608691671499 2114 1
157 1000001 1.5681020538957 2115 1
0
172
connections
0.69999895
step
0.33240897507
link
1.999997
enable
0.1999997
bias
0.361
node
0.55401495845
disable
0.3999994
done
9
170 171 1.2336003133926 18 1
171 1000001 1.1322232441749 19 1
170 1000001 1.4654336447349 17 0
132 1000003 0.41389366318238 15 0
130 1000005 0.0054392340270424 16 1
88 1000003 -1.3097933896908 2133 1
101 1000004 0.9441816461684 2134 0
101 172 1 2135 1
172 1000004 0.9441816461684 2136 1
0
9
2
0
175
connections
0.81644187199851
step
0.2849995725
link
2.3326910628529
enable
0.210525684211
bias
0.37999943
node
0.4749992875
disable
0.34295
done
11
170 171 1.306322823086 18 1
107 171 -0.75859666248398 1900 1
138 175 1 1916 1
171 1000001 0.88390518212355 19 1
170 1000001 0.97627175398335 17 0
54 1000002 -0.45332193975646 1915 1
132 1000003 0.33045955475791 15 1
88 1000004 0.62654499954222 1914 1
138 1000004 -0.35766254358646 1899 0
175 1000004 -0.35766254358646 1917 1
130 1000005 0.08841426290376 16 1
0
175
connections
0.77561977839859
step
0.270749593875
link
2.4554605934908
enable
0.22160565097102
bias
0.3999988000009
node
0.49999850000112
disable
0.3609994585
done
13
170 171 1.245648538964 18 1
107 171 -0.97168792126392 1900 1
138 175 0.8370148094368 1916 1
171 1000001 1.1099526274081 19 1
170 1000001 1.0512242844573 17 0
54 1000002 -0.1867368344008 1915 1
132 1000003 0.092695354075728 15 1
88 1000004 0.63202328503492 1914 1
138 1000004 -0.11611394659107 1899 0
175 1000004 -0.30387949641911 1917 1
130 1000005 0.23487370537437 16 1
79 1000006 -1.2190923795282 2137 1
37 1000005 0.89498580889309 2138 1
0
6
2
0
173
connections
0.7368398947385
step
0.3157885263165
link
2.3326910628529
enable
0.171475
bias
0.37999943
node
0.5263142105275
disable
0.37999943
done
11
170 171 0.93033938628614 18 1
123 173 1 1986 1
171 1000001 1.4209154732285 19 0
170 1000001 1.5020045158759 17 0
18 1000001 1.3848689230018 1985 1
173 1000002 0.023743400372326 1987 1
123 1000002 0.023743400372326 1984 0
38 1000003 0.59162775674242 1967 1
132 1000003 0.3713364479699 15 0
130 1000005 0.55664396187174 16 1
75 1000005 -1.2672627508586 1966 1
0
174
connections
0.69999790000157
step
0.315789
link
2.4554605934908
enable
0.16290125
bias
0.3609994585
node
0.55401412742756
disable
0.3609994585
done
15
170 171 0.93033938628614 18 1
123 173 1 1986 1
171 1000001 1.4209154732285 19 0
170 1000001 1.5020045158759 17 0
18 1000001 1.3848689230018 1985 0
173 1000002 0.023743400372326 1987 1
123 1000002 0.023743400372326 1984 0
38 1000003 0.59162775674242 1967 1
132 1000003 0.3713364479699 15 0
130 1000005 0.55664396187174 16 1
75 1000005 -1.2672627508586 1966 1
50 1000002 -0.38227484969634 2129 1
24 1000002 1.2248298593097 2130 0
24 174 1 2131 1
174 1000002 1.2248298593097 2132 1
0
0
1
0
172
connections
0.77562094183
step
0.33240897507
link
1.999997
enable
0.1999997
bias
0.361
node
0.49999925
disable
0.3999994
done
9
170 171 1.0227799370463 18 0
171 1000001 1.56233986287 19 1
170 1000001 -0.91683706167791 17 0
132 1000003 0.25095067305285 15 0
130 1000005 -0.80111087374493 16 1
121 1000001 -0.38288521988586 2116 1
94 1000004 -1.8735312967315 2117 1
170 172 1 2118 1
172 171 1.0227799370463 2119 1
0
0
1
0
172
connections
0.69999895
step
0.33240897507
link
1.999997
enable
0.1805
bias
0.361
node
0.49999925
disable
0.361
done
10
170 171 1 18 0
171 1000001 1.4844595655705 19 1
170 1000001 1.2115237891781 17 0
132 1000003 0.3961912900174 15 0
130 1000005 0.28962065492721 16 1
68 1000002 0.096499526963103 2120 1
56 1000001 -0.24774925992615 2121 1
170 1000003 -0.61580248420667 2122 1
170 172 1 2123 1
172 171 1 2124 1
0
0
1
0
177
connections
0.90464201958419
step
0.29999955
link
2.1052536842247
enable
0.18999943000043
bias
0.37999886000085
node
0.47499857500107
disable
0.37999886000085
done
19
170 171 1.0414169169533 18 0
107 171 -0.26753214511742 1900 1
176 171 1.3603958995272 2107 1
138 175 1.2399343296411 1916 1
170 176 1.1611466438658 2106 1
171 1000001 0.69000058485344 19 1
43 1000001 0.51479538793756 2104 0
170 1000001 0.53626587666013 17 0
171 1000002 1.3782430927961 2105 1
54 1000002 0.011535996581927 1915 1
132 1000003 0.63310136205031 15 1
138 1000004 -0.32834945651257 1899 0
88 1000004 0.54695079507889 1914 1
175 1000004 1.3694875942259 1917 1
130 1000005 -0.081339035312433 16 1
157 1000001 -0.74971770378735 2125 1
48 1000001 -1.3033234656819 2126 1
43 177 1 2127 1
177 1000001 0.51479538793756 2128 1
