89
20000
5
20000
87
3
20000
171
connections
0.736841
step
0.315789
link
2.10526
enable
0.19
bias
0.38
node
0.526315
disable
0.38
done
5
170 171 1 18 1
171 1000001 1.2115237891781 19 1
170 1000001 1.2115237891781 17 0
132 1000003 0.3961912900174 15 0
130 1000005 0.28962065492721 16 1
0
171
connections
0.69999895
step
0.33240897507
link
1.999997
enable
0.1805
bias
0.361
node
0.49999925
disable
0.361
done
7
170 171 1.2678485723067 18 1
171 1000001 0.32697531052583 19 1
170 1000001 1.1992386465404 17 0
132 1000003 0.34827821926769 15 0
130 1000005 0.10729128364107 16 1
129 1000002 -0.74007385479293 1689 1
46 1000003 -0.71407208471938 1690 1
0
171
connections
0.77562094183
step
0.33240897507
link
1.999997
enable
0.1999997
bias
0.3999994
node
0.49999925
disable
0.361
done
7
170 171 1.2874682798718 18 1
171 1000001 1.0202337717826 19 1
170 1000001 1.1827840624295 17 0
132 1000003 0.1695907688791 15 0
130 1000005 -0.70088808862575 16 0
121 1000006 -1.5723746452223 1691 1
132 171 -1.3263954588458 1692 1
0
12
3
0
172
connections
0.7368398947385
step
0.315789
link
2.10525684211
enable
0.171475
bias
0.421051368422
node
0.58317276571322
disable
0.37999943
done
13
170 171 1.0588556603595 18 1
101 171 -1.8399609363079 1429 1
4 171 0.17120883816034 1448 1
37 172 1 1451 1
171 1000001 1.4799738332774 19 1
172 1000001 1.2662129581591 1452 1
170 1000001 1.2276664502396 17 1
37 1000001 1.2662129581591 1449 0
132 1000003 0.36029193929868 15 0
28 1000004 1.1338847010712 1430 1
1000001 1000005 1.0840784936064 1450 1
130 1000005 0.10877466399121 16 1
143 1000006 0.10724204229865 1428 1
0
173
connections
0.8164406473357
step
0.3157885263165
link
2.1052536842247
enable
0.1547561875
bias
0.37999886000085
node
0.58317189095407
disable
0.42105073684495
done
20
170 171 1.2228667357635 18 1
4 171 0.06006705580866 1448 1
101 171 -2.0886382227353 1429 1
27 172 0.2592983889084 1679 0
173 172 0.21593011081079 1682 1
37 172 1.1616352725161 1451 1
27 173 1.3020456008571 1681 1
83 1000001 -2.0877998531933 1678 1
172 1000001 1.5026846315586 1452 1
170 1000001 1.0194365070535 17 1
171 1000001 0.9374001574086 19 1
37 1000001 1.5852490728535 1449 0
132 1000003 0.3015430955394 15 0
28 1000004 1.2211798981411 1430 1
1000001 1000005 0.7585968574056 1450 1
130 1000005 0.63642875440226 16 1
143 1000006 0.5263799387839 1428 1
170 1000006 -0.36993552352913 1680 1
25 1000001 0.34711752677999 1693 1
163 173 -1.2758568071535 1694 1
0
172
connections
0.69999790000157
step
0.285
link
1.9999940000045
enable
0.16290125
bias
0.44321130194205
node
0.61386514837271
disable
0.3609994585
done
15
170 171 1.0588556603595 18 1
101 171 -1.8399609363079 1429 1
4 171 0.17120883816034 1448 1
37 172 1 1451 1
171 1000001 1.4799738332774 19 1
172 1000001 1.2662129581591 1452 1
170 1000001 1.2276664502396 17 1
37 1000001 1.2662129581591 1449 0
132 1000003 0.36029193929868 15 0
28 1000004 1.1338847010712 1430 1
1000001 1000005 1.0840784936064 1450 1
130 1000005 0.10877466399121 16 1
143 1000006 0.10724204229865 1428 1
120 1000003 -1.4766685995056 1695 1
72 1000004 0.6258125553148 1696 1
0
2
2
0
173
connections
0.85941120772179
step
0.33240847645654
link
1.9999940000045
enable
0.18049972925
bias
0.44321130194205
node
0.49999850000112
disable
0.3999988000009
done
12
170 171 0.56481626675378 18 1
6 171 -0.11151463362529 1642 1
171 1000001 0.75820467512092 19 0
170 1000001 -1.6940824610126 17 0
89 1000002 0.07432380058743 1610 0
132 1000003 0.89601660988125 15 0
98 1000005 1.8205978888207 1611 1
130 1000005 0.25983561935065 16 1
51 1000005 0.50898770104068 1643 1
83 1000006 -2.1007109181984 1631 1
93 1000006 0.91329691457869 1632 1
170 1000006 -0.34662923062838 1644 1
0
173
connections
0.90464201958419
step
0.31578805263371
link
2.1052536842247
enable
0.18999943000043
bias
0.46653751276326
node
0.52631342105618
disable
0.42105073684495
done
14
170 171 0.36007011427711 18 1
6 171 -0.39359112865188 1642 1
171 1000001 1.0482994708705 19 0
170 1000001 -1.566782299654 17 0
89 1000002 -0.014060617598665 1610 0
132 1000003 0.69003687267796 15 0
98 1000005 1.6445325812379 1611 1
130 1000005 0.44804402658609 16 1
51 1000005 0.28425362104051 1643 1
83 1000006 -1.8698860136105 1631 1
93 1000006 1.0219198321859 1632 1
170 1000006 -0.32433796912315 1644 1
119 1000004 0.051576281014435 1697 1
122 1000001 0.14154484694967 1698 1
0
1
1
0
172
connections
0.7368398947385
step
0.315789
link
2.10525684211
enable
0.189999715
bias
0.421051368422
node
0.4749992875
disable
0.37999943
done
11
170 171 1.0110541087985 18 1
5 171 -1.5532090212714 1649 1
62 171 -1.0486770226142 1665 1
137 172 1 1667 1
170 1000001 1.0953448165838 17 0
171 1000001 0.91283155378887 19 1
137 1000002 -0.60615863521226 1666 0
172 1000002 -0.60615863521226 1668 1
34 1000002 -0.1270180364391 1650 1
132 1000003 0.59027908172857 15 0
130 1000005 0.1888615376751 16 1
0
1
1
0
172
connections
0.77562094183
step
0.33240897507
link
2.2160598338
enable
0.1999997
bias
0.361
node
0.55401495845
disable
0.361
done
10
170 171 -1.4027998393425 18 1
108 171 1.2164067506943 1671 1
1000006 172 1 1672 1
1000006 1000001 -1.8996551408429 1669 0
172 1000001 -1.8996551408429 1673 1
170 1000001 0.98650582976691 17 0
171 1000001 1.1152614287411 19 1
132 1000003 -0.47798089541307 15 0
130 1000005 -0.17401920797217 16 1
85 1000006 -1.6762596514786 1670 1
