6
20000
8
20000
4
3
20000
171
connections
0.736841
step
0.315789
link
2.10526
enable
0.19
bias
0.38
node
0.526315
disable
0.38
done
5
170 171 1 18 1
171 1000001 1.2115237891781 19 1
170 1000001 1.2115237891781 17 0
132 1000003 0.3961912900174 15 0
130 1000005 0.28962065492721 16 1
0
172
connections
0.69999895
step
0.33240897507
link
1.999997
enable
0.1805
bias
0.361
node
0.55401495845
disable
0.361
done
9
170 171 0.85960851448122 18 1
171 1000001 1.4667321569212 19 1
170 1000001 1.4984239699684 17 0
132 1000003 0.41821527405246 15 0
130 1000005 0.60490550054019 16 1
78 1000002 -0.66817224646748 125 1
89 1000005 -1.8439893795587 126 0
89 172 1 127 1
172 1000005 -1.8439893795587 128 1
0
171
connections
0.77562094183
step
0.29999955
link
2.2160598338
enable
0.1999997
bias
0.3999994
node
0.49999925
disable
0.361
done
9
170 171 0.71853126115757 18 1
171 1000001 1.3407176015519 19 0
170 1000001 1.0197793336085 17 0
132 1000003 0.20545394374981 15 0
130 1000005 0.070464515263833 16 1
94 1000001 1.226905117954 137 1
160 1000003 -1.883053071688 138 1
145 1000004 0.28278450880459 139 1
170 1000002 1.4830164494766 140 1
0
6
1
0
170
connections
0.736841
step
0.285
link
1.9
enable
0.210526
bias
0.421052
node
0.475
disable
0.421052
done
2
1000003 1000002 -1.3870662556841 21 1
122 1000004 -0.29377117221595 20 0
0
6
1
0
170
connections
0.736841
step
0.315789
link
1.9
enable
0.210526
bias
0.421052
node
0.526315
disable
0.421052
done
2
170 1000003 -0.24909207434309 36 1
32 1000006 -0.17023224585711 35 1
0
4
1
0
171
connections
0.77562094183
step
0.29999955
link
1.999997
enable
0.1999997
bias
0.44321196676
node
0.49999925
disable
0.44321196676
done
7
170 171 1 61 0
1000003 1000002 -1.1183237162038 21 1
65 1000002 -1.1254615924558 59 1
122 1000004 -0.4287879074633 20 0
1000001 1000005 -0.8310190130314 58 1
170 1000005 1.6091189306314 60 0
171 1000005 1.6091189306314 62 1
0
1
1
0
171
connections
0.77562094183
step
0.285
link
1.999997
enable
0.22160598338
bias
0.44321196676
node
0.45125
disable
0.44321196676
done
7
136 171 1 111 1
170 1000002 -1.8692587054048 110 1
1000003 1000002 1.5021820734275 21 1
136 1000002 -1.1210669270913 109 0
171 1000002 -1.1210669270913 112 0
85 1000003 0.60786767174291 108 1
122 1000004 -0.40467650379955 20 0
0
0
1
0
171
connections
0.69999895
step
0.27075
link
1.999997
enable
0.1999997
bias
0.44321196676
node
0.49999925
disable
0.44321196676
done
7
1000003 1000002 -1.3541882305368 21 1
122 1000004 -0.42910898922697 20 0
128 1000006 -1.075655384991 129 1
79 1000006 0.29731131931516 130 1
170 1000003 0.47676015503403 131 1
1000003 171 1 132 1
171 1000002 -1.3541882305368 133 1
0
0
1
0
170
connections
0.69999895
step
0.285
link
1.805
enable
0.22160598338
bias
0.3999994
node
0.49999925
disable
0.44321196676
done
5
170 1000003 -0.26291283913694 36 0
32 1000006 0.087021851252785 35 1
147 1000002 1.206640827662 134 1
154 1000004 1.7567064424574 135 1
170 1000002 -1.4894863734855 136 1
0
0
1
0
170
connections
0.69999895
step
0.315789
link
1.999997
enable
0.1999997
bias
0.44321196676
node
0.55401495845
disable
0.3999994
done
4
170 1000003 1.9285866878262 36 1
32 1000006 -0.11035502008118 35 1
24 1000004 0.40205084383679 141 1
63 1000004 -0.086245307779168 142 1
