147
20000
5
20000
145
3
20000
171
connections
0.736841
step
0.315789
link
2.10526
enable
0.19
bias
0.38
node
0.526315
disable
0.38
done
5
170 171 1 18 1
171 1000001 1.2115237891781 19 1
170 1000001 1.2115237891781 17 0
132 1000003 0.3961912900174 15 0
130 1000005 0.28962065492721 16 1
0
173
connections
0.69999895
step
0.29999955
link
2.2160598338
enable
0.1805
bias
0.3999994
node
0.55401495845
disable
0.3999994
done
7
170 171 1 18 1
171 1000001 1.2115237891781 19 1
170 1000001 1.2115237891781 17 0
132 1000003 0.3961912900174 15 0
130 1000005 0.28962065492721 16 1
160 171 1.4882656331065 2858 1
18 1000004 1.9293191320536 2859 1
0
171
connections
0.69999895
step
0.33240897507
link
2.2160598338
enable
0.1805
bias
0.361
node
0.49999925
disable
0.361
done
7
170 171 1 18 0
171 1000001 1.2115237891781 19 1
170 1000001 1.2115237891781 17 0
132 1000003 0.3961912900174 15 0
130 1000005 0.28962065492721 16 1
83 1000003 -0.94979705191198 2868 1
27 1000001 0.30646687215796 2869 1
0
8
3
0
174
connections
0.77562094183
step
0.29999955
link
1.999997
enable
0.1805
bias
0.361
node
0.55401495845
disable
0.3999994
done
9
170 171 -1.9329813531907 18 1
109 171 1.7592699972533 2694 0
174 171 1.7592699972533 2697 0
109 174 1 2696 1
170 1000001 1.1079654863109 17 0
171 1000001 -1.469832453383 19 1
132 1000003 0.37322004239174 15 0
130 1000005 0.068157319408246 16 1
67 1000006 -0.4760277108066 2695 1
0
174
connections
0.7368398947385
step
0.315789
link
1.89999715
enable
0.189999715
bias
0.34295
node
0.5263142105275
disable
0.37999943
done
11
170 171 -1.9329813531907 18 1
109 171 1.7592699972533 2694 0
174 171 1.7592699972533 2697 0
109 174 1 2696 1
170 1000001 1.1079654863109 17 0
171 1000001 -1.469832453383 19 1
132 1000003 0.37322004239174 15 0
130 1000005 0.068157319408246 16 1
67 1000006 -0.4760277108066 2695 1
12 1000006 -1.5873897518845 2860 1
138 1000001 -1.2172612689596 2861 1
0
175
connections
0.81644187199851
step
0.285
link
2.10525684211
enable
0.189999715
bias
0.34295
node
0.5263142105275
disable
0.37999943
done
13
170 171 -1.9495854060488 18 0
109 171 1.8560153508103 2694 0
174 171 2.016645863216 2697 0
109 174 1.2426526688437 2696 0
170 1000001 1.1083742817454 17 0
171 1000001 -1.3056097598193 19 1
132 1000003 0.19167138062838 15 0
130 1000005 -0.21517270775323 16 1
67 1000006 -0.70454435865352 2695 1
156 171 -0.80245368816187 2862 1
33 1000003 -1.79149754326 2863 1
109 175 1 2864 1
175 174 1.2426526688437 2865 1
0
3
2
0
172
connections
0.7368398947385
step
0.3157885263165
link
1.89999715
enable
0.210525684211
bias
0.421051368422
node
0.5263142105275
disable
0.37999943
done
12
170 171 0.98482168807101 18 1
29 171 -1.9785242540524 2783 1
111 171 1.0116885891293 2804 1
6 172 1 2806 1
170 1000001 1.2420764773497 17 0
171 1000001 1.2231619632245 19 1
170 1000002 -0.56575212866604 2805 1
132 1000003 0.24822850079214 15 0
172 1000004 1.1756340220344 2807 1
6 1000004 1.1756340220344 2803 0
130 1000005 0.77828841537825 16 1
45 1000006 1.6713862724243 2782 1
0
173
connections
0.77561977839859
step
0.285
link
1.8049972925
enable
0.19999940000045
bias
0.44321130194205
node
0.49999850000112
disable
0.3999988000009
done
14
170 171 0.72100946845981 18 1
29 171 -2.1649958565793 2783 1
111 171 1.2459631641591 2804 1
6 172 -0.84530167546617 2806 1
170 1000001 0.97701177810962 17 0
171 1000001 1.2361999282503 19 1
170 1000002 -0.47753059480575 2805 1
132 1000003 0.3717630019671 15 1
172 1000004 0.89673986022523 2807 1
6 1000004 0.92118060853908 2803 0
130 1000005 1.0276623281564 16 1
45 1000006 1.7890932642148 2782 1
168 1000005 1.1691640980255 2866 1
170 172 0.28192999053926 2867 0
0
1
1
0
171
connections
0.7368398947385
step
0.285
link
2.3326910628529
enable
0.171475
bias
0.37999943
node
0.58317276571322
disable
0.421051368422
done
10
170 171 0.73637913144322 18 1
73 171 1.5529299295022 2822 1
171 1000001 0.99751503036592 19 1
123 1000001 -1.5864131595813 2821 1
170 1000001 1.476536301767 17 0
132 1000003 0.42185842463454 15 0
155 1000005 -0.84286019470809 2838 1
130 1000005 0.57011520737327 16 1
76 1000005 1.7801446577349 2839 1
92 1000006 1.5124730674154 2823 1
0
0
1
0
173
connections
0.77562094183
step
0.33240897507
link
1.999997
enable
0.1805
bias
0.361
node
0.55401495845
disable
0.3999994
done
9
170 171 0.74623216921366 18 1
171 1000001 1.5245971062238 19 1
170 1000001 1.9938962981048 17 0
132 1000003 0.64612445200353 15 1
130 1000005 0.23038618105308 16 0
128 1000004 0.86202581865902 2854 1
137 1000005 0.56086916714988 2855 1
130 173 1 2856 1
173 1000005 0.23038618105308 2857 1
