65
20000
5
20000
63
3
20000
171
connections
0.736841
step
0.315789
link
2.10526
enable
0.19
bias
0.38
node
0.526315
disable
0.38
done
5
170 171 1 18 1
171 1000001 1.2115237891781 19 1
170 1000001 1.2115237891781 17 0
132 1000003 0.3961912900174 15 0
130 1000005 0.28962065492721 16 1
0
172
connections
0.69999895
step
0.29999955
link
1.999997
enable
0.1999997
bias
0.361
node
0.49999925
disable
0.3999994
done
7
170 171 1.2893058803201 18 1
171 1000001 1.1850185034562 19 1
170 1000001 -1.4305246131779 17 0
132 1000003 0.50819099994354 15 0
130 1000005 0.48727958876156 16 1
164 1000006 0.49873348185675 1231 1
6 1000004 1.2699972533341 1232 1
0
171
connections
0.69999895
step
0.285
link
2.2160598338
enable
0.1999997
bias
0.361
node
0.55401495845
disable
0.361
done
8
170 171 1.187428357799 18 1
171 1000001 1.0837273781549 19 1
170 1000001 1.391663411359 17 0
132 1000003 0.58043626209296 15 0
130 1000005 0.34016342661824 16 1
60 1000006 0.86983855708487 1247 1
143 1000004 1.3885311441389 1248 1
72 1000004 1.5949583422346 1249 1
0
8
3
0
173
connections
0.6649990025
step
0.34990365942793
link
1.89999715
enable
0.171475
bias
0.34295
node
0.58317276571322
disable
0.421051368422
done
11
170 171 0.75037117680754 18 1
96 171 -0.042054506057924 1074 1
147 172 1 1054 1
171 1000001 1.4573585220762 19 1
170 1000001 1.070523626072 17 0
69 1000002 1.9306619464705 1053 1
147 1000002 -0.34345530564287 1052 1
172 1000002 -0.34345530564287 1055 1
132 1000003 0.59385933650438 15 0
130 1000005 0.10686520932993 16 1
15 1000005 -0.18622394482253 1075 1
0
174
connections
0.69999790000157
step
0.285
link
1.9999940000045
enable
0.16290125
bias
0.3258025
node
0.55401412742756
disable
0.44321130194205
done
13
170 171 0.75037117680754 18 1
96 171 -0.042054506057924 1074 1
147 172 1 1054 1
171 1000001 1.4573585220762 19 1
170 1000001 1.070523626072 17 0
69 1000002 1.9306619464705 1053 1
147 1000002 -0.34345530564287 1052 1
172 1000002 -0.34345530564287 1055 1
132 1000003 0.59385933650438 15 0
130 1000005 0.10686520932993 16 1
15 1000005 -0.18622394482253 1075 1
68 1000001 -1.3255409405805 1242 1
51 1000001 -0.23261207922605 1243 1
0
173
connections
0.631749052375
step
0.36831908902363
link
1.9999940000045
enable
0.16290125
bias
0.3609994585
node
0.55401412742756
disable
0.3999988000009
done
13
170 171 0.75037117680754 18 1
96 171 -0.042054506057924 1074 1
147 172 1 1054 1
171 1000001 1.4573585220762 19 1
170 1000001 1.070523626072 17 0
69 1000002 1.9306619464705 1053 1
147 1000002 -0.34345530564287 1052 1
172 1000002 -0.34345530564287 1055 1
132 1000003 0.59385933650438 15 0
130 1000005 0.10686520932993 16 1
15 1000005 -0.18622394482253 1075 1
84 1000001 -0.37641529587695 1250 1
20 1000005 -1.5615100558489 1251 0
0
6
2
0
172
connections
0.69999895
step
0.29999955
link
2.2160598338
enable
0.1805
bias
0.361
node
0.49999925
disable
0.3999994
done
9
170 171 1.7947935422834 18 1
6 171 -0.071474349192785 1110 0
172 171 -0.071474349192785 1112 1
6 172 1 1111 1
171 1000001 1.0117590813486 19 0
170 1000001 1.4186312393735 17 0
132 1000003 0.34377582861568 15 0
130 1000004 0.62630085146641 1109 1
130 1000005 -0.24331794049771 16 1
0
172
connections
0.7368398947385
step
0.2849995725
link
2.10525684211
enable
0.189999715
bias
0.34295
node
0.4749992875
disable
0.37999943
done
12
170 171 1.9872141344163 18 1
6 171 -0.17524734945212 1110 0
172 171 -0.10681335682447 1112 1
6 172 1.1453135123068 1111 1
171 1000001 0.9165098880002 19 0
170 1000001 1.3869278963221 17 0
132 1000003 0.085078288869365 15 0
130 1000004 0.64916726816927 1109 1
130 1000005 -0.010417963300152 16 1
96 1000003 -1.9581286049989 1244 1
16 1000006 1.5012054811243 1245 1
170 1000005 0.36359752189703 1246 1
0
0
1
0
173
connections
0.7368398947385
step
0.285
link
1.89999715
enable
0.189999715
bias
0.34295
node
0.5263142105275
disable
0.34295
done
13
170 171 1.047317893053 18 0
172 171 1.047317893053 1215 1
170 172 1 1214 1
171 1000001 1.4807424166921 19 0
170 1000001 1.0701164876324 17 0
68 1000001 1.0458693197424 1212 1
132 1000003 0.35355394438459 15 0
37 1000004 -1.5058442945647 1213 0
130 1000005 0.30762960035554 16 1
16 1000001 0.50556962797937 1233 1
44 1000001 0.98361156041139 1234 1
37 173 1 1235 1
173 1000004 -1.5058442945647 1236 1
0
0
1
0
173
connections
0.7368398947385
step
0.2849995725
link
2.10525684211
enable
0.210525684211
bias
0.37999943
node
0.5263142105275
disable
0.34295
done
14
170 171 0.95874858103883 18 0
172 171 0.77679139677723 1215 1
170 172 1.220897065425 1214 1
171 1000001 1.542244292883 19 0
170 1000001 1.2824897461465 17 0
68 1000001 1.0151401260524 1212 1
132 1000003 0.50970486833529 15 0
37 1000004 -1.6814782057403 1213 1
130 1000005 0.54294755543191 16 1
147 1000004 1.4725180822169 1237 1
105 1000004 -1.0064394054994 1238 0
38 1000004 0.92745750297555 1239 1
105 173 1 1240 1
173 1000004 -1.0064394054994 1241 1
