115
20000
5
20000
113
2
20000
171
connections
0.736841
step
0.315789
link
2.10526
enable
0.19
bias
0.38
node
0.526315
disable
0.38
done
5
170 171 1 18 1
171 1000001 1.2115237891781 19 1
170 1000001 1.2115237891781 17 0
132 1000003 0.3961912900174 15 0
130 1000005 0.28962065492721 16 1
0
173
connections
0.77562094183
step
0.33240897507
link
2.2160598338
enable
0.1805
bias
0.3999994
node
0.49999925
disable
0.361
done
7
170 171 0.76536493470888 18 1
171 1000001 1.5135597526401 19 1
170 1000001 1.0652889988209 17 0
132 1000003 -0.0027466658528397 15 0
130 1000005 0.42465577767744 16 1
74 1000006 1.5991088595233 2241 1
1000003 1000006 0.28986480300302 2242 1
0
14
4
0
175
connections
0.81644187199851
step
0.2849995725
link
2.3326910628529
enable
0.210525684211
bias
0.37999943
node
0.4749992875
disable
0.34295
done
11
170 171 1.306322823086 18 1
107 171 -0.75859666248398 1900 1
138 175 1 1916 1
171 1000001 0.88390518212355 19 1
170 1000001 0.97627175398335 17 0
54 1000002 -0.45332193975646 1915 1
132 1000003 0.33045955475791 15 1
175 1000004 -0.35766254358646 1917 1
138 1000004 -0.35766254358646 1899 0
88 1000004 0.62654499954222 1914 1
130 1000005 0.08841426290376 16 1
0
176
connections
0.85941120772179
step
0.29999910000067
link
2.2160565097102
enable
0.22160565097102
bias
0.3609994585
node
0.49999850000112
disable
0.3609994585
done
15
170 171 1.4198971153772 18 1
107 171 -0.52072695768593 1900 1
138 175 0.89960966425039 1916 1
171 1000001 0.7271534321583 19 0
170 1000001 1.0964563355962 17 0
54 1000002 -0.74768123612542 1915 1
132 1000003 0.47422876973977 15 1
175 1000004 -0.17593452039503 1917 1
138 1000004 -0.41297107238385 1899 0
88 1000004 0.74176728640121 1914 1
130 1000005 0.077949497398808 16 1
138 1000005 0.90401928769799 2243 1
160 1000003 0.73567918942839 2244 1
130 176 1 2245 1
176 1000005 0.077949497398808 2246 1
0
176
connections
0.77561977839859
step
0.270749593875
link
2.4554605934908
enable
0.19999940000045
bias
0.3999988000009
node
0.49999850000112
disable
0.3258025
done
14
170 171 0.077455977050081 18 1
107 171 -0.58133322556878 1900 1
138 175 0.93192218073256 1916 1
171 1000001 -0.89620654927213 19 1
170 1000001 0.83485266468099 17 0
54 1000002 -0.26171415349689 1915 1
132 1000003 1.1086153752251 15 1
175 1000004 -1.1552476577044 1917 1
138 1000004 -0.14290218424916 1899 1
88 1000004 0.36417395995017 1914 1
130 1000005 -0.12133879476148 16 1
87 171 0.41303750724815 2249 1
23 1000002 -1.565172276986 2250 1
170 1000004 1.4948576311533 2251 1
0
175
connections
0.85941120772179
step
0.29999910000067
link
2.2160565097102
enable
0.19999940000045
bias
0.3609994585
node
0.49999850000112
disable
0.3609994585
done
14
170 171 1.2054197779153 18 1
107 171 -0.64928884501799 1900 1
138 175 1.1448129448747 1916 1
171 1000001 1.0409865310024 19 1
170 1000001 0.87126703344416 17 0
54 1000002 -0.33229504980899 1915 1
132 1000003 0.57862007007876 15 1
175 1000004 -0.25465372757927 1917 1
138 1000004 -0.49765968211334 1899 0
88 1000004 0.68077317634523 1914 1
130 1000005 0.027649040982178 16 1
56 171 0.036072878200629 2252 1
44 1000004 1.1849116489151 2253 1
166 175 1.7557298501541 2254 1
0
11
1
0
173
connections
0.7368398947385
step
0.3157885263165
link
2.3326910628529
enable
0.171475
bias
0.37999943
node
0.5263142105275
disable
0.37999943
done
11
170 171 0.93033938628614 18 1
123 173 1 1986 1
170 1000001 1.5020045158759 17 0
171 1000001 1.4209154732285 19 0
18 1000001 1.3848689230018 1985 1
123 1000002 0.023743400372326 1984 0
173 1000002 0.023743400372326 1987 1
38 1000003 0.59162775674242 1967 1
132 1000003 0.3713364479699 15 0
130 1000005 0.55664396187174 16 1
75 1000005 -1.2672627508586 1966 1
0
1
2
0
172
connections
0.6649990025
step
0.3157885263165
link
2.10525684211
enable
0.210525684211
bias
0.421051368422
node
0.4749992875
disable
0.37999943
done
10
170 171 1.070652027955 18 1
171 1000001 1.2115237891781 19 1
170 1000001 1.2115237891781 17 0
47 1000002 -1.042573320719 2216 1
132 1000003 0.26519409772027 15 1
109 1000003 0.9226966154973 2217 1
140 1000003 -1.3610644856105 2189 1
130 1000005 0.27753532517472 16 1
21 1000006 0.68037965025788 2190 1
170 1000006 -1.3484908597064 2191 1
0
172
connections
0.69999790000157
step
0.33240847645654
link
1.9999940000045
enable
0.19999940000045
bias
0.44321130194205
node
0.451249323125
disable
0.3609994585
done
12
170 171 1.070652027955 18 1
171 1000001 1.2115237891781 19 1
170 1000001 1.2115237891781 17 1
47 1000002 -1.042573320719 2216 1
132 1000003 0.26519409772027 15 1
109 1000003 0.9226966154973 2217 1
140 1000003 -1.3610644856105 2189 1
130 1000005 0.27753532517472 16 1
21 1000006 0.68037965025788 2190 1
170 1000006 -1.3484908597064 2191 1
80 1000001 -0.1454512161626 2247 1
1000003 1000001 1.7471846675008 2248 1
0
0
1
0
172
connections
0.69999895
step
0.285
link
1.999997
enable
0.1805
bias
0.3999994
node
0.49999925
disable
0.3999994
done
10
170 171 0.77894604327525 18 1
171 1000001 0.19489120151372 19 1
170 1000001 1.3936291085543 17 0
132 1000003 0.21497314371166 15 0
130 1000005 0.23740791039766 16 0
137 1000002 1.5084078493606 2236 1
10 1000005 0.91915646839808 2237 1
170 1000006 -1.5124362926115 2238 0
130 172 1 2239 1
172 1000005 0.23740791039766 2240 1
