17
0
13
0
14
2
-1
171
connections
0.225625
step
0.11080299169
link
1.805
enable
0.1999997
bias
0.3999994
node
0.55401495845
disable
0.3999994
done
7
170 171 1 214 1
48 1000001 1.4817957090976 211 1
20 1000002 -0.74373607593005 28 1
170 1000003 0.93234046449171 29 1
170 1000004 -1.2283700064089 213 0
171 1000004 -1.2283700064089 215 1
1000003 1000005 -1.1172826319163 212 1
0
172
connections
0.23749964375
step
0.095
link
1.89999715
enable
0.189999715
bias
0.37999943
node
0.58317276571322
disable
0.421051368422
done
11
170 171 -0.41804254280221 214 1
48 1000001 1.5528072450941 211 1
20 1000002 -0.68716284676656 28 1
170 1000003 0.86280175176244 29 1
170 1000004 -1.2637844477676 213 0
171 1000004 -1.3112279122288 215 1
1000003 1000005 -1.058987243263 212 1
84 1000003 1.2870876186407 926 1
153 1000001 -0.24604022339549 927 0
48 172 1 928 1
172 1000001 1.5528072450941 929 1
0
11
2
-1
171
connections
0.277007479225
step
0.09999985
link
1.999997
enable
0.22160598338
bias
0.44321196676
node
0.49999925
disable
0.3999994
done
7
102 171 1 368 1
170 1000002 -0.38935514389477 367 0
170 1000003 -0.24909207434309 36 1
148 1000004 -0.17352824488052 366 1
171 1000004 1.4875331888791 369 1
102 1000004 1.4875331888791 365 1
32 1000006 -0.17023224585711 35 1
0
171
connections
0.29158638285661
step
0.1052628421055
link
2.10525684211
enable
0.23326910628529
bias
0.421051368422
node
0.4749992875
disable
0.421051368422
done
10
102 171 0.97542781801813 368 1
170 1000002 -0.38935514389477 367 0
170 1000003 -0.24909207434309 36 0
148 1000004 -0.17352824488052 366 1
171 1000004 1.6712546159246 369 1
102 1000004 1.4875331888791 365 1
32 1000006 -0.11556564619892 35 1
63 1000001 -0.33381145664846 930 1
134 1000006 -1.928830835902 931 1
170 1000006 0.68379772331919 932 1
0
7
3
-1
171
connections
0.26315710526375
step
0.0857375
link
1.89999715
enable
0.189999715
bias
0.421051368422
node
0.4286875
disable
0.421051368422
done
8
122 171 1 569 1
1000003 1000002 -1.282937101352 21 1
129 1000004 -1.7484054078799 567 1
171 1000004 -0.40788507683035 570 1
37 1000004 -0.70777496375927 207 1
122 1000004 -0.40788507683035 20 0
170 1000006 -0.76229132969146 568 0
89 1000006 1.2560467219306 208 1
0
172
connections
0.27700706371378
step
0.090249864625
link
1.8049972925
enable
0.18049972925
bias
0.3999988000009
node
0.407253125
disable
0.3999988000009
done
13
122 171 1.740592669454 569 0
1000003 1000002 -0.34382152775658 21 1
129 1000004 -1.7623393678133 567 1
171 1000004 -0.4761446793268 570 1
37 1000004 -0.62050524237363 207 1
122 1000004 1.0573442793054 20 0
170 1000006 -0.83850532560315 568 0
89 1000006 1.3335001489492 208 1
1000004 1000003 1.5214697714164 933 1
98 1000002 1.8568071535386 934 1
170 1000004 1.7831965086825 935 1
122 172 1 936 1
172 171 1.740592669454 937 1
0
172
connections
0.24999925000056
step
0.081450625
link
1.8049972925
enable
0.18049972925
bias
0.3999988000009
node
0.451249323125
disable
0.44321130194205
done
11
122 171 1 569 1
1000003 1000002 -1.282937101352 21 1
129 1000004 -1.7484054078799 567 1
171 1000004 -0.40788507683035 570 1
37 1000004 -0.70777496375927 207 0
122 1000004 -0.40788507683035 20 0
170 1000006 -0.76229132969146 568 0
89 1000006 1.2560467219306 208 1
120 1000006 -1.8018738364818 973 1
37 172 1 974 1
172 1000004 -0.70777496375927 975 1
0
5
3
-1
170
connections
0.249999625
step
0.09999985
link
1.805
enable
0.1805
bias
0.44321196676
node
0.49999925
disable
0.44321196676
done
3
27 1000005 1.4709311197241 42 1
87 1000006 -0.67647328104495 657 1
55 1000006 0.76400036622211 658 1
0
170
connections
0.26315710526375
step
0.0949998575
link
1.89999715
enable
0.171475
bias
0.421051368422
node
0.5263142105275
disable
0.46653821257058
done
5
27 1000005 1.4709311197241 42 1
87 1000006 -0.67647328104495 657 1
55 1000006 0.76400036622211 658 1
139 1000004 -1.5223242896817 940 1
91 1000003 0.8401745658742 941 1
0
170
connections
0.26315710526375
step
0.0949998575
link
1.89999715
enable
0.189999715
bias
0.421051368422
node
0.5263142105275
disable
0.46653821257058
done
5
27 1000005 1.5303629285224 42 1
87 1000006 -0.72588526784181 657 1
55 1000006 0.82614587681242 658 1
26 1000006 -0.39875484481338 942 0
107 1000004 1.4097720267342 943 1
0
5
3
-1
171
connections
0.277007479225
step
0.09025
link
1.805
enable
0.1999997
bias
0.3999994
node
0.55401495845
disable
0.44321196676
done
5
27 171 1 661 1
81 1000001 -1.6054567094943 660 1
87 1000004 0.78719443342387 659 1
27 1000005 1.5115487151708 42 0
171 1000005 1.5115487151708 662 1
0
171
connections
0.29158638285661
step
0.0857375
link
1.71475
enable
0.210525684211
bias
0.421051368422
node
0.58317276571322
disable
0.46653821257058
done
8
27 171 1 661 1
81 1000001 -1.6054567094943 660 1
87 1000004 0.78719443342387 659 1
27 1000005 1.5115487151708 42 0
171 1000005 1.5115487151708 662 1
163 1000002 -0.98641926328318 944 1
3 1000006 0.26923429059725 945 1
170 1000006 -1.4155095065157 946 1
0
172
connections
0.29158638285661
step
0.0857375
link
1.89999715
enable
0.210525684211
bias
0.37999943
node
0.5263142105275
disable
0.46653821257058
done
7
27 171 1 661 1
81 1000001 -1.6054567094943 660 1
87 1000004 0.78719443342387 659 1
27 1000005 1.5115487151708 42 1
171 1000005 1.5115487151708 662 1
167 171 0.28351695303201 947 1
48 1000004 -1.8604693746757 948 1
0
5
3
-1
171
connections
0.26315710526375
step
0.0857375
link
1.71475
enable
0.189999715
bias
0.37999943
node
0.4749992875
disable
0.46653821257058
done
8
37 171 1 671 1
1000003 1000002 -1.4929291173284 21 1
1000006 1000003 -1.3320108645894 670 1
171 1000004 -0.6940693140202 672 1
37 1000004 -0.6940693140202 207 0
122 1000004 -0.3762872482223 20 1
158 1000006 1.3609424115726 669 0
89 1000006 1.1904176446577 208 1
0
171
connections
0.24999925000056
step
0.095
link
1.6290125
enable
0.19999940000045
bias
0.3609994585
node
0.451249323125
disable
0.44321130194205
done
11
37 171 1.0187379070406 671 1
1000003 1000002 -1.4473614730522 21 1
1000006 1000003 -1.2837469100009 670 1
171 1000004 -0.67977886936552 672 1
37 1000004 -0.7428493366039 207 0
122 1000004 -0.45847832461013 20 1
158 1000006 1.3872763756218 669 0
89 1000006 1.2454136772515 208 0
160 1000004 0.59883419293802 949 1
83 1000002 1.5795770134587 950 1
170 171 1.2696310312204 951 1
0
171
connections
0.24999925000056
step
0.081450625
link
1.8049972925
enable
0.19999940000045
bias
0.3609994585
node
0.451249323125
disable
0.44321130194205
done
10
37 171 1 671 1
1000003 1000002 -1.4929291173284 21 1
1000006 1000003 -1.3320108645894 670 0
171 1000004 -0.6940693140202 672 1
37 1000004 -0.6940693140202 207 0
122 1000004 -0.3762872482223 20 1
158 1000006 1.3609424115726 669 0
89 1000006 1.1904176446577 208 1
118 1000002 0.19000823999756 963 1
66 1000006 -0.58247627185888 964 1
0
3
5
-1
170
connections
0.26315710526375
step
0.11080299169
link
1.89999715
enable
0.189999715
bias
0.421051368422
node
0.58317276571322
disable
0.37999943
done
5
49 1000001 -1.5696890163884 800 0
134 1000003 0.5768608661153 799 1
127 1000004 -1.0555131687368 709 1
27 1000005 1.3754083283486 42 1
170 1000005 -0.32197027497177 801 1
0
170
connections
0.27700706371378
step
0.11663455314264
link
1.9999940000045
enable
0.19999940000045
bias
0.3999988000009
node
0.61386514837271
disable
0.3609994585
done
7
49 1000001 -1.5696890163884 800 0
134 1000003 0.5768608661153 799 1
127 1000004 -1.0555131687368 709 1
27 1000005 1.3754083283486 42 1
170 1000005 -0.32197027497177 801 1
146 1000001 -1.8284859767449 952 1
55 1000006 -0.13458662678915 953 1
0
171
connections
0.24999925000056
step
0.105263
link
1.8049972925
enable
0.19999940000045
bias
0.3999988000009
node
0.61386514837271
disable
0.3999988000009
done
9
49 1000001 -1.6411825331889 800 0
134 1000003 0.5532973996704 799 1
127 1000004 -1.0258652843715 709 1
27 1000005 1.3825753486129 42 1
170 1000005 -0.38397415579699 801 1
95 1000006 0.065004425183874 965 0
106 1000005 0.24909207434309 966 1
95 171 1 967 1
171 1000006 0.065004425183874 968 1
0
170
connections
0.24999925000056
step
0.11663455314264
link
1.9999940000045
enable
0.19999940000045
bias
0.3999988000009
node
0.55401412742756
disable
0.3999988000009
done
7
49 1000001 -1.5696890163884 800 0
134 1000003 0.5768608661153 799 1
127 1000004 -1.0555131687368 709 1
27 1000005 1.3754083283486 42 1
170 1000005 -0.32197027497177 801 1
124 1000004 1.5434430982391 971 1
119 1000003 1.8663289284951 972 1
0
171
connections
0.24999925000056
step
0.1052628421055
link
1.8049972925
enable
0.18049972925
bias
0.3999988000009
node
0.61386514837271
disable
0.3609994585
done
8
49 1000001 -1.5696890163884 800 0
134 1000003 0.5768608661153 799 0
127 1000004 -1.0555131687368 709 1
27 1000005 1.3754083283486 42 1
170 1000005 -0.32197027497177 801 1
66 1000001 1.6802880947295 976 1
134 171 1 977 1
171 1000003 0.5768608661153 978 1
0
2
1
-1
170
connections
0.26315710526375
step
0.0949998575
link
1.89999715
enable
0.171475
bias
0.421051368422
node
0.4749992875
disable
0.421051368422
done
6
11 1000001 -1.5224463637196 829 1
170 1000002 -1.1343729972228 830 0
111 1000004 -1.1720938749351 828 1
27 1000005 1.4709311197241 42 1
87 1000006 -0.67647328104495 657 1
55 1000006 0.76400036622211 658 1
0
1
1
-1
171
connections
0.23749964375
step
0.0949998575
link
1.89999715
enable
0.171475
bias
0.421051368422
node
0.4749992875
disable
0.46653821257058
done
7
27 171 1 882 1
49 1000002 0.25470748008667 880 1
117 1000003 0.80416272469253 881 1
27 1000005 1.4709311197241 42 0
171 1000005 1.4709311197241 883 1
55 1000006 0.76400036622211 658 1
87 1000006 -0.67647328104495 657 1
0
1
1
-1
172
connections
0.29158638285661
step
0.0949998575
link
1.71475
enable
0.210525684211
bias
0.37999943
node
0.5263142105275
disable
0.46653821257058
done
9
27 171 1.0860237669571 661 1
171 172 1 886 1
81 1000001 -1.6889001403457 660 1
87 1000004 0.75456332907613 659 1
167 1000005 0.2003845332194 885 1
171 1000005 0.079165013580737 662 0
27 1000005 1.4611567805045 42 0
172 1000005 0.079165013580737 887 0
156 1000006 -1.0315866573077 884 1
0
1
1
-1
172
connections
0.26315710526375
step
0.0949998575
link
1.71475
enable
0.189999715
bias
0.37999943
node
0.58317276571322
disable
0.46653821257058
done
10
27 171 1 661 1
170 171 0.23651844843898 890 1
171 172 1 891 1
81 1000001 -1.6054567094943 660 1
44 1000003 1.947874385815 889 1
169 1000003 -0.1116367076632 888 1
87 1000004 0.78719443342387 659 1
171 1000005 1.5115487151708 662 0
27 1000005 1.5115487151708 42 0
172 1000005 1.5115487151708 892 1
0
1
4
-1
171
connections
0.24999925000056
step
0.105263
link
1.9999940000045
enable
0.19999940000045
bias
0.44321130194205
node
0.61386514837271
disable
0.3999988000009
done
10
134 171 1 913 1
49 1000001 -1.5696890163884 800 0
19 1000002 -0.4606463820307 910 1
171 1000003 0.5768608661153 914 1
134 1000003 0.5768608661153 799 1
127 1000004 -1.0555131687368 709 1
35 1000004 1.0716269417402 911 1
170 1000005 -0.32197027497177 801 1
27 1000005 1.3754083283486 42 1
170 1000006 -0.80184331797235 912 1
0
172
connections
0.26315671052809
step
0.09999985
link
1.8999943000043
enable
0.18999943000043
bias
0.42105073684495
node
0.64617287113157
disable
0.42105073684495
done
15
134 171 1 913 1
49 1000001 -1.5696890163884 800 1
19 1000002 -0.4606463820307 910 0
171 1000003 0.5768608661153 914 1
134 1000003 0.5768608661153 799 1
127 1000004 -1.0555131687368 709 1
35 1000004 1.0716269417402 911 1
170 1000005 -0.32197027497177 801 1
27 1000005 1.3754083283486 42 1
170 1000006 -0.80184331797235 912 1
105 1000001 -0.33649708548235 954 1
123 171 1.5261085848567 955 1
170 171 -1.7051911984619 956 1
19 172 1 957 1
172 1000002 -0.4606463820307 958 1
0
172
connections
0.26315671052809
step
0.09999985
link
2.1052536842247
enable
0.21052536842247
bias
0.42105073684495
node
0.58317189095407
disable
0.37999886000085
done
14
134 171 1 913 1
49 1000001 -1.5696890163884 800 0
19 1000002 -0.4606463820307 910 1
171 1000003 0.5768608661153 914 1
134 1000003 0.5768608661153 799 0
127 1000004 -1.0555131687368 709 1
35 1000004 1.0716269417402 911 1
170 1000005 -0.32197027497177 801 1
27 1000005 1.3754083283486 42 1
170 1000006 -0.80184331797235 912 0
127 1000006 1.2542497024445 959 1
87 1000004 0.60921048615986 960 1
134 172 1 961 1
172 1000003 0.5768608661153 962 1
0
172
connections
0.26315671052809
step
0.09999985
link
2.1052536842247
enable
0.21052536842247
bias
0.42105073684495
node
0.64617287113157
disable
0.37999886000085
done
12
134 171 1.0973996768929 913 1
49 1000001 -1.5748008590579 800 0
19 1000002 -0.53606666136814 910 1
171 1000003 0.50569486061739 914 1
134 1000003 -0.048524430066835 799 1
127 1000004 -1.0859492325831 709 1
35 1000004 1.0791497430418 911 1
170 1000005 -0.37104091275216 801 1
27 1000005 1.3557513858806 42 1
170 1000006 -0.80409252874691 912 1
145 1000004 1.2004150517289 969 0
76 1000001 1.6691793572802 970 1
0
0
1
0
173
connections
0.24999887500169
step
0.090249729250203
link
1.9999910000135
enable
0.18049945850041
bias
0.4432106371251
node
0.40725251412031
disable
0.3999982000027
done
17
122 171 1 569 1
37 173 1 820 1
130 1000001 -1.4866786706137 874 1
170 1000001 -1.4534745323038 876 1
1000003 1000002 -1.282937101352 21 1
44 1000003 1.2745139927366 819 1
37 1000004 -0.70777496375927 207 1
171 1000004 -0.40788507683035 570 1
129 1000004 -1.7484054078799 567 1
173 1000004 -0.70777496375927 821 1
122 1000004 -0.40788507683035 20 1
26 1000004 0.27497177037873 875 0
53 1000005 1.7841731009857 818 1
89 1000006 1.2560467219306 208 1
170 1000006 -0.76229132969146 568 0
82 1000005 1.7905209509568 938 1
124 1000002 -1.968260750145 939 1
