192
10000
2
10000
185
4
10000
172
connections
0.69999790000157
step
0.29999955
link
1.9999940000045
enable
0.19999940000045
bias
0.3999988000009
node
0.451249323125
disable
0.44321130194205
done
13
7 171 0.63949184228492 24 1
84 172 0.97342146996521 45 1
23 1000002 0.73064019042482 43 1
1000003 1000002 -1.1120258706244 21 1
172 1000003 0.63297497195196 46 1
84 1000003 0.49750961528825 22 0
48 1000004 -1.0716269417402 65 1
170 1000004 0.24382190664541 44 0
122 1000004 -0.41343833385266 20 0
7 1000005 0.92092488415632 23 0
171 1000005 0.90342791108585 25 1
106 1000006 1.3220222972182 42 1
67 1000006 -1.5325785088656 66 1
0
173
connections
0.73683878947866
step
0.3157885263165
link
2.1052536842247
enable
0.21052536842247
bias
0.37999886000085
node
0.42868685696875
disable
0.42105073684495
done
18
7 171 0.80848356593859 24 1
84 172 1.0459814179201 45 1
23 1000002 0.72991738578986 43 1
1000003 1000002 -1.3000610870605 21 1
172 1000003 0.37711176857122 46 1
84 1000003 0.69454023865474 22 0
48 1000004 -1.2725955424445 65 1
170 1000004 -1.9812005981628 44 0
122 1000004 -0.34457914562879 20 0
7 1000005 0.88724218816718 23 0
171 1000005 0.64752615812458 25 1
106 1000006 1.3767916137579 42 1
67 1000006 -1.8341229651758 66 1
136 171 -0.32746360667745 1873 0
20 1000005 0.56257820368053 1874 1
170 1000006 0.62947477645192 1875 1
136 173 1 1876 1
173 171 -0.32746360667745 1877 1
0
173
connections
0.69999685000472
step
0.315789
link
1.8049945850041
enable
0.18049945850041
bias
0.36099891700081
node
0.45124864625102
disable
0.49109138205999
done
19
7 171 0.28313898532517 24 0
84 172 -1.00057985168 45 1
23 1000002 0.68488176969665 43 1
1000003 1000002 -0.0057985168004395 21 1
172 1000003 0.43797162632984 46 1
84 1000003 -0.40534684286019 22 0
48 1000004 -1.0499234953459 65 0
80 1000004 -0.48457638865322 1864 1
170 1000004 0.10712488903623 44 0
122 1000004 0.38619081347087 20 0
7 1000005 1.0880375664281 23 1
171 1000005 1.4088907692053 25 1
67 1000006 -1.270749365154 66 1
106 1000006 1.1724689752174 42 1
10 1000006 0.57300931891842 1865 1
1000002 1000001 1.9687490462966 1878 1
170 1000005 1.0690633869442 1879 1
7 173 1 1880 1
173 171 0.28313898532517 1881 1
0
172
connections
0.6649980050015
step
0.3157885263165
link
1.8999943000043
enable
0.21052536842247
bias
0.42105073684495
node
0.47499857500107
disable
0.46653751276326
done
16
7 171 0.6785329299679 24 1
84 172 0.83542360905863 45 1
23 1000002 0.46195925151745 43 1
1000003 1000002 -0.9466963571212 21 1
172 1000003 0.47751415106475 46 1
84 1000003 0.63577732325855 22 0
48 1000004 -0.97240995884798 65 1
170 1000004 0.82601397747734 44 0
122 1000004 -0.67142176416261 20 0
7 1000005 0.86802522227237 23 1
171 1000005 0.98173174653986 25 1
106 1000006 -1.9311502426222 42 1
67 1000006 -1.2914026956673 66 1
21 171 1.7048249763482 1882 1
153 1000003 -0.086123233741264 1883 1
170 1000003 1.1276589251381 1884 1
0
1
1
0
174
connections
0.66499700750449
step
0.33240897507
link
2.1052505263442
enable
0.17147448557539
bias
0.37999829000256
node
0.3868898884143
disable
0.42105010526884
done
22
7 171 1.191453396213 24 1
53 172 -1.759941061481 1852 1
84 172 0.96348081379025 45 1
106 173 0.75453047365432 1839 1
32 173 -0.96395764030885 1872 1
167 1000001 0.41178266626408 1837 1
1000003 1000002 -1.286289887923 21 1
23 1000002 -0.69502853480636 43 1
108 1000003 -1.8727891741061 1851 1
170 1000003 1.0547913133911 1838 1
84 1000003 0.3925022339246 22 0
172 1000003 0.83416979782623 46 1
48 1000004 -1.3056909502288 65 1
170 1000004 0.61906470830147 44 0
122 1000004 -0.43052412232124 20 0
7 1000005 1.2018856255983 23 0
171 1000005 -1.3499557481613 25 1
117 1000005 1.7968688009278 1871 1
41 1000005 1.4628166030525 1836 1
106 1000006 1.0643234354862 42 0
173 1000006 1.6220344195082 1840 1
67 1000006 -1.5567907619655 66 1
