198
10000
2
10000
191
3
10000
172
connections
0.69999790000157
step
0.29999955
link
1.9999940000045
enable
0.19999940000045
bias
0.3999988000009
node
0.451249323125
disable
0.44321130194205
done
13
7 171 0.63949184228492 24 1
84 172 0.97342146996521 45 1
23 1000002 0.73064019042482 43 1
1000003 1000002 -1.1120258706244 21 1
172 1000003 0.63297497195196 46 1
84 1000003 0.49750961528825 22 0
48 1000004 -1.0716269417402 65 1
170 1000004 0.24382190664541 44 0
122 1000004 -0.41343833385266 20 0
7 1000005 0.92092488415632 23 0
171 1000005 0.90342791108585 25 1
106 1000006 1.3220222972182 42 1
67 1000006 -1.5325785088656 66 1
0
174
connections
0.6649980050015
step
0.2849995725
link
1.8999943000043
enable
0.18999943000043
bias
0.37999886000085
node
0.47499857500107
disable
0.42105073684495
done
16
7 171 0.63949184228492 24 1
84 172 0.97342146996521 45 1
23 1000002 0.73064019042482 43 1
1000003 1000002 -1.1120258706244 21 1
172 1000003 0.24376751108493 46 1
84 1000003 0.49750961528825 22 0
48 1000004 1.3089388714255 65 1
170 1000004 0.24382190664541 44 0
122 1000004 -0.41343833385266 20 0
7 1000005 0.92092488415632 23 0
171 1000005 1.186461789339 25 1
106 1000006 1.5749010340835 42 1
67 1000006 -1.5325785088656 66 1
71 1000003 0.71309549241615 1930 1
6 1000006 1.3720511490219 1931 1
170 1000003 1.9875484481338 1932 1
0
174
connections
0.69999685000472
step
0.270749593875
link
1.9999910000135
enable
0.19999910000135
bias
0.4432106371251
node
0.40725251412031
disable
0.3999982000027
done
19
7 171 0.55635240125779 24 1
84 172 0.96288021712267 45 1
9 172 0.48993987372067 1924 1
1000003 1000002 -1.0350354544778 21 1
23 1000002 0.38586742196202 43 1
84 1000003 0.26747772516097 22 1
172 1000003 0.3396746901403 46 1
48 1000004 1.5381427345957 65 1
170 1000004 0.089963277910394 44 0
39 1000004 -0.67796468455187 1925 1
122 1000004 -0.17481653382209 20 0
7 1000005 -0.051942503128147 23 0
171 1000005 0.98333555665894 25 1
106 1000006 1.4542217586374 42 1
158 1000006 2.0997273125505 1923 1
67 1000006 -1.4333069323635 66 1
108 1000001 -0.86275826288644 1933 1
47 1000005 1.3711966307566 1934 1
170 1000001 0.28168584246345 1935 1
0
7
2
0
174
connections
0.66499700750449
step
0.33240897507
link
2.1052505263442
enable
0.17147448557539
bias
0.37999829000256
node
0.3868898884143
disable
0.42105010526884
done
22
7 171 1.191453396213 24 1
53 172 -1.759941061481 1852 1
84 172 0.96348081379025 45 1
106 173 0.75453047365432 1839 1
32 173 -0.96395764030885 1872 1
167 1000001 0.41178266626408 1837 1
1000003 1000002 -1.286289887923 21 1
23 1000002 -0.69502853480636 43 1
108 1000003 -1.8727891741061 1851 1
170 1000003 1.0547913133911 1838 1
84 1000003 0.3925022339246 22 0
172 1000003 0.83416979782623 46 1
48 1000004 -1.3056909502288 65 1
170 1000004 0.61906470830147 44 0
122 1000004 -0.43052412232124 20 0
7 1000005 1.2018856255983 23 0
171 1000005 -1.3499557481613 25 1
117 1000005 1.7968688009278 1871 1
41 1000005 1.4628166030525 1836 1
106 1000006 1.0643234354862 42 0
173 1000006 1.6220344195082 1840 1
67 1000006 -1.5567907619655 66 1
0
174
connections
0.63174715712926
step
0.3157885263165
link
1.999988000027
enable
0.16290076129662
bias
0.36099837550244
node
0.36754539399358
disable
0.44320997230914
done
24
7 171 1.4959661702242 24 1
53 172 -1.644340506863 1852 1
84 172 1.1947879343726 45 1
106 173 1.9545884578997 1839 1
32 173 -0.81703555150929 1872 1
167 1000001 0.48667486384108 1837 1
1000003 1000002 -0.97279506164813 21 1
23 1000002 -0.84996893635641 43 1
108 1000003 -1.9924567094701 1851 1
170 1000003 1.0069994709276 1838 1
84 1000003 0.24480915351442 22 0
172 1000003 0.54922093593469 46 1
48 1000004 -1.2562800253829 65 1
170 1000004 0.53632767108637 44 0
122 1000004 -0.32660409060424 20 0
7 1000005 1.1409869257541 23 0
171 1000005 -1.6511147086662 25 1
117 1000005 1.858422843641 1871 1
41 1000005 1.3460981105992 1836 1
106 1000006 1.2634994806958 42 0
173 1000006 1.6590902037938 1840 1
67 1000006 -1.6593615583639 66 1
61 172 -1.9437238685263 1936 1
81 173 -1.0697958311716 1937 1
