350
79980
3
79980
28
3
79980
173
connections
0.69999580000945
step
0.3157885263165
link
1.999988000027
enable
0.1999988000027
bias
0.49109064542292
node
0.49999700000675
disable
0.36099837550244
done
22
53 171 0.39411603137303 4787 1
120 172 1.2858857181447 4805 1
53 1000001 1.9761955626087 4730 0
70 1000001 -1.294289986877 4803 1
118 1000001 0.97931724531652 4471 1
170 1000001 0.21855852884762 202 1
171 1000001 -1.7070521566073 4788 1
55 1000002 0.4979322227195 4244 1
93 1000002 -0.063534490452284 4472 1
35 1000002 1.3034455397198 5709 1
1000003 1000002 2.0225662161245 21 0
44 1000003 0.61197917158 4731 1
167 1000004 -1.5696890163884 4245 0
47 1000004 -0.89301564955443 201 1
120 1000004 1.6090487345027 4785 0
172 1000004 1.6090487345027 4806 1
122 1000004 -0.18473946439711 20 1
138 1000005 0.43729287891488 4786 1
168 1000006 0.60410019363689 200 1
170 1000006 1.3898978885052 4246 1
79 1000006 0.13962935270241 4804 1
76 1000006 0.45039216284677 5710 1
0
174
connections
0.73683657896395
step
0.29999910000067
link
2.1052473684684
enable
0.18999886000256
bias
0.46653611315177
node
0.5263118421171
disable
0.34294845672731
done
24
53 171 0.30036317026276 4787 0
120 172 1.5157168716625 4805 1
53 1000001 2.2455602747008 4730 0
70 1000001 -1.1314315014859 4803 1
118 1000001 0.79465029847934 4471 1
170 1000001 0.056972661483752 202 1
171 1000001 -1.8685098466159 4788 1
55 1000002 0.42431264316979 4244 1
93 1000002 0.38907681177145 4472 1
35 1000002 1.5784500554436 5709 1
1000003 1000002 1.8283317452692 21 0
44 1000003 0.13483077486496 4731 1
167 1000004 -1.3983250479228 4245 0
47 1000004 -1.0745330956622 201 1
120 1000004 1.6308114183218 4785 0
172 1000004 1.8688184560005 4806 1
122 1000004 -0.47613237054419 20 1
138 1000005 0.27530416843446 4786 1
168 1000006 0.56005296105218 200 1
170 1000006 1.6428650546485 4246 1
79 1000006 -0.064071931391797 4804 1
76 1000006 0.33957368369371 5710 1
118 1000006 -0.31147190771203 6482 1
137 1000006 -0.79061250648518 6483 1
0
174
connections
0.69999475001575
step
0.27075
link
2.2160465374709
enable
0.1999985000045
bias
0.49108990878695
node
0.49999625001125
disable
0.32580103389095
done
26
53 171 0.36636099581896 4787 1
33 171 -0.60890485091708 6464 1
120 172 1.035974717748 4805 1
70 1000001 -1.5136403769434 4803 1
118 1000001 0.90502542893063 4471 1
53 1000001 2.0834891430403 4730 0
171 1000001 -1.8480087363979 4788 1
170 1000001 0.21329507018494 202 0
55 1000002 0.51380522757195 4244 1
93 1000002 -0.071904794416639 4472 1
1000003 1000002 2.0089737679296 21 0
35 1000002 1.3252843485824 5709 1
44 1000003 0.56854038962608 4731 1
172 1000004 1.3465450951704 4806 1
167 1000004 -1.7162974105045 4245 0
47 1000004 -1.0836817541719 201 1
122 1000004 0.081664257335124 20 1
120 1000004 1.6500739656804 4785 0
138 1000005 0.89886010978487 4786 1
76 1000006 0.67648763478823 5710 1
170 1000006 1.403771274839 4246 1
75 1000006 -0.84606019013031 6463 1
168 1000006 0.39196711004669 200 1
79 1000006 0.0078445768608661 4804 1
95 1000004 0.026429029206214 6484 1
49 1000005 -1.1552476577044 6485 1
180
1
5
180
185
connections
0.66499401502244
step
0.315789
link
2.3326735677224
enable
0.21052410527311
bias
0.57278052064228
node
0.5831683919306
disable
0.30951051792993
done
36
53 171 1.0491364276117 4787 1
1000004 171 -0.032682193104703 6361 1
31 172 -0.69706628874777 6285 1
103 172 0.47282675713812 6335 1
120 172 1.3499753176201 4805 1
76 185 1 6428 1
139 1000001 -1.1757560960723 6284 1
134 1000001 -0.58455153050325 6426 1
71 1000001 1.9303635619052 6360 0
97 1000001 1.563829462569 6425 1
53 1000001 -1.5535771171635 4730 0
70 1000001 -1.8532896053534 4803 1
171 1000001 0.34675130466628 4788 1
118 1000001 0.23839714825141 4471 1
170 1000001 0.63361207694294 202 1
55 1000002 0.18638667463413 4244 1
35 1000002 0.99120801866166 5709 1
23 1000002 1.3246637956786 6377 1
93 1000002 -0.058802035306872 4472 1
1000003 1000002 1.7807650673168 21 0
96 1000003 -0.77401043733024 6424 1
44 1000003 0.34603290779731 4731 1
136 1000003 -1.1704253497619 6334 1
122 1000004 -0.31697508996857 20 1
172 1000004 1.5053272888882 4806 1
167 1000004 -1.7866532550698 4245 0
120 1000004 1.9493267247595 4785 0
47 1000004 -2.064394619863 201 1
94 1000004 -2.0431078727073 6378 1
138 1000005 0.46873889263588 4786 1
170 1000005 -0.33893856624042 6427 1
79 1000006 -0.15998815354014 4804 1
76 1000006 -0.18084884963623 5710 0
168 1000006 0.1862666662342 200 1
170 1000006 0.50344128584785 4246 1
185 1000006 -0.18084884963623 6429 1
0
185
connections
0.69999265003307
step
0.33240897507
link
2.4554421775916
enable
0.19999790000945
bias
0.54414149461017
node
0.61386054439791
disable
0.32580005648858
done
38
53 171 1.332384542878 4787 1
1000004 171 0.07287264516561 6361 1
31 172 -0.61100942252508 6285 1
103 172 0.53873639522003 6335 1
120 172 1.0558724520463 4805 1
76 185 0.95032176424702 6428 1
139 1000001 -0.94560495567452 6284 1
134 1000001 -0.83990192301666 6426 1
71 1000001 1.6862331262516 6360 0
97 1000001 1.8116525422524 6425 1
53 1000001 -1.6266082830172 4730 0
70 1000001 -1.6111069379793 4803 1
171 1000001 0.26004518235044 4788 1
118 1000001 0.55177480409074 4471 1
170 1000001 -1.748283333842 202 1
55 1000002 0.31361043501357 4244 1
35 1000002 0.71711035645833 5709 1
23 1000002 1.5615915465487 6377 1
93 1000002 -0.12353489671993 4472 1
1000003 1000002 1.6626917600003 21 1
96 1000003 -0.60156193221183 6424 1
44 1000003 0.20330815819375 4731 1
136 1000003 -0.97298048505692 6334 1
122 1000004 -0.39664084152424 20 1
172 1000004 1.2959117649657 4806 1
167 1000004 -1.1205786309397 4245 0
120 1000004 0.88717307046724 4785 0
47 1000004 -2.0447241891656 201 1
94 1000004 -1.8476107762818 6378 1
138 1000005 0.49072229816513 4786 1
170 1000005 -0.60214089963046 6427 1
79 1000006 0.0043649396667146 4804 1
76 1000006 -0.46618675795234 5710 0
168 1000006 0.4130497906487 200 1
170 1000006 0.7099554466041 4246 1
185 1000006 -0.03741397618078 6429 1
19 1000001 -0.157658619953 6486 1
47 185 -0.62556840723899 6487 1
0
185
connections
0.69999265003307
step
0.285
link
2.2160398893363
enable
0.19999790000945
bias
0.54414149461017
node
0.55400997233407
disable
0.29403499203343
done
38
53 171 1.0491364276117 4787 1
1000004 171 -0.032682193104703 6361 1
31 172 -0.69706628874777 6285 1
103 172 0.47282675713812 6335 1
120 172 1.3499753176201 4805 1
76 185 1 6428 1
139 1000001 -1.1757560960723 6284 1
134 1000001 -0.58455153050325 6426 1
71 1000001 1.9303635619052 6360 0
97 1000001 1.563829462569 6425 1
53 1000001 -1.5535771171635 4730 0
70 1000001 -1.8532896053534 4803 1
171 1000001 0.34675130466628 4788 1
118 1000001 0.23839714825141 4471 1
170 1000001 0.63361207694294 202 1
55 1000002 0.18638667463413 4244 1
35 1000002 0.99120801866166 5709 1
23 1000002 1.3246637956786 6377 1
93 1000002 -0.058802035306872 4472 0
1000003 1000002 1.7807650673168 21 0
96 1000003 -0.77401043733024 6424 1
44 1000003 0.34603290779731 4731 1
136 1000003 -1.1704253497619 6334 1
122 1000004 -0.31697508996857 20 1
172 1000004 1.5053272888882 4806 1
167 1000004 -1.7866532550698 4245 1
120 1000004 1.9493267247595 4785 0
47 1000004 -2.064394619863 201 1
94 1000004 -2.0431078727073 6378 1
138 1000005 0.46873889263588 4786 1
170 1000005 -0.33893856624042 6427 1
79 1000006 -0.15998815354014 4804 1
76 1000006 -0.18084884963623 5710 0
168 1000006 0.1862666662342 200 1
170 1000006 0.50344128584785 4246 1
185 1000006 -0.18084884963623 6429 1
82 1000004 1.7623218482009 6488 1
12 1000001 -1.3815729239784 6489 1
0
185
connections
0.63174431427132
step
0.315789
link
2.2160398893363
enable
0.22160398893363
bias
0.60292595944368
node
0.55400997233407
disable
0.32580005648858
done
39
53 171 0.37580492568743 4787 1
1000004 171 -0.18820107164104 6361 1
31 172 -0.5637520019043 6285 1
103 172 0.22550191485778 6335 1
120 172 1.5009260640113 4805 1
76 185 1.0509722593158 6428 1
139 1000001 -1.0274074502701 6284 1
134 1000001 -0.85458210977508 6426 1
71 1000001 1.8069758069383 6360 0
97 1000001 1.8423602370983 6425 1
53 1000001 -1.3680280703481 4730 0
70 1000001 -1.8760435293928 4803 1
171 1000001 0.1710131408124 4788 1
118 1000001 0.0066530350657672 4471 1
170 1000001 0.62874518510054 202 1
55 1000002 0.27340284581245 4244 1
35 1000002 1.2501941265446 5709 1
23 1000002 1.0592398981903 6377 1
93 1000002 -0.036568531385244 4472 1
1000003 1000002 1.5285058713269 21 0
96 1000003 -0.37141026032289 6424 1
44 1000003 0.22125736584962 4731 1
136 1000003 -1.3795860500701 6334 1
122 1000004 -0.32712328226569 20 1
172 1000004 1.266791764153 4806 1
167 1000004 -1.854683729358 4245 0
120 1000004 1.7899336075684 4785 0
47 1000004 -2.2908641077929 201 1
94 1000004 -2.2228166493118 6378 1
138 1000005 0.51755237220374 4786 1
170 1000005 -0.070237949491867 6427 1
79 1000006 -0.24100985595416 4804 1
76 1000006 -0.11709738520555 5710 1
168 1000006 -0.04985950610382 200 1
170 1000006 0.80147817738507 4246 1
185 1000006 -0.32856142640554 6429 1
104 172 -1.9666737876522 6492 1
128 172 -1.2757347331156 6493 1
170 1000003 0.88216803491317 6494 1
0
185
connections
0.69999265003307
step
0.33240897507
link
2.4554421775916
enable
0.19999790000945
bias
0.54414149461017
node
0.55400997233407
disable
0.32580005648858
done
38
53 171 0.88551374750968 4787 1
1000004 171 0.01535261316247 6361 1
31 172 1.0306100650044 6285 1
103 172 0.20365938339221 6335 1
120 172 1.1622287158066 4805 1
76 185 1.1217659513463 6428 1
139 1000001 0.088320566423536 6284 1
134 1000001 -0.70136690413926 6426 1
71 1000001 1.9316316402121 6360 0
97 1000001 1.8579323281428 6425 1
53 1000001 -1.5617638307132 4730 0
70 1000001 0.64851832636494 4803 1
171 1000001 0.64399900444124 4788 1
118 1000001 1.1812494277779 4471 1
170 1000001 0.70579109417439 202 1
55 1000002 -0.010733562024248 4244 1
35 1000002 1.308704392842 5709 1
23 1000002 1.1214567831469 6377 1
93 1000002 0.041923960770585 4472 1
1000003 1000002 1.851868754144 21 0
96 1000003 -0.88031597795827 6424 1
44 1000003 -1.0265816217536 4731 1
136 1000003 -0.84024819251211 6334 1
122 1000004 -0.44888566777048 20 1
172 1000004 1.8159050278258 4806 1
167 1000004 1.869014557329 4245 0
120 1000004 0.25312051759392 4785 0
47 1000004 -1.8521588897858 201 1
94 1000004 -1.7338692244618 6378 1
138 1000005 0.27356642425697 4786 1
170 1000005 -0.099129741456962 6427 1
79 1000006 -0.32533542013965 4804 1
76 1000006 -0.029480878292517 5710 0
168 1000006 0.54597613452559 200 1
170 1000006 0.28006675592243 4246 1
185 1000006 0.039238821317584 6429 1
32 1000006 1.6500137333293 6495 1
146 1000001 0.5617236854152 6496 1
19980
1
2
19980
186
connections
0.63174431427132
step
0.33240797784382
link
1.9999790000945
enable
0.22160398893363
bias
0.54414149461017
node
0.45124593876523
disable
0.32580005648858
done
37
53 171 0.87876939644168 4787 1
112 171 -0.75374614703818 6447 1
170 171 -0.43794324934525 6399 1
37 171 -0.13983581041902 6431 1
1000004 171 -0.12969548531354 6361 1
103 172 0.72896008946974 6335 1
31 172 1.7477801985281 6285 1
120 172 1.1831199246101 4805 1
19 186 1.6613666188543 6446 1
47 186 0.67286721208747 6432 1
118 1000001 -0.046826439978766 4471 1
171 1000001 -1.27024140141 4788 0
71 1000001 -0.022691955802621 6360 1
139 1000001 -1.462743851791 6284 1
53 1000001 1.7538618459025 4730 1
70 1000001 -1.9631219228119 4803 1
170 1000001 0.35678535529493 202 1
55 1000002 0.52770576676463 4244 1
35 1000002 1.4556883655552 5709 1
1000003 1000002 1.8826902629807 21 1
93 1000002 -0.62939461671661 4472 1
136 1000003 -1.1141687370924 6334 1
57 1000003 -1.2558925776681 6398 1
168 1000003 0.15387432477798 6397 1
44 1000003 1.034913548583 4731 1
167 1000004 -1.4145248151461 4245 0
186 1000004 -2.3533294733425 6433 1
172 1000004 2.3272026919389 4806 1
122 1000004 -0.32624427047819 20 1
120 1000004 2.1082811210774 4785 0
47 1000004 -2.2642599202717 201 0
83 1000004 -0.5449301746457 6430 1
138 1000005 -0.12924717286072 4786 1
168 1000006 -0.4805984440437 200 1
170 1000006 0.72863295620699 4246 1
76 1000006 -0.30788345990122 5710 1
79 1000006 -1.7687224321546 4804 1
0
186
connections
0.57014924362987
step
0.285
link
1.999976000126
enable
0.1999976000126
bias
0.60292505505474
node
0.4999940000315
disable
0.29403455098094
done
42
53 171 0.40643281568031 4787 1
90 171 -1.7409785760063 6468 1
112 171 -1.942747276223 6447 1
37 171 -0.48371364482559 6431 1
1000004 171 -0.69599961140706 6361 1
170 171 -0.32134449594238 6399 1
103 172 0.99014844171153 6335 1
31 172 0.48982207708975 6285 1
120 172 1.53252907177 4805 1
47 186 1.0206822619548 6432 1
170 186 -1.5115059358501 6469 1
19 186 1.8084910623227 6446 1
71 1000001 -0.42822876563843 6360 1
118 1000001 -0.40398614024362 4471 1
53 1000001 2.0511925481087 4730 1
171 1000001 -1.0621491458193 4788 0
139 1000001 -1.4202823074513 6284 1
70 1000001 0.30316949980163 4803 1
170 1000001 0.3767491801446 202 1
55 1000002 0.59545136347105 4244 1
35 1000002 1.3365387723161 5709 1
1000003 1000002 2.2235806223516 21 1
93 1000002 -2.0317314676351 4472 1
44 1000003 0.78970236240496 4731 1
136 1000003 -1.0072938866888 6334 1
57 1000003 -0.87956039066562 6398 1
168 1000003 0.38325734942262 6397 1
186 1000004 -2.3350639986311 6433 1
172 1000004 2.0704567320665 4806 1
167 1000004 -0.86597153550589 4245 0
120 1000004 0.3809320352794 4785 1
122 1000004 -0.329303187732 20 1
83 1000004 -0.2178023211046 6430 1
47 1000004 -2.1451561377194 201 0
138 1000005 0.22868409580963 4786 1
36 1000006 2.036761528367 6467 1
168 1000006 0.02226686435509 200 1
79 1000006 -0.099825891903439 4804 1
170 1000006 0.31476258602927 4246 1
76 1000006 -0.0080063464918585 5710 1
90 1000003 0.76192510757775 6490 1
97 1000004 0.34821619312113 6491 1
