156
20000
5
20000
154
3
20000
171
connections
0.736841
step
0.315789
link
2.10526
enable
0.19
bias
0.38
node
0.526315
disable
0.38
done
5
170 171 1 18 1
171 1000001 1.2115237891781 19 1
170 1000001 1.2115237891781 17 0
132 1000003 0.3961912900174 15 0
130 1000005 0.28962065492721 16 1
0
171
connections
0.77562094183
step
0.33240897507
link
2.2160598338
enable
0.1805
bias
0.361
node
0.55401495845
disable
0.361
done
8
170 171 1 18 1
171 1000001 1.2115237891781 19 1
170 1000001 1.2115237891781 17 0
132 1000003 0.3961912900174 15 0
130 1000005 0.28962065492721 16 1
150 171 1.1091036713767 3020 1
8 1000001 -0.72518082216865 3021 1
170 1000006 -0.43549913022248 3022 1
0
172
connections
0.69999895
step
0.33240897507
link
1.999997
enable
0.1805
bias
0.361
node
0.55401495845
disable
0.3999994
done
9
170 171 1.2279599010833 18 0
171 1000001 1.0827580455775 19 1
170 1000001 1.3874620457973 17 0
132 1000003 0.23618009693353 15 0
130 1000005 0.028366089816654 16 1
159 1000006 1.1568346201971 3031 1
85 1000001 -1.4656819360942 3032 1
170 172 1 3033 1
172 171 1.2279599010833 3034 1
0
12
2
0
172
connections
0.7368398947385
step
0.3157885263165
link
1.89999715
enable
0.210525684211
bias
0.421051368422
node
0.5263142105275
disable
0.37999943
done
12
170 171 0.98482168807101 18 1
29 171 -1.9785242540524 2783 1
111 171 1.0116885891293 2804 1
6 172 1 2806 1
170 1000001 1.2420764773497 17 0
171 1000001 1.2231619632245 19 1
170 1000002 -0.56575212866604 2805 1
132 1000003 0.24822850079214 15 0
6 1000004 1.1756340220344 2803 0
172 1000004 1.1756340220344 2807 1
130 1000005 0.77828841537825 16 1
45 1000006 1.6713862724243 2782 1
0
173
connections
0.77561977839859
step
0.33240847645654
link
1.8049972925
enable
0.19999940000045
bias
0.3999988000009
node
0.55401412742756
disable
0.3609994585
done
14
170 171 1.314186781156 18 1
29 171 -2.1074724075068 2783 0
111 171 1.1545754384256 2804 1
6 172 0.78855586795301 2806 1
170 1000001 1.5060088279454 17 0
171 1000001 1.400662226067 19 1
170 1000002 -0.23366827976914 2805 1
132 1000003 -0.011990922090233 15 0
6 1000004 1.3688990107417 2803 0
172 1000004 0.96853178359752 2807 1
130 1000005 0.91965357298871 16 1
45 1000006 1.6337193308952 2782 1
146 172 -0.25751518295846 3023 1
10 1000005 0.82540360728782 3024 1
0
4
3
0
172
connections
0.7368398947385
step
0.285
link
1.89999715
enable
0.189999715
bias
0.421051368422
node
0.4749992875
disable
0.34295
done
11
170 171 1.00984977987 18 0
172 171 1.00984977987 2942 1
170 172 1 2941 1
170 1000001 1.258461839259 17 1
171 1000001 1.1245440014344 19 1
7 1000003 -0.4451429792169 2940 1
145 1000003 2.1702815332499 2922 1
132 1000003 0.4053030883816 15 0
76 1000004 0.072983336893826 2923 1
130 1000005 0.53774355342265 16 1
81 1000006 1.6131473738823 2939 1
0
172
connections
0.69999790000157
step
0.27075
link
1.8049972925
enable
0.19999940000045
bias
0.44321130194205
node
0.451249323125
disable
0.3258025
done
13
170 171 1.1267613601184 18 0
172 171 1.0097423623463 2942 1
170 172 1.2152564546648 2941 1
170 1000001 1.1329238055666 17 1
171 1000001 0.90071067064425 19 1
7 1000003 -0.67961890774255 2940 1
145 1000003 2.3552792977691 2922 1
132 1000003 0.24696139551988 15 1
76 1000004 0.094045434430982 2923 1
130 1000005 0.40485155079806 16 1
81 1000006 1.8035655919065 2939 1
104 1000003 -1.9226050599689 3025 1
11 1000004 -1.2402111880856 3026 0
0
173
connections
0.77561977839859
step
0.27075
link
1.8049972925
enable
0.18049972925
bias
0.3999988000009
node
0.451249323125
disable
0.3258025
done
15
170 171 1.00984977987 18 0
172 171 1.00984977987 2942 0
170 172 1 2941 1
170 1000001 1.258461839259 17 1
171 1000001 1.1245440014344 19 1
7 1000003 -0.4451429792169 2940 1
145 1000003 2.1702815332499 2922 1
132 1000003 0.4053030883816 15 0
76 1000004 0.072983336893826 2923 1
130 1000005 0.53774355342265 16 1
81 1000006 1.6131473738823 2939 1
25 1000003 -0.56965849787896 3027 1
121 1000006 -0.67635120700705 3028 1
172 173 1 3029 1
173 171 1.00984977987 3030 1
0
1
1
0
173
connections
0.69999895
step
0.29999955
link
2.2160598338
enable
0.1805
bias
0.361
node
0.49999925
disable
0.3999994
done
10
170 171 1.8790246284371 18 1
1000004 171 -0.78975798821986 2999 1
130 173 1 3002 1
171 1000001 1.0358015270501 19 1
170 1000001 1.4729968306055 17 0
170 1000002 0.2831507309183 3001 1
132 1000003 -0.13519699697867 15 0
130 1000005 0.34803132168045 16 0
137 1000005 -0.84273812067019 3000 1
173 1000005 0.34803132168045 3003 1
0
1
1
0
172
connections
0.7368398947385
step
0.315789
link
2.10525684211
enable
0.210525684211
bias
0.37999943
node
0.58317276571322
disable
0.37999943
done
12
170 171 1.1083854296975 18 1
113 171 -0.56672872096927 3005 1
77 172 1 3006 1
170 1000001 1.6477040804665 17 0
171 1000001 1.0812561345125 19 1
75 1000003 -1.2917042575457 2981 1
172 1000003 -1.6666063628346 3007 1
77 1000003 -1.6666063628346 2980 0
132 1000003 0.16064766025026 15 0
170 1000004 1.7747126160161 2982 1
130 1000005 0.47230363240859 16 1
95 1000006 -0.34553056428724 3004 1
