100
20000
3
20000
98
5
20000
171
connections
0.736841
step
0.315789
link
2.10526
enable
0.19
bias
0.38
node
0.526315
disable
0.38
done
5
170 171 1 18 1
171 1000001 1.2115237891781 19 1
170 1000001 1.2115237891781 17 0
132 1000003 0.3961912900174 15 0
130 1000005 0.28962065492721 16 1
0
174
connections
0.77562094183
step
0.33240897507
link
1.999997
enable
0.1999997
bias
0.361
node
0.49999925
disable
0.3999994
done
7
170 171 0.67317056948057 18 1
171 1000001 -0.5155796990875 19 1
170 1000001 1.1322232441749 17 0
132 1000003 0.61942379517244 15 0
130 1000005 0.15173364997724 16 1
33 1000003 0.55635242774743 1897 1
80 1000001 1.5627307962279 1898 1
0
174
connections
0.77562094183
step
0.29999955
link
2.2160598338
enable
0.1999997
bias
0.361
node
0.49999925
disable
0.361
done
7
170 171 1.1677935652593 18 1
171 1000001 1.1591632610111 19 1
170 1000001 1.1570025537812 17 0
132 1000003 0.52121017655721 15 1
130 1000005 0.10188632548753 16 1
138 1000004 -0.22675252540666 1899 1
107 171 -0.99948118533891 1900 1
0
171
connections
0.69999895
step
0.315789
link
2.2160598338
enable
0.1805
bias
0.3999994
node
0.55401495845
disable
0.3999994
done
7
170 171 1.1850864511551 18 1
171 1000001 1.2903674370251 19 1
170 1000001 1.0209440145573 17 0
132 1000003 0.23332870537431 15 0
130 1000005 0.26704020426038 16 1
145 1000005 -0.54878383739738 1901 0
65 1000005 0.77547532578509 1902 1
0
172
connections
0.77562094183
step
0.29999955
link
1.999997
enable
0.1805
bias
0.3999994
node
0.49999925
disable
0.3999994
done
9
170 171 1 18 1
171 1000001 1.2115237891781 19 1
170 1000001 1.2115237891781 17 0
132 1000003 0.3961912900174 15 0
130 1000005 0.28962065492721 16 0
1000003 1000001 1.9652088991974 1908 0
55 171 -0.31952879421369 1909 1
1000003 172 1 1910 1
172 1000001 1.9652088991974 1911 1
0
13
2
0
173
connections
0.85941120772179
step
0.33240847645654
link
1.9999940000045
enable
0.18049972925
bias
0.44321130194205
node
0.49999850000112
disable
0.3999988000009
done
12
170 171 0.56481626675378 18 1
6 171 -0.11151463362529 1642 1
170 1000001 -1.6940824610126 17 0
171 1000001 0.75820467512092 19 0
89 1000002 0.07432380058743 1610 0
132 1000003 0.89601660988125 15 0
98 1000005 1.8205978888207 1611 1
130 1000005 0.25983561935065 16 1
51 1000005 0.50898770104068 1643 1
83 1000006 -2.1007109181984 1631 1
93 1000006 0.91329691457869 1632 1
170 1000006 -0.34662923062838 1644 1
0
175
connections
0.90464201958419
step
0.34990313457244
link
2.1052536842247
enable
0.18999943000043
bias
0.46653751276326
node
0.47499857500107
disable
0.37999886000085
done
14
170 171 0.64862130841535 18 1
6 171 -0.18549150059511 1642 1
170 1000001 -1.5875855598288 17 0
171 1000001 0.91766704606028 19 0
89 1000002 -0.13715018158513 1610 0
132 1000003 1.0559701928385 15 0
98 1000005 2.3065347167834 1611 1
130 1000005 0.14441147366769 16 1
51 1000005 -0.8614154484695 1643 1
83 1000006 -2.2399695252713 1631 1
93 1000006 1.2985625782037 1632 1
170 1000006 -0.53904552085516 1644 0
129 1000006 0.75106051820429 1903 1
109 1000004 1.3431196020386 1904 1
0
12
3
0
172
connections
0.7368398947385
step
0.315789
link
2.10525684211
enable
0.189999715
bias
0.421051368422
node
0.4749992875
disable
0.37999943
done
11
170 171 1.0110541087985 18 1
5 171 -1.5532090212714 1649 1
62 171 -1.0486770226142 1665 1
137 172 1 1667 1
170 1000001 1.0953448165838 17 0
171 1000001 0.91283155378887 19 1
137 1000002 -0.60615863521226 1666 0
172 1000002 -0.60615863521226 1668 1
34 1000002 -0.1270180364391 1650 1
132 1000003 0.59027908172857 15 0
130 1000005 0.1888615376751 16 1
0
173
connections
0.69999790000157
step
0.285
link
2.2160565097102
enable
0.18049972925
bias
0.3999988000009
node
0.49999850000112
disable
0.3999988000009
done
14
170 171 1.2319341100192 18 1
5 171 -1.5569577623829 1649 1
62 171 -1.5252540665914 1665 1
137 172 1.2232284005249 1667 1
170 1000001 1.1164369214454 17 0
171 1000001 1.1736865298318 19 1
137 1000002 -0.35295770134587 1666 0
172 1000002 1.415143284402 1668 1
34 1000002 -0.23096514786218 1650 1
132 1000003 0.31976957521287 15 0
130 1000005 0.19455858043153 16 1
134 1000006 -0.25788140507218 1905 1
11 1000004 0.59480574968719 1906 1
170 1000002 -1.6346324045534 1907 1
0
172
connections
0.77561977839859
step
0.285
link
2.2160565097102
enable
0.18049972925
bias
0.3999988000009
node
0.451249323125
disable
0.3999988000009
done
13
170 171 1.2650900290841 18 1
5 171 -1.3177689443648 1649 1
62 171 -0.86650212103641 1665 1
137 172 0.84906750694296 1667 1
170 1000001 1.0381917357402 17 0
171 1000001 1.0359659573046 19 1
137 1000002 -0.74406186101871 1666 0
172 1000002 -0.33424008911405 1668 1
34 1000002 -0.26895702993866 1650 1
132 1000003 0.35657855986206 15 0
130 1000005 0.076355815454573 16 1
157 1000005 -0.58345286416211 1912 1
126 1000002 1.0415967284158 1913 1
