96
20000
5
20000
94
2
20000
171
connections
0.736841
step
0.315789
link
2.10526
enable
0.19
bias
0.38
node
0.526315
disable
0.38
done
5
170 171 1 18 1
171 1000001 1.2115237891781 19 1
170 1000001 1.2115237891781 17 0
132 1000003 0.3961912900174 15 0
130 1000005 0.28962065492721 16 1
0
171
connections
0.77562094183
step
0.33240897507
link
2.2160598338
enable
0.1999997
bias
0.3999994
node
0.49999925
disable
0.361
done
7
170 171 1 18 1
171 1000001 1.2115237891781 19 1
170 1000001 1.2115237891781 17 0
132 1000003 0.3961912900174 15 0
130 1000005 0.28962065492721 16 0
67 1000006 -1.0245063631092 1810 1
115 1000006 0.89132358775597 1811 1
0
9
2
0
173
connections
0.85941120772179
step
0.33240847645654
link
1.9999940000045
enable
0.18049972925
bias
0.44321130194205
node
0.49999850000112
disable
0.3999988000009
done
12
170 171 0.56481626675378 18 1
6 171 -0.11151463362529 1642 1
170 1000001 -1.6940824610126 17 0
171 1000001 0.75820467512092 19 0
89 1000002 0.07432380058743 1610 0
132 1000003 0.89601660988125 15 0
98 1000005 1.8205978888207 1611 1
130 1000005 0.25983561935065 16 1
51 1000005 0.50898770104068 1643 1
83 1000006 -2.1007109181984 1631 1
93 1000006 0.91329691457869 1632 1
170 1000006 -0.34662923062838 1644 1
0
175
connections
0.85940991860498
step
0.29999865000202
link
2.2160531856255
enable
0.18049945850041
bias
0.4432106371251
node
0.45124864625102
disable
0.4432106371251
done
20
170 171 0.68589790823078 18 1
6 171 0.40725641269029 1642 1
130 174 0.71565727490729 1799 0
170 1000001 1.1810386516025 17 0
171 1000001 0.77435933448025 19 0
18 1000002 -1.5017689053257 1797 1
89 1000002 -0.53852961821345 1610 1
132 1000003 0.6004993418939 15 0
51 1000005 0.59228073220636 1643 1
130 1000005 0.23501984597716 16 0
174 1000005 0.21507914161898 1800 1
98 1000005 1.6530428702445 1611 1
83 1000006 -2.0176429610626 1631 1
170 1000006 0.038805762810738 1644 1
150 1000006 -0.652024979612 1798 1
93 1000006 0.88769762215618 1632 1
67 1000005 1.548570207831 1817 1
38 1000006 1.4157536545915 1818 1
130 175 1 1819 0
175 174 0.71565727490729 1820 1
0
8
2
0
172
connections
0.7368398947385
step
0.315789
link
2.10525684211
enable
0.189999715
bias
0.421051368422
node
0.4749992875
disable
0.37999943
done
11
170 171 1.0110541087985 18 1
5 171 -1.5532090212714 1649 1
62 171 -1.0486770226142 1665 1
137 172 1 1667 1
170 1000001 1.0953448165838 17 0
171 1000001 0.91283155378887 19 1
137 1000002 -0.60615863521226 1666 0
172 1000002 -0.60615863521226 1668 1
34 1000002 -0.1270180364391 1650 1
132 1000003 0.59027908172857 15 0
130 1000005 0.1888615376751 16 1
0
172
connections
0.69999790000157
step
0.285
link
2.2160565097102
enable
0.19999940000045
bias
0.3999988000009
node
0.49999850000112
disable
0.3609994585
done
14
170 171 1.0098103269448 18 1
5 171 -1.5880088198492 1649 1
62 171 -1.0097022919401 1665 1
137 172 0.82015610217597 1667 1
170 1000001 1.0775752618488 17 0
171 1000001 1.0620070962554 19 1
137 1000002 -0.46914258247627 1666 0
172 1000002 -0.73153706472976 1668 1
34 1000002 -0.11441496017335 1650 1
132 1000003 0.51717428116703 15 0
130 1000005 1.6896877956481 16 1
140 1000006 0.34919278542436 1821 1
132 1000004 -1.0097354045228 1822 1
21 172 0.10162663655507 1823 1
0
1
3
0
173
connections
0.81644187199851
step
0.34990365942793
link
2.3326910628529
enable
0.171475
bias
0.34295
node
0.4749992875
disable
0.37999943
done
11
170 171 1.3422841658265 18 0
131 173 1 1792 1
170 1000001 -0.043069908729386 17 0
171 1000001 -0.4939510964743 19 1
45 1000002 -1.8364207892087 1790 1
48 1000003 0.56416516617328 1791 1
132 1000003 0.26868486838934 15 1
130 1000005 0.45065130313166 16 1
33 1000006 1.5213476973785 1776 1
131 1000006 0.69842054640282 1777 1
173 1000006 0.69842054640282 1793 1
0
173
connections
0.85941120772179
step
0.36831908902363
link
2.2160565097102
enable
0.16290125
bias
0.3609994585
node
0.451249323125
disable
0.3999988000009
done
14
170 171 1.0028083270984 18 0
131 173 0.79224092158502 1792 0
170 1000001 -0.17749564149813 17 0
171 1000001 -0.30694207263672 19 1
45 1000002 0.8246711630604 1790 1
48 1000003 0.89156865462176 1791 1
132 1000003 -0.048579644312218 15 1
130 1000005 0.65056447791986 16 1
33 1000006 1.2112321742279 1776 1
131 1000006 0.93111116384959 1777 1
173 1000006 0.88704820938404 1793 1
67 1000003 1.0487990966521 1824 1
61 173 0.40534684286019 1825 1
49 1000003 -0.46174504837184 1826 1
0
174
connections
0.77561977839859
step
0.36831908902363
link
2.4554605934908
enable
0.18049972925
bias
0.3258025
node
0.451249323125
disable
0.3999988000009
done
15
170 171 1.3422841658265 18 0
131 173 1 1792 1
170 1000001 -0.043069908729386 17 0
171 1000001 -0.4939510964743 19 1
45 1000002 -1.8364207892087 1790 1
48 1000003 0.56416516617328 1791 0
132 1000003 0.26868486838934 15 1
130 1000005 0.45065130313166 16 1
33 1000006 1.5213476973785 1776 1
131 1000006 0.69842054640282 1777 1
173 1000006 0.69842054640282 1793 1
55 1000002 1.1923581652272 1827 1
82 1000003 0.98593096713157 1828 1
48 174 1 1829 1
174 1000003 0.56416516617328 1830 1
0
0
1
0
172
connections
0.69999895
step
0.315789
link
1.999997
enable
0.1805
bias
0.3999994
node
0.49999925
disable
0.361
done
10
170 171 0.7215077751091 18 1
171 1000001 1.0151037443464 19 1
170 1000001 1.4753478766747 17 0
132 1000003 0.40423852702414 15 0
130 1000005 0.12195864030885 16 1
62 1000005 0.99472029786065 1812 1
92 1000003 -0.24579607531968 1813 0
170 1000002 0.29718924527726 1814 1
92 172 1 1815 1
172 1000003 -0.24579607531968 1816 1
