195
10000
2
10000
188
3
10000
172
connections
0.69999790000157
step
0.29999955
link
1.9999940000045
enable
0.19999940000045
bias
0.3999988000009
node
0.451249323125
disable
0.44321130194205
done
13
7 171 0.63949184228492 24 1
84 172 0.97342146996521 45 1
23 1000002 0.73064019042482 43 1
1000003 1000002 -1.1120258706244 21 1
172 1000003 0.63297497195196 46 1
84 1000003 0.49750961528825 22 0
122 1000004 -0.41343833385266 20 0
170 1000004 0.24382190664541 44 0
48 1000004 -1.0716269417402 65 1
7 1000005 0.92092488415632 23 0
171 1000005 0.90342791108585 25 1
106 1000006 1.3220222972182 42 1
67 1000006 -1.5325785088656 66 1
0
173
connections
0.63174810475142
step
0.27075
link
1.8049945850041
enable
0.19999910000135
bias
0.3999982000027
node
0.45124864625102
disable
0.4432106371251
done
19
7 171 0.84279233515885 24 1
84 172 1.1874271845561 45 1
23 1000002 0.50596752432783 43 0
1000003 1000002 -1.0591186087451 21 1
172 1000003 0.6888994920484 46 1
84 1000003 0.31785054518723 22 1
108 1000003 -1.4366283150731 1894 1
122 1000004 -0.072819975443281 20 0
170 1000004 -0.95937468337046 44 0
148 1000004 -0.41999572740867 1895 1
48 1000004 -1.1656520661031 65 1
7 1000005 0.92093227726524 23 0
171 1000005 1.1291312635441 25 1
67 1000006 -1.7538068559832 66 1
106 1000006 1.4319054918058 42 1
137 1000006 0.86715292825098 1901 1
22 1000004 0.15436262092959 1902 1
23 173 1 1903 1
173 1000002 0.50596752432783 1904 1
0
172
connections
0.6649980050015
step
0.3157885263165
link
2.1052536842247
enable
0.21052536842247
bias
0.37999886000085
node
0.42868685696875
disable
0.46653751276326
done
15
7 171 0.86941117796816 24 1
84 172 0.97572480740195 45 1
23 1000002 0.8221858067913 43 1
1000003 1000002 0.031311990722373 21 1
172 1000003 0.79462300051444 46 1
84 1000003 0.66788912384104 22 0
122 1000004 -0.16445623059674 20 0
170 1000004 0.41323767568492 44 0
48 1000004 -1.2576383051984 65 1
7 1000005 0.82436782232078 23 0
171 1000005 0.63484334612981 25 1
106 1000006 1.0575239877985 42 1
67 1000006 -1.4260178308822 66 1
73 171 -0.45295571764275 1905 1
168 1000003 1.5045014801477 1906 1
0
4
2
0
174
connections
0.66499700750449
step
0.33240897507
link
2.1052505263442
enable
0.17147448557539
bias
0.37999829000256
node
0.3868898884143
disable
0.42105010526884
done
22
7 171 1.191453396213 24 1
84 172 0.96348081379025 45 1
53 172 -1.759941061481 1852 1
106 173 0.75453047365432 1839 1
32 173 -0.96395764030885 1872 1
167 1000001 0.41178266626408 1837 1
1000003 1000002 -1.286289887923 21 1
23 1000002 -0.69502853480636 43 1
172 1000003 0.83416979782623 46 1
170 1000003 1.0547913133911 1838 1
84 1000003 0.3925022339246 22 0
108 1000003 -1.8727891741061 1851 1
122 1000004 -0.43052412232124 20 0
170 1000004 0.61906470830147 44 0
48 1000004 -1.3056909502288 65 1
41 1000005 1.4628166030525 1836 1
117 1000005 1.7968688009278 1871 1
171 1000005 -1.3499557481613 25 1
7 1000005 1.2018856255983 23 0
173 1000006 1.6220344195082 1840 1
106 1000006 1.0643234354862 42 0
67 1000006 -1.5567907619655 66 1
0
174
connections
0.63174715712926
step
0.3157885263165
link
1.999988000027
enable
0.16290076129662
bias
0.36099837550244
node
0.36754539399358
disable
0.3999976000054
done
24
7 171 1.3345744193854 24 1
84 172 0.80848258786941 45 1
53 172 -1.7126310887741 1852 1
106 173 1.058503553538 1839 1
32 173 -0.65050136361449 1872 1
167 1000001 0.19080683326408 1837 1
1000003 1000002 -1.0273812676803 21 1
23 1000002 -0.38623675735627 43 1
172 1000003 0.92006790064489 46 1
170 1000003 1.2529650695069 1838 1
84 1000003 0.66507668046562 22 0
108 1000003 -1.7850021418415 1851 1
122 1000004 -0.28766901426772 20 0
170 1000004 0.3322847413347 44 0
48 1000004 -1.4982557423773 65 1
41 1000005 1.2061438584806 1836 1
117 1000005 1.6086022870085 1871 1
171 1000005 -1.3177572110226 25 1
7 1000005 1.2911375419232 23 0
173 1000006 1.4535052908209 1840 1
106 1000006 1.1992951543211 42 0
67 1000006 -1.4163835522757 66 1
119 172 -0.98324533829768 1907 1
2 173 -1.7895443586535 1908 1
