34
20000
4
20000
32
5
20000
171
connections
0.736841
step
0.315789
link
2.10526
enable
0.19
bias
0.38
node
0.526315
disable
0.38
done
5
170 171 1 18 1
171 1000001 1.2115237891781 19 1
170 1000001 1.2115237891781 17 0
132 1000003 0.3961912900174 15 0
130 1000005 0.28962065492721 16 1
0
171
connections
0.69999895
step
0.33240897507
link
1.999997
enable
0.1999997
bias
0.361
node
0.55401495845
disable
0.3999994
done
7
170 171 0.83678310495617 18 1
171 1000001 1.4234754697146 19 1
170 1000001 1.300745778855 17 0
132 1000003 0.24877972299136 15 0
130 1000005 0.55980249131868 16 1
139 1000001 -0.80489516891995 615 1
94 1000004 -1.9407940916166 616 0
0
171
connections
0.77562094183
step
0.33240897507
link
1.999997
enable
0.1805
bias
0.3999994
node
0.49999925
disable
0.3999994
done
7
170 171 1.1103633912103 18 1
171 1000001 0.95359666154501 19 1
170 1000001 1.3659148592056 17 0
132 1000003 0.50310550823276 15 0
130 1000005 0.084344138598546 16 1
1000001 1000006 -0.68831446272164 619 1
127 1000003 0.85372478408155 620 1
0
172
connections
0.69999895
step
0.33240897507
link
2.2160598338
enable
0.1999997
bias
0.3999994
node
0.55401495845
disable
0.3999994
done
7
170 171 1.2410058907052 18 1
171 1000001 1.319919122856 19 1
170 1000001 1.3435966810033 17 1
132 1000003 0.13619465858733 15 0
130 1000005 0.042791748636489 16 0
165 1000003 1.3156529435102 621 1
151 1000002 -1.8176213873714 622 1
0
171
connections
0.69999895
step
0.29999955
link
1.999997
enable
0.1805
bias
0.3999994
node
0.49999925
disable
0.3999994
done
7
170 171 1.2667466319544 18 1
171 1000001 1.08597388137 19 1
170 1000001 0.99002383150273 17 0
132 1000003 0.13134901019776 15 0
130 1000005 0.19336847226936 16 1
161 1000005 -0.8033082064272 631 1
160 1000002 -1.312112796411 632 1
0
14
2
0
173
connections
0.7368398947385
step
0.3157885263165
link
1.89999715
enable
0.171475
bias
0.34295
node
0.58317276571322
disable
0.34295
done
12
170 171 1.2916088664395 18 1
171 173 1 351 1
1000004 1000001 0.36664611789785 330 1
173 1000001 1.3213944149841 352 1
170 1000001 1.1022073104028 17 1
171 1000001 1.3213944149841 19 0
136 1000002 -0.35824276748557 329 1
132 1000003 0.14933191992797 15 0
170 1000003 -0.04193243202002 350 1
151 1000004 -0.69380779442732 349 1
130 1000005 0.02308906452164 16 0
165 1000005 1.509262367626 348 1
0
174
connections
0.77561977839859
step
0.33240847645654
link
1.9999940000045
enable
0.16290125
bias
0.3258025
node
0.61386514837271
disable
0.3258025
done
16
170 171 1.0681738039084 18 1
171 173 0.70046006395666 351 1
1000004 1000001 0.30116265235243 330 1
173 1000001 1.6006857069951 352 1
170 1000001 1.7228919339579 17 0
171 1000001 1.5457830709716 19 0
136 1000002 -0.1551780843217 329 1
132 1000003 0.023954669629607 15 0
170 1000003 0.17943312981836 350 1
151 1000004 -0.6376979496664 349 1
130 1000005 0.3517237455974 16 0
165 1000005 0.66670735801263 348 0
2 171 0.61641285439619 623 1
79 1000002 1.9426252021851 624 1
165 174 1 625 1
174 1000005 0.66670735801263 626 1
0
7
2
0
172
connections
0.81644187199851
step
0.34990365942793
link
1.89999715
enable
0.171475
bias
0.421051368422
node
0.5263142105275
disable
0.34295
done
9
170 171 0.4776604843826 18 1
80 171 -1.0661223208186 466 1
170 1000001 1.6474812501371 17 0
171 1000001 2.1540737169611 19 1
101 1000002 2.2060481791349 467 0
46 1000002 0.83333841975158 471 1
132 1000003 0.50424034184208 15 0
141 1000004 -1.5610217596973 470 1
130 1000005 -0.24452442889444 16 1
0
173
connections
0.85941120772179
step
0.36831908902363
link
1.9999940000045
enable
0.18049972925
bias
0.3999988000009
node
0.49999850000112
disable
0.3609994585
done
13
170 171 0.64513343300051 18 0
80 171 -0.87942803237008 466 1
170 1000001 1.4515472299103 17 0
171 1000001 1.840271293539 19 1
101 1000002 2.5536172135812 467 0
46 1000002 -0.17377239295633 471 1
132 1000003 0.92025513473922 15 0
141 1000004 -1.3290954996239 470 0
130 1000005 -0.59868042541128 16 1
57 1000002 0.16315195165868 627 1
155 171 0.97921689504685 628 1
141 173 1 629 1
173 1000004 -1.3290954996239 630 1
0
0
1
0
171
connections
0.81644187199851
step
0.2849995725
link
1.89999715
enable
0.210525684211
bias
0.37999943
node
0.4749992875
disable
0.37999943
done
10
170 171 1.0755574598318 18 1
170 1000001 1.2932566601392 17 0
171 1000001 1.4153210542084 19 1
138 1000003 1.6513414059494 597 1
132 1000003 0.60355463753082 15 0
133 1000003 -0.46393466201918 598 1
170 1000004 0.84304760834933 599 1
130 1000005 0.28816750221587 16 1
37 1000001 1.7300943021943 617 1
147 1000001 1.4529862361522 618 1
