90
20000
5
20000
88
2
20000
171
connections
0.736841
step
0.315789
link
2.10526
enable
0.19
bias
0.38
node
0.526315
disable
0.38
done
5
170 171 1 18 1
171 1000001 1.2115237891781 19 1
170 1000001 1.2115237891781 17 0
132 1000003 0.3961912900174 15 0
130 1000005 0.28962065492721 16 1
0
172
connections
0.69999895
step
0.29999955
link
1.999997
enable
0.1999997
bias
0.361
node
0.49999925
disable
0.3999994
done
7
170 171 0.72521480470748 18 1
171 1000001 1.2421307564211 19 0
170 1000001 0.98757014702139 17 0
132 1000003 0.55675197938017 15 1
130 1000005 0.11008968852962 16 1
161 1000005 1.5229346598712 1699 1
57 1000003 -0.10931730094302 1700 1
0
13
4
0
172
connections
0.7368398947385
step
0.315789
link
2.10525684211
enable
0.171475
bias
0.421051368422
node
0.58317276571322
disable
0.37999943
done
13
170 171 1.0588556603595 18 1
101 171 -1.8399609363079 1429 1
4 171 0.17120883816034 1448 1
37 172 1 1451 1
37 1000001 1.2662129581591 1449 0
172 1000001 1.2662129581591 1452 1
170 1000001 1.2276664502396 17 1
171 1000001 1.4799738332774 19 1
132 1000003 0.36029193929868 15 0
28 1000004 1.1338847010712 1430 1
1000001 1000005 1.0840784936064 1450 1
130 1000005 0.10877466399121 16 1
143 1000006 0.10724204229865 1428 1
0
173
connections
0.85940991860498
step
0.315789
link
1.9999910000135
enable
0.147018378125
bias
0.3999982000027
node
0.55401329640637
disable
0.3999982000027
done
22
170 171 1.2228667357635 18 1
101 171 -2.0886382227353 1429 0
4 171 0.06006705580866 1448 1
173 172 0.21593011081079 1682 1
27 172 0.2592983889084 1679 0
37 172 1.1616352725161 1451 1
27 173 1.3020456008571 1681 1
163 173 -1.2758568071535 1694 1
172 1000001 1.5026846315586 1452 1
83 1000001 -2.0877998531933 1678 1
37 1000001 1.5852490728535 1449 0
170 1000001 1.0194365070535 17 1
171 1000001 0.9374001574086 19 1
25 1000001 0.34711752677999 1693 1
132 1000003 0.3015430955394 15 0
28 1000004 1.2211798981411 1430 1
130 1000005 0.63642875440226 16 1
1000001 1000005 0.7585968574056 1450 1
170 1000006 -0.36993552352913 1680 1
143 1000006 0.5263799387839 1428 1
4 172 -1.0752891628773 1706 1
148 1000002 -0.92318491164892 1707 1
0
173
connections
0.69999790000157
step
0.33240897507
link
1.9999940000045
enable
0.16290125
bias
0.3999988000009
node
0.55401412742756
disable
0.3609994585
done
15
170 171 1.3339272067026 18 1
101 171 1.5163426618244 1429 1
4 171 0.090143128153802 1448 1
37 172 0.87541384249902 1451 1
37 1000001 0.94569348529506 1449 0
172 1000001 0.88558610797449 1452 1
170 1000001 1.0993051511383 17 1
171 1000001 0.66009679324531 19 1
132 1000003 0.055516926693685 15 0
28 1000004 1.3172799445549 1430 1
1000001 1000005 0.97377597015485 1450 1
130 1000005 -0.02435326898537 16 1
143 1000006 0.027089348673114 1428 1
99 1000002 1.2612079226051 1708 1
18 1000003 0.1329996642964 1709 1
0
172
connections
0.69999790000157
step
0.33240897507
link
2.2160565097102
enable
0.18049972925
bias
0.44321130194205
node
0.61386514837271
disable
0.3999988000009
done
17
170 171 0.87995517281535 18 1
101 171 -1.7755527029414 1429 1
4 171 0.4206347688237 1448 1
37 172 1.0181893152349 1451 1
37 1000001 1.1272011418383 1449 0
172 1000001 1.1371834542706 1452 1
170 1000001 1.298019434709 17 1
171 1000001 1.6125945349312 19 1
132 1000003 0.21766863595968 15 0
28 1000004 1.4465116545528 1430 1
1000001 1000005 0.97207167291031 1450 1
130 1000005 0.37909852515306 16 1
143 1000006 0.31288376517972 1428 1
147 1000005 -1.5505233924375 1710 1
36 1000004 1.4771568956572 1711 1
12 1000006 1.596911526841 1712 1
170 1000003 -1.5086519974364 1713 1
0
3
1
0
173
connections
0.85941120772179
step
0.33240847645654
link
1.9999940000045
enable
0.18049972925
bias
0.44321130194205
node
0.49999850000112
disable
0.3999988000009
done
12
170 171 0.56481626675378 18 1
6 171 -0.11151463362529 1642 1
170 1000001 -1.6940824610126 17 0
171 1000001 0.75820467512092 19 0
89 1000002 0.07432380058743 1610 0
132 1000003 0.89601660988125 15 0
98 1000005 1.8205978888207 1611 1
130 1000005 0.25983561935065 16 1
51 1000005 0.50898770104068 1643 1
83 1000006 -2.1007109181984 1631 1
93 1000006 0.91329691457869 1632 1
170 1000006 -0.34662923062838 1644 1
0
2
2
0
172
connections
0.7368398947385
step
0.315789
link
2.10525684211
enable
0.189999715
bias
0.421051368422
node
0.4749992875
disable
0.37999943
done
11
170 171 1.0110541087985 18 1
5 171 -1.5532090212714 1649 1
62 171 -1.0486770226142 1665 1
137 172 1 1667 1
170 1000001 1.0953448165838 17 0
171 1000001 0.91283155378887 19 1
137 1000002 -0.60615863521226 1666 0
172 1000002 -0.60615863521226 1668 1
34 1000002 -0.1270180364391 1650 1
132 1000003 0.59027908172857 15 0
130 1000005 0.1888615376751 16 1
0
172
connections
0.77561977839859
step
0.29999955
link
1.9999940000045
enable
0.18049972925
bias
0.44321130194205
node
0.49999850000112
disable
0.3609994585
done
13
170 171 1.0110541087985 18 1
5 171 -1.5532090212714 1649 1
62 171 -1.0486770226142 1665 1
137 172 1 1667 1
170 1000001 1.0953448165838 17 0
171 1000001 0.91283155378887 19 1
137 1000002 -0.60615863521226 1666 0
172 1000002 -0.60615863521226 1668 1
34 1000002 -0.1270180364391 1650 1
132 1000003 0.59027908172857 15 0
130 1000005 0.1888615376751 16 1
115 171 -0.5371868037965 1714 1
149 1000001 1.1478011413923 1715 1
0
0
1
0
172
connections
0.69999895
step
0.33240897507
link
2.2160598338
enable
0.1805
bias
0.3999994
node
0.55401495845
disable
0.361
done
10
170 171 1.2622791723826 18 1
171 1000001 0.067059836107411 19 1
170 1000001 1.1818101782897 17 0
132 1000003 0.5889899158057 15 0
130 1000005 0.48077585122971 16 1
144 171 1.9799798577837 1701 1
132 171 -0.6197088534196 1702 1
170 1000003 0.69356364635151 1703 0
170 172 1 1704 1
172 1000003 0.69356364635151 1705 1
