227
10000
2
10000
220
4
10000
172
connections
0.69999790000157
step
0.29999955
link
1.9999940000045
enable
0.19999940000045
bias
0.3999988000009
node
0.451249323125
disable
0.44321130194205
done
13
7 171 0.63949184228492 24 1
84 172 0.97342146996521 45 1
23 1000002 0.73064019042482 43 1
1000003 1000002 -1.1120258706244 21 1
172 1000003 0.63297497195196 46 1
84 1000003 0.49750961528825 22 0
122 1000004 -0.41343833385266 20 0
170 1000004 0.24382190664541 44 0
48 1000004 -1.0716269417402 65 1
7 1000005 0.92092488415632 23 0
171 1000005 0.90342791108585 25 1
106 1000006 1.3220222972182 42 1
67 1000006 -1.5325785088656 66 1
0
172
connections
0.73683878947866
step
0.3157885263165
link
2.1052536842247
enable
0.21052536842247
bias
0.37999886000085
node
0.42868685696875
disable
0.42105073684495
done
15
7 171 0.74743546776052 24 1
84 172 0.89215433555181 45 1
23 1000002 1.1145639401266 43 1
1000003 1000002 -0.88338029521351 21 1
172 1000003 0.001371906587513 46 1
84 1000003 0.59202354935563 22 0
122 1000004 -0.39454479904563 20 1
170 1000004 0.44353764598245 44 0
48 1000004 -0.7503483314395 65 1
7 1000005 0.72537249951665 23 0
171 1000005 1.2493804773105 25 1
106 1000006 0.9666602074706 42 1
67 1000006 -1.5755705006552 66 1
128 1000006 1.7040925321207 2207 0
47 171 1.1028778954436 2208 1
0
172
connections
0.73683878947866
step
0.2849995725
link
1.8999943000043
enable
0.21052536842247
bias
0.42105073684495
node
0.47499857500107
disable
0.46653751276326
done
16
7 171 0.57061817925901 24 1
84 172 0.97342146996521 45 1
23 1000002 0.73064019042482 43 1
1000003 1000002 -1.1120258706244 21 1
172 1000003 0.20519317625113 46 1
84 1000003 0.49750961528825 22 0
122 1000004 -0.61266796308632 20 1
170 1000004 0.24382190664541 44 0
48 1000004 -0.94154461347914 65 1
7 1000005 -0.72515979180553 23 0
171 1000005 1.1318909932465 25 1
106 1000006 1.2586443678091 42 1
67 1000006 -1.5325785088656 66 1
1000001 1000005 -1.4697103793451 2209 1
58 171 -1.7767265846736 2210 1
170 1000003 -0.27887813959166 2211 1
0
172
connections
0.6649980050015
step
0.315789
link
1.8999943000043
enable
0.18999943000043
bias
0.42105073684495
node
0.47499857500107
disable
0.46653751276326
done
15
7 171 0.43035041679586 24 1
84 172 0.77523117770928 45 1
23 1000002 0.49779073734703 43 1
1000003 1000002 -1.0201138953749 21 1
172 1000003 0.8869110772103 46 1
84 1000003 0.7149199382046 22 0
122 1000004 1.1091036713767 20 0
170 1000004 -1.8273873104038 44 0
48 1000004 -1.1861290050661 65 1
7 1000005 0.81885507920011 23 0
171 1000005 1.061857287318 25 1
106 1000006 1.6330504168813 42 1
67 1000006 -1.4534842883694 66 1
119 1000003 -1.3626514481033 2212 1
128 1000001 -1.3799859614856 2213 1
0
3
1
0
175
connections
0.69999580000945
step
0.29999955
link
2.2160498615457
enable
0.24554532271146
bias
0.49109064542292
node
0.49999700000675
disable
0.49109064542292
done
26
7 171 0.32219152780671 24 1
170 172 0.42963957640309 2164 1
84 172 1.6319211640619 45 1
28 172 -1.6224766825602 2163 1
38 172 0.8866455472869 2157 1
170 175 1 2190 1
114 1000002 -0.41059602649007 2189 1
1000003 1000002 -0.8423471772702 21 0
175 1000002 1.6134132454283 2191 1
170 1000002 1.6134132454283 2176 1
23 1000002 0.97896587769097 43 1
172 1000003 0.64873760585978 46 1
15 1000003 -0.84383678701132 2188 1
11 1000003 1.5090182195502 2187 1
84 1000003 0.28272982331919 22 0
122 1000004 -0.11581922402112 20 0
170 1000004 0.24857363144322 44 1
72 1000004 -1.9337714750557 2175 1
131 1000004 1.6767083195883 2174 1
48 1000004 -0.63815016039407 65 0
7 1000005 1.2074108584307 23 0
171 1000005 1.019333831773 25 1
51 1000005 -0.88496697886441 2162 1
106 1000006 1.0464680366405 42 1
67 1000006 -0.81038850062563 66 1
122 1000006 0.44204498197119 2156 1
