162
20000
4
20000
160
4
20000
171
connections
0.736841
step
0.315789
link
2.10526
enable
0.19
bias
0.38
node
0.526315
disable
0.38
done
5
170 171 1 18 1
171 1000001 1.2115237891781 19 1
170 1000001 1.2115237891781 17 0
132 1000003 0.3961912900174 15 0
130 1000005 0.28962065492721 16 1
0
172
connections
0.77562094183
step
0.29999955
link
1.999997
enable
0.1999997
bias
0.361
node
0.49999925
disable
0.3999994
done
7
170 171 1.0709096504028 18 1
171 1000001 0.87154826420331 19 1
170 1000001 1.2866083654149 17 0
132 1000003 0.32923683250984 15 0
130 1000005 0.24282669453871 16 1
59 1000005 -1.5986205633717 3135 1
165 171 -0.63521225623341 3136 1
0
172
connections
0.77562094183
step
0.315789
link
2.2160598338
enable
0.1805
bias
0.3999994
node
0.49999925
disable
0.361
done
9
170 171 1.0202674723655 18 1
171 1000001 0.91155941572314 19 1
170 1000001 0.93765752088992 17 0
132 1000003 0.2029901399884 15 0
130 1000005 0.6030774018067 16 0
128 1000002 -0.45966978972747 3137 0
163 1000006 1.4994964445936 3138 1
130 172 1 3139 1
172 1000005 0.6030774018067 3140 1
0
172
connections
0.69999895
step
0.29999955
link
2.2160598338
enable
0.1999997
bias
0.361
node
0.49999925
disable
0.3999994
done
7
170 171 0.97580191013367 18 1
171 1000001 0.78250149082461 19 1
170 1000001 1.4075896592074 17 0
132 1000003 -0.65425580614643 15 0
130 1000005 0.53184297070071 16 1
60 171 1.5827509384442 3141 0
62 1000005 -1.9813226722007 3142 1
0
10
2
0
172
connections
0.7368398947385
step
0.285
link
1.89999715
enable
0.189999715
bias
0.421051368422
node
0.4749992875
disable
0.34295
done
11
170 171 1.00984977987 18 0
172 171 1.00984977987 2942 1
170 172 1 2941 1
170 1000001 1.258461839259 17 1
171 1000001 1.1245440014344 19 1
7 1000003 -0.4451429792169 2940 1
145 1000003 2.1702815332499 2922 1
132 1000003 0.4053030883816 15 0
76 1000004 0.072983336893826 2923 1
130 1000005 0.53774355342265 16 1
81 1000006 1.6131473738823 2939 1
0
172
connections
0.69999790000157
step
0.27075
link
1.8049972925
enable
0.19999940000045
bias
0.44321130194205
node
0.451249323125
disable
0.3609994585
done
13
170 171 1.035522568041 18 0
172 171 1.2801535840022 2942 1
170 172 0.86396810052797 2941 1
170 1000001 1.2992722353893 17 1
171 1000001 0.88872948530534 19 1
7 1000003 -0.22491226691488 2940 1
145 1000003 2.3525194936979 2922 1
132 1000003 0.6280126666158 15 0
76 1000004 1.5826288644063 2923 1
130 1000005 0.3608268918424 16 1
81 1000006 1.8607778176214 2939 1
46 172 -1.3303018280587 3143 1
170 1000004 1.2452162236396 3144 1
0
7
3
0
173
connections
0.69999895
step
0.29999955
link
2.2160598338
enable
0.1805
bias
0.361
node
0.49999925
disable
0.3999994
done
10
170 171 1.8790246284371 18 1
1000004 171 -0.78975798821986 2999 1
130 173 1 3002 1
171 1000001 1.0358015270501 19 1
170 1000001 1.4729968306055 17 0
170 1000002 0.2831507309183 3001 1
132 1000003 -0.13519699697867 15 0
130 1000005 0.34803132168045 16 0
137 1000005 -0.84273812067019 3000 1
173 1000005 0.34803132168045 3003 1
0
173
connections
0.6649990025
step
0.285
link
2.3326910628529
enable
0.189999715
bias
0.37999943
node
0.4749992875
disable
0.421051368422
done
12
170 171 2.0354889065218 18 1
1000004 171 -1.0279813531907 2999 1
130 173 1.0007914975433 3002 1
171 1000001 1.2043905037645 19 1
170 1000001 1.2283892986373 17 0
170 1000002 0.36971968749046 3001 1
132 1000003 -0.37613406781213 15 0
130 1000005 1.8441114535966 16 0
137 1000005 -0.57299401837214 3000 1
173 1000005 0.46855639263598 3003 1
159 1000005 -1.2405774101993 3145 1
84 173 1.0411084322642 3146 1
0
173
connections
0.7368398947385
step
0.2849995725
link
2.3326910628529
enable
0.171475
bias
0.34295
node
0.4749992875
disable
0.421051368422
done
13
170 171 1.7974657127191 18 1
1000004 171 -1.3245643482772 2999 1
130 173 1.0944837902789 3002 1
171 1000001 1.1703820008589 19 1
170 1000001 1.2214117862484 17 0
170 1000002 0.46125480654569 3001 1
132 1000003 -0.16778751176969 15 0
130 1000005 0.19690770425476 16 0
137 1000005 -0.78137540867374 3000 1
173 1000005 0.48631704216684 3003 1
39 171 1.7563402203436 3147 1
1000004 1000003 0.86812952055422 3148 1
84 1000002 -1.2901394695883 3149 1
0
2
1
0
172
connections
0.6649990025
step
0.27075
link
2.3326910628529
enable
0.171475
bias
0.34295
node
0.4749992875
disable
0.34295
done
12
170 171 1.4689035843989 18 1
145 171 -1.8105422910245 3076 1
112 171 -0.10846278267769 3077 1
132 172 1 3101 1
170 1000001 0.32655335398419 17 0
171 1000001 -1.8627887813959 19 1
65 1000003 -1.5571153904843 3098 1
132 1000003 -0.086426641132847 15 0
172 1000003 -0.086426641132847 3102 1
107 1000004 0.63057344279305 3100 0
130 1000005 0.39565566728721 16 1
124 1000005 -0.78109073152867 3099 1
