131
20000
6
20000
129
2
20000
171
connections
0.736841
step
0.315789
link
2.10526
enable
0.19
bias
0.38
node
0.526315
disable
0.38
done
5
170 171 1 18 1
171 1000001 1.2115237891781 19 1
170 1000001 1.2115237891781 17 0
132 1000003 0.3961912900174 15 0
130 1000005 0.28962065492721 16 1
0
172
connections
0.77562094183
step
0.29999955
link
2.2160598338
enable
0.1805
bias
0.361
node
0.49999925
disable
0.361
done
7
170 171 1 18 1
171 1000001 1.2115237891781 19 1
170 1000001 1.2115237891781 17 0
132 1000003 0.3961912900174 15 0
130 1000005 0.28962065492721 16 0
93 1000004 1.4068422498245 2538 1
49 1000005 0.15570543534654 2539 1
0
5
2
0
172
connections
0.7368398947385
step
0.285
link
1.89999715
enable
0.189999715
bias
0.34295
node
0.5263142105275
disable
0.37999943
done
10
170 171 1.1826862418821 18 1
152 172 1 2451 1
38 1000001 -0.037171544541765 2450 1
171 1000001 0.91047123001812 19 1
170 1000001 1.1028778954436 17 0
132 1000003 0.82332667012543 15 0
130 1000005 0.55033748023167 16 1
161 1000006 0.85765541550951 2423 1
152 1000006 -0.94525391399884 2424 0
172 1000006 -0.94525391399884 2452 1
0
173
connections
0.69999790000157
step
0.29999955
link
1.9999940000045
enable
0.18049972925
bias
0.3609994585
node
0.55401412742756
disable
0.3609994585
done
15
170 171 1.1690719552263 18 1
152 172 0.92321249348888 2451 1
38 1000001 0.92416150395215 2450 1
171 1000001 1.1494216452362 19 1
170 1000001 1.0490707920972 17 0
132 1000003 0.71575824112827 15 0
130 1000005 0.47514303752559 16 1
161 1000006 1.0994989810862 2423 1
152 1000006 -0.79445302932676 2424 0
172 1000006 -0.89479773796655 2452 1
25 172 -1.876705221717 2554 1
57 171 -0.32111575670644 2555 1
170 1000004 -1.0882290108951 2556 1
170 173 1 2557 1
173 1000004 -1.0882290108951 2558 1
0
1
3
0
174
connections
0.81644187199851
step
0.3157885263165
link
2.3326910628529
enable
0.171475
bias
0.421051368422
node
0.5263142105275
disable
0.37999943
done
11
170 171 1.3010392539127 18 1
59 171 0.27497548786369 2504 1
171 173 0.91784120649287 2506 1
171 1000001 1.1403455393465 19 1
1000006 1000001 0.16779076509903 2518 1
170 1000001 0.94582281772288 17 0
1 1000001 0.057606263943219 2505 1
173 1000001 1.1837452657861 2507 1
132 1000003 0.11470986144838 15 0
130 1000005 0.36043572713171 16 1
131 1000006 -0.82320627460555 2519 1
0
174
connections
0.77561977839859
step
0.33240847645654
link
2.4554605934908
enable
0.16290125
bias
0.44321130194205
node
0.49999850000112
disable
0.3609994585
done
15
170 171 1.4973679152141 18 1
59 171 -0.017706690982326 2504 1
171 173 0.69130189292279 2506 1
171 1000001 0.91331928443699 19 1
1000006 1000001 0.33137262132211 2518 1
170 1000001 0.82833807496819 17 0
1 1000001 0.12099993957348 2505 1
173 1000001 1.9603259376812 2507 1
132 1000003 -0.62862025818659 15 0
130 1000005 0.21888796651896 16 1
131 1000006 -0.61864018897836 2519 1
102 1000005 -1.6713766899625 2559 1
88 173 -0.88338877529221 2560 1
169 1000002 0.37775811029389 2561 1
170 1000003 1.3577684865871 2562 1
0
174
connections
0.85941120772179
step
0.29999910000067
link
2.4554605934908
enable
0.18049972925
bias
0.44321130194205
node
0.49999850000112
disable
0.3999988000009
done
13
170 171 1.5798890902945 18 1
59 171 0.54236260647448 2504 1
171 173 0.75878226413282 2506 1
171 1000001 1.1080906234463 19 1
1000006 1000001 0.42697453297278 2518 1
170 1000001 0.99137155646928 17 0
1 1000001 0.35751380869013 2505 1
173 1000001 0.9159186819573 2507 1
132 1000003 0.36832706989342 15 0
130 1000005 0.27132499864554 16 1
131 1000006 -0.53694046266912 2519 1
38 1000002 -1.4000061037019 2563 1
30 1000002 -1.983520004883 2564 1
0
0
1
0
172
connections
0.81644187199851
step
0.285
link
2.10525684211
enable
0.189999715
bias
0.421051368422
node
0.5263142105275
disable
0.34295
done
11
170 171 0.75888027588733 18 1
171 1000001 -1.4935148167364 19 1
170 1000001 0.73669484542375 17 1
132 1000003 0.57327799310282 15 0
56 1000004 1.3414653462325 2529 0
130 1000005 0.42692373424482 16 1
75 1000005 0.35283257545701 2530 1
50 1000003 -1.3796197393719 2540 0
138 1000003 1.8333689382611 2541 1
50 172 1 2542 1
172 1000003 -1.3796197393719 2543 1
0
0
1
0
172
connections
0.69999895
step
0.29999955
link
1.999997
enable
0.1805
bias
0.3999994
node
0.55401495845
disable
0.3999994
done
10
170 171 1.095758064658 18 0
171 1000001 0.80242232726676 19 1
170 1000001 0.9449419569277 17 0
132 1000003 0.39880061866359 15 0
130 1000005 0.27704612623829 16 0
34 1000002 -0.066835535752434 2544 1
116 1000005 -0.25287636951811 2545 1
170 1000005 1.9686269722587 2546 1
130 172 1 2547 1
172 1000005 0.27704612623829 2548 1
0
0
1
0
172
connections
0.69999895
step
0.33240897507
link
2.2160598338
enable
0.1805
bias
0.3999994
node
0.49999925
disable
0.361
done
10
170 171 1.2083630219283 18 1
171 1000001 1.2069891411525 19 1
170 1000001 1.5415995001634 17 0
132 1000003 0.57509177756155 15 0
130 1000005 0.54721800872764 16 1
24 1000005 1.6330454420606 2549 1
106 1000006 -1.3826715903195 2550 1
170 1000005 0.89986877040925 2551 0
170 172 1 2552 1
172 1000005 0.89986877040925 2553 1
