177
20000
6
20000
175
2
20000
171
connections
0.736841
step
0.315789
link
2.10526
enable
0.19
bias
0.38
node
0.526315
disable
0.38
done
5
170 171 1 18 1
171 1000001 1.2115237891781 19 1
170 1000001 1.2115237891781 17 0
132 1000003 0.3961912900174 15 0
130 1000005 0.28962065492721 16 1
0
172
connections
0.69999895
step
0.33240897507
link
1.999997
enable
0.1805
bias
0.3999994
node
0.49999925
disable
0.3999994
done
7
170 171 1.1848839108733 18 1
171 1000001 1.3595920695321 19 1
170 1000001 1.421101627124 17 0
132 1000003 0.51071397807444 15 0
130 1000005 0.57502679340474 16 1
91 1000001 1.5337992492447 3415 1
134 171 -1.0789513840144 3416 1
0
11
3
0
172
connections
0.7368398947385
step
0.315789
link
1.89999715
enable
0.189999715
bias
0.34295
node
0.4749992875
disable
0.37999943
done
10
170 171 0.88870181186307 18 1
129 171 -1.5197607348857 3204 1
170 1000001 1.2115237891781 17 1
171 1000001 1.2115237891781 19 1
132 1000003 0.3961912900174 15 0
45 1000003 -1.8813440351573 3205 1
130 1000005 0.28962065492721 16 1
148 1000006 0.40314951017792 3189 1
117 1000006 -1.4764244514298 3190 1
170 1000006 0.25165562913907 3206 0
0
174
connections
0.77561977839859
step
0.33240897507
link
1.9999940000045
enable
0.19999940000045
bias
0.3609994585
node
0.451249323125
disable
0.3609994585
done
11
170 171 0.88870181186307 18 1
129 171 -1.5197607348857 3204 1
170 1000001 1.2115237891781 17 1
171 1000001 1.1541277145009 19 1
132 1000003 0.3961912900174 15 0
45 1000003 -1.8558371850688 3205 1
130 1000005 0.28962065492721 16 1
148 1000006 0.45409141165349 3189 1
117 1000006 -1.4683034882397 3190 1
170 1000006 0.25165562913907 3206 0
123 1000002 -1.0827356791894 3419 0
0
174
connections
0.69999790000157
step
0.29999955
link
1.8049972925
enable
0.18049972925
bias
0.3258025
node
0.451249323125
disable
0.3999988000009
done
12
170 171 0.88870181186307 18 1
129 171 -1.6331414856059 3204 1
170 1000001 1.2115237891781 17 1
171 1000001 1.2115237891781 19 1
132 1000003 0.3961912900174 15 0
45 1000003 -1.8558371850688 3205 1
130 1000005 0.28962065492721 16 1
148 1000006 0.45409141165349 3189 1
117 1000006 -1.4683034882397 3190 1
170 1000006 0.25165562913907 3206 1
150 1000005 -1.9223609118931 3420 1
92 1000001 0.19879757072665 3421 1
0
10
1
0
174
connections
0.7368398947385
step
0.315789
link
1.89999715
enable
0.210525684211
bias
0.37999943
node
0.4749992875
disable
0.37999943
done
11
170 171 1.26116416245 18 1
170 173 -1.1294900357067 3222 1
112 173 1.2381500283517 3211 1
173 1000001 0.08887609152501 3212 1
171 1000001 1.4877030357677 19 1
112 1000001 -0.3511487554857 3210 0
170 1000001 0.98171975753044 17 0
132 1000003 0.46863569789727 15 0
113 1000003 0.078554643391217 3223 1
134 1000003 0.40517640433973 3209 1
130 1000005 0.0024547614062931 16 1
0
2
2
0
173
connections
0.6649990025
step
0.285
link
2.3326910628529
enable
0.189999715
bias
0.34295
node
0.5263142105275
disable
0.421051368422
done
11
170 171 0.57883718257241 18 1
127 171 1.3266537980285 3359 1
171 173 1 3377 1
173 1000001 1.0043028157155 3378 1
170 1000001 1.5677373055773 17 0
171 1000001 1.0043028157155 19 0
5 1000002 1.4223456526383 3375 1
132 1000003 0.29619220356609 15 1
122 1000004 0.9303404339732 3360 1
130 1000005 0.053867116012259 16 1
140 1000005 1.603259376812 3376 1
0
174
connections
0.631749052375
step
0.285
link
2.2160565097102
enable
0.18049972925
bias
0.3258025
node
0.55401412742756
disable
0.3999988000009
done
15
170 171 0.57883718257241 18 1
127 171 1.3266537980285 3359 1
171 173 1 3377 1
173 1000001 1.0043028157155 3378 1
170 1000001 1.5677373055773 17 0
171 1000001 1.0043028157155 19 0
5 1000002 1.4223456526383 3375 1
132 1000003 0.29619220356609 15 1
122 1000004 0.9303404339732 3360 1
130 1000005 0.053867116012259 16 0
140 1000005 1.603259376812 3376 1
139 171 0.53157139805292 3422 1
75 1000002 0.091738639484848 3423 1
130 174 1 3424 1
174 1000005 0.053867116012259 3425 1
0
0
1
0
172
connections
0.7368398947385
step
0.2849995725
link
2.10525684211
enable
0.171475
bias
0.34295
node
0.5263142105275
disable
0.37999943
done
9
170 171 1.3155964686499 18 1
170 1000001 0.0474257637257 17 0
171 1000001 0.92511701031701 19 1
161 1000003 -0.29822992171567 3400 1
132 1000003 1.0726410824965 15 0
32 1000003 -1.159520249031 3401 1
130 1000005 0.94271675771355 16 1
124 1000002 1.2786645100253 3417 1
132 1000001 -0.44953764458144 3418 1
0
0
1
0
172
connections
0.69999895
step
0.33240897507
link
2.2160598338
enable
0.1805
bias
0.361
node
0.49999925
disable
0.3999994
done
10
170 171 0.8895554517781 18 1
171 1000001 1.5034354154375 19 1
170 1000001 0.9426810434788 17 0
132 1000003 -0.47553941465499 15 1
130 1000005 0.11301285296202 16 1
4 171 1.8350779747917 3426 1
15 1000002 0.34662923062838 3427 1
170 1000005 -1.2730491042817 3428 0
170 172 1 3429 0
172 1000005 -1.2730491042817 3430 1
