54
20000
5
20000
52
3
20000
171
connections
0.736841
step
0.315789
link
2.10526
enable
0.19
bias
0.38
node
0.526315
disable
0.38
done
5
170 171 1 18 1
171 1000001 1.2115237891781 19 1
170 1000001 1.2115237891781 17 0
132 1000003 0.3961912900174 15 0
130 1000005 0.28962065492721 16 1
0
171
connections
0.69999895
step
0.285
link
1.999997
enable
0.1999997
bias
0.3999994
node
0.49999925
disable
0.3999994
done
7
170 171 1 18 1
171 1000001 1.2115237891781 19 1
170 1000001 1.2115237891781 17 0
132 1000003 0.3961912900174 15 0
130 1000005 0.28962065492721 16 1
129 1000002 0.24921414838099 1016 1
1 1000004 0.52998443556017 1017 1
0
172
connections
0.77562094183
step
0.33240897507
link
2.2160598338
enable
0.1999997
bias
0.361
node
0.55401495845
disable
0.3999994
done
7
170 171 1 18 1
171 1000001 1.2115237891781 19 1
170 1000001 1.2115237891781 17 1
132 1000003 0.3961912900174 15 0
130 1000005 0.28962065492721 16 1
70 1000002 0.54487746818445 1018 1
118 1000003 1.3383587145604 1019 1
0
11
2
0
171
connections
0.7368398947385
step
0.315789
link
2.10525684211
enable
0.189999715
bias
0.421051368422
node
0.58317276571322
disable
0.37999943
done
9
170 171 1.1207731621754 18 1
170 1000001 1.1171977660146 17 0
41 1000001 0.096377452925199 793 1
171 1000001 -1.391464188818 19 1
132 1000003 0.39767397421186 15 0
29 1000005 -0.70682765681936 770 1
130 1000005 0.353666879635 16 1
13 1000005 -1.190038758507 792 1
150 1000006 -2.0292942074343 769 0
0
172
connections
0.69999790000157
step
0.33240897507
link
2.2160565097102
enable
0.19999940000045
bias
0.3999988000009
node
0.55401412742756
disable
0.3609994585
done
13
170 171 1.087630667545 18 1
170 1000001 1.0067329285398 17 0
41 1000001 0.26213050458293 793 1
171 1000001 -1.1560784211692 19 0
132 1000003 0.69656510347262 15 0
29 1000005 -0.40450764381661 770 1
130 1000005 0.17801267255663 16 1
13 1000005 -1.3823098637196 792 1
150 1000006 -1.7081863462358 769 0
142 1000005 -1.9975585192419 1026 1
168 1000004 1.271462141789 1027 1
171 172 1 1028 1
172 1000001 -1.1560784211692 1029 1
0
8
2
0
173
connections
0.7368398947385
step
0.285
link
2.10525684211
enable
0.189999715
bias
0.421051368422
node
0.5263142105275
disable
0.37999943
done
14
170 171 1.262289317009 18 1
31 171 -0.95736564226203 846 1
130 172 1 827 1
171 173 1 848 1
170 1000001 1.3170989167014 17 1
171 1000001 0.92766699632454 19 0
173 1000001 0.92766699632454 849 1
132 1000002 1.8717001861629 826 1
170 1000002 -0.93160802026429 847 0
36 1000002 -1.0262153996399 825 0
132 1000003 0.56021975517767 15 0
130 1000005 0.56767472144821 16 0
172 1000005 0.56767472144821 828 1
1000002 1000005 -0.53975035859249 845 1
0
174
connections
0.69999790000157
step
0.315789
link
1.9999940000045
enable
0.19999940000045
bias
0.3999988000009
node
0.55401412742756
disable
0.3609994585
done
18
170 171 1.414512201466 18 1
31 171 -0.72025645414594 846 1
130 172 1.1313868049257 827 1
171 173 0.80340648179571 848 1
170 1000001 1.5115143803386 17 1
171 1000001 1.0580900602913 19 0
173 1000001 1.2174349904345 849 1
132 1000002 2.0049373737297 826 1
170 1000002 -0.7101499853206 847 0
36 1000002 -0.8656079688406 825 0
132 1000003 0.59517463975667 15 0
130 1000005 0.50905035891884 16 0
172 1000005 0.57720611953165 828 1
1000002 1000005 -0.60280792953276 845 1
12 172 0.25446333201086 1022 0
25 171 -0.10821863460189 1023 1
12 174 1 1024 1
174 172 0.25446333201086 1025 0
0
1
2
0
171
connections
0.81644187199851
step
0.34990365942793
link
2.3326910628529
enable
0.171475
bias
0.37999943
node
0.58317276571322
disable
0.421051368422
done
10
170 171 1.0401422868847 18 1
125 171 0.7421491134373 970 1
171 1000001 1.1226670060537 19 1
170 1000001 0.88664212693818 17 0
151 1000003 0.022400585955382 994 0
132 1000003 0.3332033043547 15 0
170 1000004 0.27961058381909 995 1
171 1000004 1.6738181707205 993 1
130 1000005 0.52163840659279 16 1
55 1000006 -1.8444776757103 969 1
0
172
connections
0.77561977839859
step
0.33240847645654
link
2.2160565097102
enable
0.18049972925
bias
0.3999988000009
node
0.61386514837271
disable
0.44321130194205
done
14
170 171 1.3229841928293 18 1
125 171 0.55385498423689 970 1
171 1000001 1.0076372592188 19 1
170 1000001 0.81190677594311 17 0
151 1000003 0.110932608235 994 0
132 1000003 0.58800550483563 15 0
170 1000004 0.037955799503428 995 1
171 1000004 1.5008018260455 993 1
130 1000005 0.71498455219004 16 1
55 1000006 -2.037032541631 969 1
159 1000002 -1.2887966551714 1030 0
11 1000005 -1.8196966460158 1031 1
159 172 1 1032 1
172 1000002 -1.2887966551714 1033 1
0
0
1
0
172
connections
0.63174810475142
step
0.29999955
link
2.2160531856255
enable
0.19999910000135
bias
0.3999982000027
node
0.61386422757499
disable
0.3999982000027
done
18
170 171 1.3745753074404 18 1
13 172 1.1925501430113 1005 1
86 1000001 -1.495996832696 975 1
41 1000001 -0.21663500937223 793 1
170 1000001 1.1723767546159 17 0
171 1000001 -1.7081619965423 19 1
57 1000001 0.14921280329447 974 1
170 1000002 0.73204825885647 976 1
125 1000003 -1.9510693761696 1004 1
132 1000003 1.2552262947478 15 0
29 1000005 -0.84186703997925 770 0
130 1000005 -0.18120646132694 16 1
13 1000005 -1.5570197507614 792 0
83 1000005 0.38268090145726 1003 1
172 1000005 -1.2890554321055 1006 1
150 1000006 -1.9551565066897 769 0
110 171 -0.31623279519028 1020 1
170 1000006 -1.8864711447493 1021 1
