130
20000
4
20000
128
5
20000
171
connections
0.736841
step
0.315789
link
2.10526
enable
0.19
bias
0.38
node
0.526315
disable
0.38
done
5
170 171 1 18 1
171 1000001 1.2115237891781 19 1
170 1000001 1.2115237891781 17 0
132 1000003 0.3961912900174 15 0
130 1000005 0.28962065492721 16 1
0
171
connections
0.77562094183
step
0.285
link
1.999997
enable
0.1805
bias
0.3999994
node
0.55401495845
disable
0.3999994
done
7
170 171 0.88149281289102 18 1
171 1000001 1.070298013245 19 1
170 1000001 1.2415919980468 17 0
132 1000003 0.20413571581164 15 0
130 1000005 0.32494232001709 16 1
16 1000004 -0.61543626209296 2527 1
144 1000003 1.04892117069 2528 1
0
171
connections
0.77562094183
step
0.285
link
2.2160598338
enable
0.1999997
bias
0.3999994
node
0.55401495845
disable
0.361
done
7
170 171 0.88222342600787 18 1
171 1000001 0.95293023468734 19 1
170 1000001 0.9576966154973 17 1
132 1000003 0.50361751152074 15 0
130 1000005 0.38728797265542 16 1
56 1000004 1.3876766258736 2529 1
75 1000005 0.20123905148473 2530 1
0
173
connections
0.77562094183
step
0.33240897507
link
2.2160598338
enable
0.1999997
bias
0.361
node
0.49999925
disable
0.3999994
done
7
170 171 1.221538352537 18 1
171 1000001 0.42951750236518 19 1
170 1000001 0.93237410299993 17 0
132 1000003 0.12856589949273 15 0
130 1000005 0.30606509441171 16 1
90 171 0.9533371990112 2531 1
119 1000004 -0.16046632282479 2532 1
0
171
connections
0.69999895
step
0.315789
link
2.2160598338
enable
0.1805
bias
0.3999994
node
0.49999925
disable
0.3999994
done
7
170 171 1.3119725858028 18 1
171 1000001 1.0636570138554 19 1
170 1000001 1.5002316682333 17 0
132 1000003 0.34824517731254 15 0
130 1000005 0.16116362251656 16 1
52 1000003 0.15253151036103 2536 1
106 1000006 -1.1712393566698 2537 1
0
4
2
0
172
connections
0.7368398947385
step
0.285
link
1.89999715
enable
0.189999715
bias
0.34295
node
0.5263142105275
disable
0.37999943
done
10
170 171 1.1826862418821 18 1
152 172 1 2451 1
170 1000001 1.1028778954436 17 0
38 1000001 -0.037171544541765 2450 1
171 1000001 0.91047123001812 19 1
132 1000003 0.82332667012543 15 0
130 1000005 0.55033748023167 16 1
161 1000006 0.85765541550951 2423 1
152 1000006 -0.94525391399884 2424 0
172 1000006 -0.94525391399884 2452 1
0
173
connections
0.77561977839859
step
0.285
link
1.8049972925
enable
0.18049972925
bias
0.3258025
node
0.49999850000112
disable
0.3609994585
done
13
170 171 1.84740745262 18 1
152 172 0.89123432111576 2451 1
170 1000001 0.81944349497971 17 0
38 1000001 0.085371410260323 2450 1
171 1000001 0.9815407511827 19 1
132 1000003 0.95733329264199 15 0
130 1000005 0.76017130694757 16 1
161 1000006 1.0338636432997 2423 0
152 1000006 -1.021159398175 2424 0
172 1000006 -0.81291726432081 2452 0
17 171 0.44648579363384 2533 1
161 173 1 2534 1
173 1000006 1.0338636432997 2535 1
0
0
2
0
174
connections
0.81644187199851
step
0.3157885263165
link
2.3326910628529
enable
0.171475
bias
0.421051368422
node
0.5263142105275
disable
0.37999943
done
11
170 171 1.3010392539127 18 1
59 171 0.27497548786369 2504 1
171 173 0.91784120649287 2506 1
1 1000001 0.057606263943219 2505 1
173 1000001 1.1837452657861 2507 1
170 1000001 0.94582281772288 17 0
171 1000001 1.1403455393465 19 1
132 1000003 0.11470986144838 15 0
130 1000005 0.36043572713171 16 1
1000006 1000001 0.16779076509903 2518 1
131 1000006 -0.82320627460555 2519 1
0
174
connections
0.81644187199851
step
0.3157885263165
link
2.10525684211
enable
0.171475
bias
0.37999943
node
0.5263142105275
disable
0.37999943
done
13
170 171 1.1460121158065 18 1
59 171 0.28706078136023 2504 0
171 173 1.0289410975838 2506 1
1 1000001 0.28058717612232 2505 1
173 1000001 1.4981170950181 2507 1
170 1000001 0.99522410517362 17 0
171 1000001 1.1934212104995 19 0
132 1000003 0.46649405858589 15 0
130 1000005 0.3201869216692 16 1
96 1000001 1.2911160618915 2520 1
105 1000004 0.33918271431623 2521 1
59 174 1 2522 1
174 171 0.28706078136023 2523 1
0
0
1
0
173
connections
0.81644187199851
step
0.3157885263165
link
2.3326910628529
enable
0.189999715
bias
0.37999943
node
0.5263142105275
disable
0.34295
done
12
170 171 0.81905384853107 18 1
59 171 0.20641505888895 2504 1
171 173 0.92125284436988 2506 1
1 1000001 0.17761110813686 2505 1
173 1000001 1.6198759451259 2507 1
170 1000001 -1.5386822107608 17 0
171 1000001 1.6155005677356 19 0
132 1000003 0.31302817849116 15 0
130 1000005 -0.31525620288705 16 1
10 173 1.7391277809992 2524 1
152 173 0.0089724417859434 2525 1
57 171 1.6310922574541 2526 1
