29
40000
6
40000
7
1
40000
170
connections
0.69999895
step
0.285
link
1.805
enable
0.22160598338
bias
0.44321196676
node
0.49999925
disable
0.3999994
done
5
170 1000001 1.6575823236793 202 1
1000003 1000002 -1.3870662556841 21 0
47 1000004 1.1698965422529 201 1
122 1000004 -0.29377117221595 20 0
168 1000006 0.56978057191687 200 1
40000
7
2
40000
171
connections
0.6649990025
step
0.27075
link
1.71475
enable
0.210525684211
bias
0.46653821257058
node
0.5263142105275
disable
0.421051368422
done
9
170 171 1 245 1
171 1000001 1.7518205435347 246 1
170 1000001 1.7518205435347 202 0
14 1000001 -0.67928098391675 244 0
68 1000002 -1.2228766747032 243 1
1000003 1000002 -0.093081453901791 21 0
122 1000004 -0.16370507675405 20 0
47 1000004 0.75850703451643 201 1
168 1000006 0.21051667836543 200 1
0
172
connections
0.631749052375
step
0.2849995725
link
1.6290125
enable
0.19999940000045
bias
0.49109211869817
node
0.55401412742756
disable
0.44321130194205
done
13
170 171 0.23895992919706 245 1
171 1000001 1.5798918790366 246 1
170 1000001 1.9229664094388 202 0
14 1000001 -0.93728270269074 244 0
68 1000002 -1.4815046323523 243 1
1000003 1000002 0.030470257495727 21 0
122 1000004 -0.31411547768311 20 0
47 1000004 0.78490474265381 201 1
168 1000006 0.20327144249115 200 0
24 1000002 1.8872035889767 521 1
79 1000006 -0.79659413434248 522 1
168 172 1 523 1
172 1000006 0.20327144249115 524 1
30000
7
3
30000
172
connections
0.77562094183
step
0.29999955
link
1.999997
enable
0.1999997
bias
0.361
node
0.55401495845
disable
0.361
done
10
170 171 -0.32275313897886 18 1
170 172 1 370 1
171 1000001 0.97048591104312 19 1
170 1000001 1.7924111150211 17 1
172 1000002 1.585558641316 371 1
170 1000002 1.585558641316 369 0
132 1000003 0.53834934577013 15 0
69 1000005 -1.0263374736778 368 1
5 1000005 1.8426465651418 367 1
130 1000005 0.65373858471939 16 1
0
173
connections
0.7368398947385
step
0.315789
link
1.89999715
enable
0.189999715
bias
0.37999943
node
0.58317276571322
disable
0.34295
done
14
170 171 -0.32275313897886 18 1
170 172 1 370 1
171 1000001 0.97048591104312 19 1
170 1000001 1.7924111150211 17 1
172 1000002 1.585558641316 371 1
170 1000002 1.585558641316 369 0
132 1000003 0.53834934577013 15 0
69 1000005 -1.0263374736778 368 1
5 1000005 1.8426465651418 367 1
130 1000005 0.65373858471939 16 0
108 1000005 0.63240455336161 525 1
70 1000004 -0.31733146153142 526 1
130 173 1 527 1
173 1000005 0.65373858471939 528 1
0
172
connections
0.7368398947385
step
0.3157885263165
link
2.10525684211
enable
0.210525684211
bias
0.34295
node
0.58317276571322
disable
0.37999943
done
12
170 171 -0.26437943665949 18 1
170 172 0.83927716137027 370 1
171 1000001 0.67867522381703 19 1
170 1000001 1.9969262771343 17 1
172 1000002 1.6578101926266 371 1
170 1000002 1.6999063345666 369 0
132 1000003 0.37215246670498 15 0
69 1000005 -1.09290296186 368 1
5 1000005 1.6334861785746 367 1
130 1000005 0.93302065827283 16 1
119 1000004 1.050263985107 531 1
140 172 -1.3212683492538 532 1
40000
7
2
40000
171
connections
0.631749052375
step
0.285
link
1.8049972925
enable
0.22160565097102
bias
0.44321130194205
node
0.49999850000112
disable
0.3999988000009
done
12
170 171 1 382 1
170 1000001 1.7547625659963 202 1
166 1000001 0.57454145939512 379 1
171 1000002 1.3694875942259 383 1
1000003 1000002 -1.2014644306772 21 0
170 1000002 1.3694875942259 381 0
127 1000003 -0.66133610034486 361 1
122 1000004 -0.46556093020417 20 0
64 1000004 -0.015198217719047 360 1
47 1000004 0.96194143498032 201 0
67 1000005 1.6596575823237 380 1
168 1000006 1.3801080355235 200 1
0
171
connections
0.60016159975625
step
0.27075
link
1.8999943000043
enable
0.21052536842247
bias
0.46653751276326
node
0.47499857500107
disable
0.42105073684495
done
14
170 171 1.2622392269662 382 1
170 1000001 1.6516004287851 202 1
166 1000001 0.7574239249855 379 1
171 1000002 1.3890788979766 383 1
1000003 1000002 -1.3968238547929 21 0
170 1000002 1.513716277047 381 0
127 1000003 -0.75012081514939 361 1
122 1000004 -0.21870719779046 20 1
64 1000004 -0.37092196417127 360 1
47 1000004 -0.79757072664571 201 0
67 1000005 1.6973446073794 380 1
168 1000006 1.5628913464766 200 1
167 1000004 0.56660664693136 529 1
97 1000001 -0.90060121463668 530 1
0
0
1
0
171
connections
0.6649990025
step
0.285
link
1.71475
enable
0.23326910628529
bias
0.421051368422
node
0.5263142105275
disable
0.421051368422
done
10
170 1000001 1.8819936216315 202 0
1000003 1000002 -1.1711091952269 21 0
47 1000004 1.3406773583178 201 1
122 1000004 -1.5009613330485 20 0
168 1000006 0.48747352519303 200 1
139 1000004 -0.60164189580981 516 1
58 1000004 -0.83651234473708 517 1
170 1000003 1.6777245399335 518 1
170 171 1 519 1
171 1000001 1.8819936216315 520 1
0
0
1
0
171
connections
0.6649990025
step
0.27075
link
1.89999715
enable
0.23326910628529
bias
0.46653821257058
node
0.5263142105275
disable
0.37999943
done
10
170 1000001 1.6575823236793 202 1
1000003 1000002 -1.3870662556841 21 0
47 1000004 1.1698965422529 201 1
122 1000004 -0.29377117221595 20 0
168 1000006 0.56978057191687 200 1
87 1000001 0.98104800561541 533 1
78 1000006 -0.13556321909238 534 0
170 1000002 -0.864589373455 535 1
78 171 1 536 1
171 1000006 -0.13556321909238 537 1
