48
20000
5
20000
46
3
20000
171
connections
0.736841
step
0.315789
link
2.10526
enable
0.19
bias
0.38
node
0.526315
disable
0.38
done
5
170 171 1 18 1
171 1000001 1.2115237891781 19 1
170 1000001 1.2115237891781 17 0
132 1000003 0.3961912900174 15 0
130 1000005 0.28962065492721 16 1
0
171
connections
0.77562094183
step
0.315789
link
1.999997
enable
0.1805
bias
0.3999994
node
0.49999925
disable
0.3999994
done
7
170 171 0.85076471251564 18 1
171 1000001 -0.62569048127689 19 1
170 1000001 1.1982145265358 17 0
132 1000003 0.26711746339305 15 0
130 1000005 0.63899655140843 16 1
128 1000002 -0.81014435254982 887 1
10 1000001 -0.58980071413312 888 1
0
171
connections
0.69999895
step
0.29999955
link
2.2160598338
enable
0.1805
bias
0.361
node
0.55401495845
disable
0.3999994
done
7
170 171 0.83281070032197 18 1
171 1000001 1.1419874696417 19 1
170 1000001 1.305688508919 17 0
132 1000003 0.32092360299844 15 0
130 1000005 0.041349900895718 16 1
146 1000004 1.4114810632649 902 1
9 1000006 1.8221381267739 903 1
0
14
3
0
171
connections
0.81644187199851
step
0.2849995725
link
1.89999715
enable
0.210525684211
bias
0.37999943
node
0.4749992875
disable
0.37999943
done
10
170 171 1.0755574598318 18 1
147 1000001 1.4529862361522 618 1
171 1000001 1.4153210542084 19 1
170 1000001 1.2932566601392 17 0
37 1000001 1.7300943021943 617 1
132 1000003 0.60355463753082 15 0
138 1000003 1.6513414059494 597 1
133 1000003 -0.46393466201918 598 1
170 1000004 0.84304760834933 599 1
130 1000005 0.28816750221587 16 1
0
172
connections
0.77561977839859
step
0.270749593875
link
1.8049972925
enable
0.19999940000045
bias
0.3999988000009
node
0.451249323125
disable
0.3609994585
done
14
170 171 1.0371764098867 18 1
147 1000001 1.5293765067102 618 1
171 1000001 -1.9141819513535 19 0
170 1000001 1.1515731588674 17 1
37 1000001 1.5378585375072 617 1
132 1000003 0.46476314217518 15 0
138 1000003 1.7656582683799 597 1
133 1000003 -0.57765659751836 598 1
170 1000004 0.73035026923189 599 1
130 1000005 0.23952396270532 16 1
25 1000001 -0.19562364574114 894 1
28 171 -1.6691793572802 895 1
171 172 1 896 1
172 1000001 -1.9141819513535 897 1
0
172
connections
0.77561977839859
step
0.285
link
1.8049972925
enable
0.22160565097102
bias
0.3999988000009
node
0.49999850000112
disable
0.3609994585
done
14
170 171 1.247869084332 18 1
147 1000001 1.463380077517 618 1
171 1000001 1.3162273013473 19 1
170 1000001 1.2084098630568 17 0
37 1000001 1.7945883053072 617 1
132 1000003 0.65406261812105 15 0
138 1000003 1.6478362025435 597 1
133 1000003 -0.25225690696074 598 1
170 1000004 0.68366087779725 599 0
130 1000005 0.47957944105678 16 1
148 1000006 0.69673757133702 898 0
81 1000004 -1.9628894924772 899 1
148 172 1 900 1
172 1000006 0.69673757133702 901 1
0
5
2
0
171
connections
0.7368398947385
step
0.315789
link
2.10525684211
enable
0.189999715
bias
0.421051368422
node
0.58317276571322
disable
0.37999943
done
9
170 171 1.1207731621754 18 1
170 1000001 1.1171977660146 17 0
41 1000001 0.096377452925199 793 1
171 1000001 -1.391464188818 19 1
132 1000003 0.39767397421186 15 0
29 1000005 -0.70682765681936 770 1
130 1000005 0.353666879635 16 1
13 1000005 -1.190038758507 792 1
150 1000006 -2.0292942074343 769 0
0
172
connections
0.77561977839859
step
0.33240897507
link
2.2160565097102
enable
0.19999940000045
bias
0.44321130194205
node
0.55401412742756
disable
0.3999988000009
done
13
170 171 1.4508894516664 18 1
170 1000001 0.88660026205279 17 0
41 1000001 0.29343682182485 793 1
171 1000001 -1.4813963023467 19 1
132 1000003 0.44678411088332 15 0
29 1000005 -1.011217173619 770 1
130 1000005 0.13889499294391 16 1
13 1000005 -1.2091005116171 792 0
150 1000006 -2.3228695524323 769 0
115 1000002 -0.28376110110782 904 1
159 1000002 -1.2535172582171 905 1
13 172 1 906 1
172 1000005 -1.2091005116171 907 1
0
2
1
0
173
connections
0.7368398947385
step
0.285
link
2.10525684211
enable
0.189999715
bias
0.421051368422
node
0.5263142105275
disable
0.37999943
done
14
170 171 1.262289317009 18 1
31 171 -0.95736564226203 846 1
130 172 1 827 1
171 173 1 848 1
170 1000001 1.3170989167014 17 1
171 1000001 0.92766699632454 19 0
173 1000001 0.92766699632454 849 1
132 1000002 1.8717001861629 826 1
170 1000002 -0.93160802026429 847 0
36 1000002 -1.0262153996399 825 0
132 1000003 0.56021975517767 15 0
130 1000005 0.56767472144821 16 0
172 1000005 0.56767472144821 828 1
1000002 1000005 -0.53975035859249 845 1
0
0
1
0
172
connections
0.81644187199851
step
0.2849995725
link
2.10525684211
enable
0.189999715
bias
0.34295
node
0.4749992875
disable
0.421051368422
done
12
170 171 0.84881137824664 18 1
115 171 -1.3981869637569 872 1
170 1000001 0.97725688999153 17 0
123 1000001 1.04067301051 873 1
171 1000001 0.31609121027108 19 0
132 1000003 0.40159534697676 15 0
130 1000005 0.44185758590861 16 1
126 1000004 -1.2680440687277 889 1
132 1000005 -0.94198431348613 890 0
82 1000006 1.3147984252449 891 1
132 172 1 892 1
172 1000005 -0.94198431348613 893 1
