57
20000
6
20000
55
3
20000
171
connections
0.736841
step
0.315789
link
2.10526
enable
0.19
bias
0.38
node
0.526315
disable
0.38
done
5
170 171 1 18 1
171 1000001 1.2115237891781 19 1
170 1000001 1.2115237891781 17 0
132 1000003 0.3961912900174 15 0
130 1000005 0.28962065492721 16 1
0
171
connections
0.69999895
step
0.29999955
link
1.999997
enable
0.1805
bias
0.361
node
0.55401495845
disable
0.361
done
7
170 171 1 18 1
171 1000001 1.2115237891781 19 1
170 1000001 1.2115237891781 17 0
132 1000003 0.3961912900174 15 0
130 1000005 0.28962065492721 16 1
46 1000003 1.2553483687857 1072 1
88 1000001 -1.0061952574236 1073 1
0
172
connections
0.77562094183
step
0.285
link
2.2160598338
enable
0.1805
bias
0.3999994
node
0.49999925
disable
0.361
done
8
170 171 0.89500915555284 18 1
171 1000001 0.94002273628956 19 1
170 1000001 1.0485535752434 17 1
132 1000003 0.58807290871914 15 0
130 1000005 -0.25800347911008 16 1
25 1000001 -0.40888698995941 1090 1
66 1000001 -1.2114017151402 1091 1
94 1000003 -1.8697470015564 1092 1
0
14
3
0
171
connections
0.7368398947385
step
0.315789
link
2.10525684211
enable
0.189999715
bias
0.421051368422
node
0.58317276571322
disable
0.37999943
done
9
170 171 1.1207731621754 18 1
41 1000001 0.096377452925199 793 1
170 1000001 1.1171977660146 17 0
171 1000001 -1.391464188818 19 1
132 1000003 0.39767397421186 15 0
29 1000005 -0.70682765681936 770 1
13 1000005 -1.190038758507 792 1
130 1000005 0.353666879635 16 1
150 1000006 -2.0292942074343 769 0
0
171
connections
0.77561977839859
step
0.315789
link
1.9999940000045
enable
0.18049972925
bias
0.44321130194205
node
0.55401412742756
disable
0.3609994585
done
11
170 171 1.3621806349681 18 1
41 1000001 0.32336736097293 793 1
170 1000001 1.3491027529527 17 0
171 1000001 -1.5099175900754 19 1
132 1000003 0.59478791253395 15 0
29 1000005 -0.54571908072146 770 1
13 1000005 -1.2311808600421 792 1
130 1000005 0.58836671535386 16 1
150 1000006 1.6307260353404 769 0
58 1000001 -1.0635700552385 1086 1
72 1000005 -0.83114108706931 1087 1
0
171
connections
0.77561977839859
step
0.33240897507
link
1.9999940000045
enable
0.18049972925
bias
0.3999988000009
node
0.61386514837271
disable
0.3609994585
done
11
170 171 1.2313394459147 18 1
41 1000001 -0.22395941666266 793 1
170 1000001 1.1267844380151 17 0
171 1000001 -1.1864717220301 19 1
132 1000003 0.51217637301599 15 0
29 1000005 -0.81234191658385 770 1
13 1000005 -1.0299261191586 792 1
130 1000005 0.50471022293213 16 1
150 1000006 -2.3528976467409 769 0
57 1000001 -1.5587023529771 1088 1
122 1000003 1.9429914242988 1089 1
0
11
1
0
173
connections
0.7368398947385
step
0.285
link
2.10525684211
enable
0.189999715
bias
0.421051368422
node
0.5263142105275
disable
0.37999943
done
14
170 171 1.262289317009 18 1
31 171 -0.95736564226203 846 1
130 172 1 827 1
171 173 1 848 1
170 1000001 1.3170989167014 17 1
171 1000001 0.92766699632454 19 0
173 1000001 0.92766699632454 849 1
36 1000002 -1.0262153996399 825 0
170 1000002 -0.93160802026429 847 0
132 1000002 1.8717001861629 826 1
132 1000003 0.56021975517767 15 0
130 1000005 0.56767472144821 16 0
172 1000005 0.56767472144821 828 1
1000002 1000005 -0.53975035859249 845 1
0
0
1
0
173
connections
0.6649990025
step
0.34990365942793
link
1.89999715
enable
0.171475
bias
0.34295
node
0.58317276571322
disable
0.421051368422
done
11
170 171 0.75037117680754 18 1
147 172 1 1054 1
170 1000001 1.070523626072 17 0
171 1000001 1.4573585220762 19 1
69 1000002 1.9306619464705 1053 1
147 1000002 -0.34345530564287 1052 1
172 1000002 -0.34345530564287 1055 1
132 1000003 0.59385933650438 15 0
130 1000005 0.10686520932993 16 1
96 171 -0.042054506057924 1074 1
15 1000005 -0.18622394482253 1075 1
0
0
1
0
173
connections
0.69999895
step
0.33240897507
link
2.2160598338
enable
0.1805
bias
0.361
node
0.49999925
disable
0.3999994
done
10
170 171 0.78720631546775 18 1
171 1000001 1.2956125978684 19 1
170 1000001 1.2831347073281 17 0
132 1000003 0.51292550664176 15 0
130 1000005 0.52679187683223 16 1
105 1000001 1.711416974395 1076 0
17 1000003 -1.8399609363079 1077 1
170 1000002 -1.1941892757958 1078 0
170 173 1 1079 1
173 1000002 -1.1941892757958 1080 1
0
0
1
0
173
connections
0.7368398947385
step
0.3157885263165
link
2.10525684211
enable
0.189999715
bias
0.37999943
node
0.5263142105275
disable
0.421051368422
done
14
170 171 0.34894863734855 18 1
147 172 0.83362964782245 1054 1
170 1000001 1.0596237321768 17 0
171 1000001 1.2830855058898 19 1
69 1000002 2.1336158505722 1053 1
147 1000002 -0.50375409888676 1052 0
172 1000002 -0.64590567709558 1055 1
132 1000003 0.33550968517937 15 0
130 1000005 0.040087698454754 16 1
97 1000002 1.2693868831446 1081 0
121 1000006 0.17780083620716 1082 1
74 171 0.2770470290231 1083 1
97 173 1 1084 1
173 1000002 1.2693868831446 1085 1
