172
20000
4
20000
170
4
20000
171
connections
0.736841
step
0.315789
link
2.10526
enable
0.19
bias
0.38
node
0.526315
disable
0.38
done
5
170 171 1 18 1
171 1000001 1.2115237891781 19 1
170 1000001 1.2115237891781 17 0
132 1000003 0.3961912900174 15 0
130 1000005 0.28962065492721 16 1
0
172
connections
0.77562094183
step
0.33240897507
link
2.2160598338
enable
0.1999997
bias
0.3999994
node
0.49999925
disable
0.3999994
done
7
170 171 1.2078735407013 18 1
171 1000001 1.3290087081602 19 1
170 1000001 0.91811075820339 17 0
132 1000003 0.18718155115307 15 0
130 1000005 0.407856276267 16 1
99 1000005 -1.3521530808435 3311 1
89 1000006 0.52375865962706 3312 1
0
171
connections
0.77562094183
step
0.29999955
link
1.999997
enable
0.1805
bias
0.3999994
node
0.49999925
disable
0.3999994
done
7
170 171 1.080782494583 18 1
171 1000001 1.1064090446623 19 1
170 1000001 -1.5180516983551 17 0
132 1000003 0.32464075187689 15 0
130 1000005 0.31960489719099 16 1
55 1000001 1.6674703207495 3313 1
1000005 171 1.5086519974364 3314 0
0
172
connections
0.69999895
step
0.315789
link
1.999997
enable
0.1999997
bias
0.361
node
0.55401495845
disable
0.361
done
7
170 171 1.2928326903592 18 1
171 1000001 0.99698541431928 19 1
170 1000001 1.1295961702628 17 0
132 1000003 0.16172275212867 15 0
130 1000005 0.58347491070284 16 1
55 1000005 -1.0917691579943 3315 1
94 1000001 -0.59077730643635 3316 1
0
6
3
0
172
connections
0.7368398947385
step
0.315789
link
1.89999715
enable
0.189999715
bias
0.34295
node
0.4749992875
disable
0.37999943
done
10
170 171 0.88870181186307 18 1
129 171 -1.5197607348857 3204 1
171 1000001 1.2115237891781 19 1
170 1000001 1.2115237891781 17 1
45 1000003 -1.8813440351573 3205 1
132 1000003 0.3961912900174 15 0
130 1000005 0.28962065492721 16 1
117 1000006 -1.4764244514298 3190 1
148 1000006 0.40314951017792 3189 1
170 1000006 0.25165562913907 3206 0
0
173
connections
0.77561977839859
step
0.33240897507
link
1.9999940000045
enable
0.19999940000045
bias
0.3609994585
node
0.451249323125
disable
0.3609994585
done
14
170 171 0.60817245648691 18 1
129 171 -1.5061567908088 3204 1
171 1000001 1.2623990908529 19 1
170 1000001 1.2772305347309 17 1
45 1000003 -2.1550359123024 3205 1
132 1000003 0.56486599409433 15 0
130 1000005 -0.028667000116619 16 0
117 1000006 -1.5337111570245 3190 1
148 1000006 0.11237408208162 3189 1
170 1000006 0.070137827969374 3206 0
36 1000005 -0.035340433973205 3317 1
151 1000004 0.35236671040986 3318 1
130 173 1 3319 0
173 1000005 -0.028667000116619 3320 1
0
172
connections
0.77561977839859
step
0.33240897507
link
1.9999940000045
enable
0.19999940000045
bias
0.3609994585
node
0.451249323125
disable
0.3609994585
done
12
170 171 0.88870181186307 18 1
129 171 -1.5197607348857 3204 0
171 1000001 1.2115237891781 19 1
170 1000001 1.2115237891781 17 1
45 1000003 -1.8813440351573 3205 1
132 1000003 0.3961912900174 15 0
130 1000005 0.28962065492721 16 1
117 1000006 -1.4764244514298 3190 1
148 1000006 0.40314951017792 3189 1
170 1000006 0.25165562913907 3206 0
161 1000002 1.8304391613514 3325 1
100 1000006 0.66792809839167 3326 1
0
5
2
0
174
connections
0.7368398947385
step
0.315789
link
1.89999715
enable
0.210525684211
bias
0.37999943
node
0.4749992875
disable
0.37999943
done
11
170 171 1.26116416245 18 1
170 173 -1.1294900357067 3222 1
112 173 1.2381500283517 3211 1
170 1000001 0.98171975753044 17 0
171 1000001 1.4877030357677 19 1
112 1000001 -0.3511487554857 3210 0
173 1000001 0.08887609152501 3212 1
134 1000003 0.40517640433973 3209 1
113 1000003 0.078554643391217 3223 1
132 1000003 0.46863569789727 15 0
130 1000005 0.0024547614062931 16 1
0
174
connections
0.77561977839859
step
0.29999955
link
1.9999940000045
enable
0.19999940000045
bias
0.3609994585
node
0.49999850000112
disable
0.3609994585
done
13
170 171 1.0234039673162 18 1
170 173 -1.3550733638249 3222 1
112 173 1.3510469811106 3211 1
170 1000001 1.0854977933363 17 0
171 1000001 1.7620853873394 19 1
112 1000001 -0.29573027725608 3210 0
173 1000001 0.12514118193762 3212 1
134 1000003 0.49007571850185 3209 1
113 1000003 0.11840870513474 3223 1
132 1000003 0.50328941342662 15 0
130 1000005 0.10749626160924 16 0
38 1000006 1.4098941007721 3327 1
102 1000003 -0.81344035157323 3328 1
0
0
1
0
174
connections
0.77561861496892
step
0.33240847645654
link
1.9999910000135
enable
0.19999910000135
bias
0.32580201129625
node
0.49999775000337
disable
0.36099891700081
done
21
170 171 0.97421441887641 18 1
129 171 -1.6288849599744 3204 1
65 173 1.0520130215317 3286 1
171 1000001 1.2791301160347 19 1
170 1000001 1.5268689953185 17 1
132 1000003 0.80477309488205 15 0
45 1000003 -1.8807561540542 3205 0
173 1000004 -0.68459185442622 3287 0
65 1000004 -0.5968530091372 3283 1
170 1000004 -0.23939315273585 3285 0
130 1000005 0.024312804316327 16 1
142 1000005 -0.68369853608463 3284 1
117 1000006 -1.6415226674498 3190 1
148 1000006 -1.0708944975127 3189 1
170 1000006 0.499404145818 3206 0
9 1000006 -1.0065614795373 3299 1
107 1000006 -0.35810419019135 3300 1
120 1000002 1.1117893002106 3321 1
119 171 -1.3669240394299 3322 1
45 174 1 3323 1
174 1000003 -1.8807561540542 3324 1
