56
20000
3
20000
54
4
20000
171
connections
0.736841
step
0.315789
link
2.10526
enable
0.19
bias
0.38
node
0.526315
disable
0.38
done
5
170 171 1 18 1
171 1000001 1.2115237891781 19 1
170 1000001 1.2115237891781 17 0
132 1000003 0.3961912900174 15 0
130 1000005 0.28962065492721 16 1
0
172
connections
0.69999895
step
0.33240897507
link
2.2160598338
enable
0.1999997
bias
0.3999994
node
0.49999925
disable
0.3999994
done
9
170 171 1.0344004283109 18 1
171 1000001 1.4121669403316 19 1
170 1000001 1.4431357557855 17 0
132 1000003 0.47289481064804 15 0
130 1000005 0.232232503068 16 0
123 1000001 -0.6839197973571 1048 1
43 1000002 0.11310159611805 1049 1
130 172 1 1050 1
172 1000005 0.232232503068 1051 1
0
172
connections
0.69999895
step
0.33240897507
link
1.999997
enable
0.1805
bias
0.361
node
0.55401495845
disable
0.3999994
done
9
170 171 0.75037117680754 18 1
171 1000001 1.4573585220762 19 1
170 1000001 1.070523626072 17 0
132 1000003 0.59385933650438 15 0
130 1000005 0.10686520932993 16 1
147 1000002 -0.34345530564287 1052 0
69 1000002 1.9306619464705 1053 1
147 172 1 1054 1
172 1000002 -0.34345530564287 1055 1
0
171
connections
0.77562094183
step
0.33240897507
link
1.999997
enable
0.1999997
bias
0.361
node
0.55401495845
disable
0.361
done
7
170 171 1.2278381655659 18 1
171 1000001 1.7110885034718 19 1
170 1000001 1.0425650355604 17 0
132 1000003 0.17774704854938 15 0
130 1000005 -1.5710303908963 16 1
13 1000003 -0.26520584734642 1056 1
30 1000004 0.92953276161992 1057 1
0
13
2
0
171
connections
0.7368398947385
step
0.315789
link
2.10525684211
enable
0.189999715
bias
0.421051368422
node
0.58317276571322
disable
0.37999943
done
9
170 171 1.1207731621754 18 1
170 1000001 1.1171977660146 17 0
41 1000001 0.096377452925199 793 1
171 1000001 -1.391464188818 19 1
132 1000003 0.39767397421186 15 0
29 1000005 -0.70682765681936 770 1
130 1000005 0.353666879635 16 1
13 1000005 -1.190038758507 792 1
150 1000006 -2.0292942074343 769 0
0
171
connections
0.6649980050015
step
0.3157885263165
link
2.3326875638163
enable
0.18999943000043
bias
0.46653751276326
node
0.52631342105618
disable
0.37999886000085
done
13
170 171 1.1207731621754 18 1
170 1000001 1.1171977660146 17 0
41 1000001 0.096377452925199 793 1
171 1000001 -1.391464188818 19 1
102 1000002 -0.58674886318552 1040 1
132 1000003 0.39767397421186 15 0
29 1000005 -0.70682765681936 770 1
130 1000005 0.353666879635 16 1
13 1000005 -1.190038758507 792 0
150 1000006 -2.0292942074343 769 0
112 1000006 -0.3504135258034 1039 1
60 171 1.441877498703 1058 1
84 1000001 -1.5767693105869 1059 1
0
10
4
0
173
connections
0.7368398947385
step
0.285
link
2.10525684211
enable
0.189999715
bias
0.421051368422
node
0.5263142105275
disable
0.37999943
done
14
170 171 1.262289317009 18 1
31 171 -0.95736564226203 846 1
130 172 1 827 1
171 173 1 848 1
173 1000001 0.92766699632454 849 1
170 1000001 1.3170989167014 17 1
171 1000001 0.92766699632454 19 0
132 1000002 1.8717001861629 826 1
170 1000002 -0.93160802026429 847 0
36 1000002 -1.0262153996399 825 0
132 1000003 0.56021975517767 15 0
130 1000005 0.56767472144821 16 0
172 1000005 0.56767472144821 828 1
1000002 1000005 -0.53975035859249 845 1
0
174
connections
0.69999790000157
step
0.29999955
link
1.9999940000045
enable
0.19999940000045
bias
0.44321130194205
node
0.55401412742756
disable
0.3609994585
done
19
170 171 1.262289317009 18 1
31 171 -0.95736564226203 846 1
130 172 1 827 1
171 173 1 848 1
173 1000001 0.92766699632454 849 1
170 1000001 1.3170989167014 17 1
171 1000001 0.92766699632454 19 0
132 1000002 1.8717001861629 826 1
170 1000002 -0.93160802026429 847 0
36 1000002 -1.0262153996399 825 0
132 1000003 0.56021975517767 15 0
130 1000005 0.56767472144821 16 0
172 1000005 0.56767472144821 828 1
1000002 1000005 -0.53975035859249 845 1
86 1000002 0.71040986358226 1060 1
70 173 1.8482619708853 1061 1
170 173 1.6151005584887 1062 1
130 174 1 1063 1
174 172 1 1064 1
0
173
connections
0.77561977839859
step
0.29999955
link
1.9999940000045
enable
0.19999940000045
bias
0.3999988000009
node
0.49999850000112
disable
0.3999988000009
done
16
170 171 1.262289317009 18 1
31 171 -0.95736564226203 846 1
130 172 1 827 1
171 173 1 848 1
173 1000001 0.92766699632454 849 1
170 1000001 1.3170989167014 17 1
171 1000001 0.92766699632454 19 0
132 1000002 1.8717001861629 826 1
170 1000002 -0.93160802026429 847 0
36 1000002 -1.0262153996399 825 0
132 1000003 0.56021975517767 15 0
130 1000005 0.56767472144821 16 0
172 1000005 0.56767472144821 828 1
1000002 1000005 -0.53975035859249 845 1
41 1000004 -0.98593096713157 1065 1
157 171 0.54219183935057 1066 1
0
174
connections
0.69999790000157
step
0.27075
link
1.9999940000045
enable
0.18049972925
bias
0.44321130194205
node
0.55401412742756
disable
0.3609994585
done
19
170 171 1.0988246345541 18 1
31 171 -0.66072573015534 846 1
130 172 1.0667062822352 827 1
171 173 0.99752939695425 848 1
173 1000001 0.49336222418897 849 1
170 1000001 1.2301320369138 17 1
171 1000001 0.90987700181788 19 0
132 1000002 1.6791997207556 826 1
170 1000002 -0.98659752952666 847 0
36 1000002 -0.86737793359172 825 0
132 1000003 0.22284615619373 15 0
130 1000005 0.45874508950144 16 0
172 1000005 0.81469371159074 828 1
1000002 1000005 -0.31723908963286 845 1
126 173 -1.1664784691916 1067 0
10 1000004 -1.6627094332713 1068 1
170 1000005 -1.881710257271 1069 1
126 174 1 1070 1
174 173 -1.1664784691916 1071 1
