154
20000
4
20000
152
5
20000
171
connections
0.736841
step
0.315789
link
2.10526
enable
0.19
bias
0.38
node
0.526315
disable
0.38
done
5
170 171 1 18 1
171 1000001 1.2115237891781 19 1
170 1000001 1.2115237891781 17 0
132 1000003 0.3961912900174 15 0
130 1000005 0.28962065492721 16 1
0
173
connections
0.69999895
step
0.29999955
link
1.999997
enable
0.1999997
bias
0.361
node
0.55401495845
disable
0.361
done
8
170 171 1.0304971007736 18 1
171 1000001 1.0955473200506 19 1
170 1000001 1.3134707171621 17 0
132 1000003 0.43725388292337 15 0
130 1000005 -0.019673440034081 16 1
136 1000005 -1.3851130710776 2977 1
80 1000004 0.10357982116153 2978 1
170 1000005 1.2715842158269 2979 1
0
171
connections
0.69999895
step
0.33240897507
link
2.2160598338
enable
0.1999997
bias
0.361
node
0.55401495845
disable
0.361
done
8
170 171 1.2861088999267 18 1
171 1000001 1.0806682525276 19 1
170 1000001 1.3740305603701 17 0
132 1000003 0.23609893992188 15 0
130 1000005 0.42832813245436 16 1
77 1000003 -1.7984557634205 2980 1
75 1000003 -1.5002288888211 2981 1
170 1000004 1.9433576464125 2982 1
0
172
connections
0.77562094183
step
0.33240897507
link
1.999997
enable
0.1999997
bias
0.361
node
0.49999925
disable
0.3999994
done
7
170 171 1 18 1
171 1000001 1.2115237891781 19 1
170 1000001 1.2115237891781 17 0
132 1000003 0.3961912900174 15 0
130 1000005 0.17053288496516 16 1
3 171 -0.39777825251015 2983 1
9 1000001 -1.5446638386181 2984 0
0
171
connections
0.77562094183
step
0.29999955
link
1.999997
enable
0.1999997
bias
0.3999994
node
0.49999925
disable
0.361
done
7
170 171 0.86410433299814 18 0
171 1000001 1.4837637445982 19 1
170 1000001 1.3572525051836 17 0
132 1000003 0.27113578132115 15 0
130 1000005 0.1213876237907 16 1
42 1000002 -1.5967894528031 2991 1
113 1000001 0.52070680867946 2992 1
0
10
2
0
172
connections
0.7368398947385
step
0.3157885263165
link
1.89999715
enable
0.210525684211
bias
0.421051368422
node
0.5263142105275
disable
0.37999943
done
12
170 171 0.98482168807101 18 1
29 171 -1.9785242540524 2783 1
111 171 1.0116885891293 2804 1
6 172 1 2806 1
170 1000001 1.2420764773497 17 0
171 1000001 1.2231619632245 19 1
170 1000002 -0.56575212866604 2805 1
132 1000003 0.24822850079214 15 0
6 1000004 1.1756340220344 2803 0
172 1000004 1.1756340220344 2807 1
130 1000005 0.77828841537825 16 1
45 1000006 1.6713862724243 2782 1
0
172
connections
0.69999790000157
step
0.33240847645654
link
1.9999940000045
enable
0.22160565097102
bias
0.3999988000009
node
0.49999850000112
disable
0.3999988000009
done
14
170 171 1.1712492088035 18 1
29 171 -2.0809949721739 2783 1
111 171 0.70389093953771 2804 1
6 172 0.9854019044276 2806 1
170 1000001 1.3333069662188 17 0
171 1000001 0.58076723532823 19 1
170 1000002 -0.457052619244 2805 1
132 1000003 0.098301291296268 15 0
6 1000004 0.92405780792731 2803 0
172 1000004 1.4203119004991 2807 1
130 1000005 0.83297801456576 16 1
45 1000006 1.3578264836492 2782 1
118 172 -1.8997772148808 2989 1
66 1000002 -1.2665791802728 2990 1
0
2
2
0
172
connections
0.7368398947385
step
0.285
link
1.89999715
enable
0.189999715
bias
0.421051368422
node
0.4749992875
disable
0.34295
done
11
170 171 1.00984977987 18 0
172 171 1.00984977987 2942 1
170 172 1 2941 1
170 1000001 1.258461839259 17 1
171 1000001 1.1245440014344 19 1
7 1000003 -0.4451429792169 2940 1
145 1000003 2.1702815332499 2922 1
132 1000003 0.4053030883816 15 0
76 1000004 0.072983336893826 2923 1
130 1000005 0.53774355342265 16 1
81 1000006 1.6131473738823 2939 1
0
172
connections
0.69999790000157
step
0.27075
link
1.8049972925
enable
0.18049972925
bias
0.3999988000009
node
0.49999850000112
disable
0.3258025
done
13
170 171 1.1314216280709 18 0
172 171 0.87523909686575 2942 1
170 172 1.2062994857631 2941 1
170 1000001 -0.23664052247688 17 1
171 1000001 1.2428437466048 19 1
7 1000003 -0.66823265022736 2940 1
145 1000003 2.3094368037965 2922 1
132 1000003 0.34970212552263 15 0
76 1000004 0.1027545167394 2923 1
130 1000005 0.73934971968749 16 1
81 1000006 1.7696462904752 2939 1
119 172 -0.41486861781671 2993 1
36 1000001 1.8608355967895 2994 1
0
0
1
0
173
connections
0.69999895
step
0.33240897507
link
2.2160598338
enable
0.1999997
bias
0.361
node
0.49999925
disable
0.361
done
9
170 171 0.86864737665315 18 1
171 1000001 0.74000155152276 19 0
170 1000001 0.88875220924094 17 1
132 1000003 1.2612079226051 15 0
130 1000005 0.27411966570309 16 0
137 1000005 -0.51350444044313 2985 1
110 1000005 -1.01339762566 2986 1
171 173 1 2987 1
173 1000001 0.74000155152276 2988 1
