42
20000
3
20000
40
4
20000
171
connections
0.736841
step
0.315789
link
2.10526
enable
0.19
bias
0.38
node
0.526315
disable
0.38
done
5
170 171 1 18 1
171 1000001 1.2115237891781 19 1
170 1000001 1.2115237891781 17 0
132 1000003 0.3961912900174 15 0
130 1000005 0.28962065492721 16 1
0
173
connections
0.77562094183
step
0.29999955
link
2.2160598338
enable
0.1805
bias
0.361
node
0.49999925
disable
0.361
done
8
170 171 1.1508375068285 18 1
171 1000001 -0.058641308473464 19 1
170 1000001 1.3151553363582 17 0
132 1000003 0.12591061996673 15 0
130 1000005 0.66315425775222 16 0
83 1000002 1.3102816858425 766 1
84 1000005 -0.050965910824915 767 1
170 1000003 -1.4662923062838 768 1
0
171
connections
0.77562094183
step
0.285
link
1.999997
enable
0.1805
bias
0.3999994
node
0.55401495845
disable
0.3999994
done
7
170 171 1.0403489791559 18 1
171 1000001 -1.4283272804956 19 1
170 1000001 0.956339762566 17 0
132 1000003 0.32715704824976 15 0
130 1000005 0.1772540971099 16 1
150 1000006 -1.7965025788141 769 0
29 1000005 -0.50849940488907 770 1
0
172
connections
0.77562094183
step
0.33240897507
link
1.999997
enable
0.1999997
bias
0.361
node
0.49999925
disable
0.3999994
done
7
170 171 1.2771511947665 18 1
171 1000001 1.0466017639698 19 0
170 1000001 1.5099888441278 17 0
132 1000003 0.62236573684456 15 0
130 1000005 0.57938162037795 16 1
84 1000004 -0.53181554612873 771 1
106 171 1.3559373760186 772 1
0
8
3
0
171
connections
0.81644187199851
step
0.2849995725
link
1.89999715
enable
0.210525684211
bias
0.37999943
node
0.4749992875
disable
0.37999943
done
10
170 171 1.0755574598318 18 1
147 1000001 1.4529862361522 618 1
171 1000001 1.4153210542084 19 1
170 1000001 1.2932566601392 17 0
37 1000001 1.7300943021943 617 1
132 1000003 0.60355463753082 15 0
138 1000003 1.6513414059494 597 1
133 1000003 -0.46393466201918 598 1
170 1000004 0.84304760834933 599 1
130 1000005 0.28816750221587 16 1
0
172
connections
0.77561977839859
step
0.29999910000067
link
1.9999940000045
enable
0.22160565097102
bias
0.3999988000009
node
0.49999850000112
disable
0.3609994585
done
14
170 171 1.0755574598318 18 1
147 1000001 1.4529862361522 618 1
171 1000001 1.4153210542084 19 1
170 1000001 1.2932566601392 17 0
37 1000001 1.7300943021943 617 1
132 1000003 0.60355463753082 15 0
138 1000003 1.6513414059494 597 1
133 1000003 -0.46393466201918 598 1
170 1000004 0.84304760834933 599 1
130 1000005 0.28816750221587 16 1
112 1000002 -0.28864406262398 773 0
34 1000004 0.12421033356731 774 1
112 172 1 775 1
172 1000002 -0.28864406262398 776 1
0
172
connections
0.85941120772179
step
0.29999910000067
link
1.9999940000045
enable
0.19999940000045
bias
0.3609994585
node
0.451249323125
disable
0.3999988000009
done
14
170 171 1.3445559509088 18 1
147 1000001 1.5555372758906 618 1
171 1000001 1.3524134393488 19 1
170 1000001 1.3306203591994 17 0
37 1000001 1.9387945031439 617 1
132 1000003 1.6979888302255 15 0
138 1000003 1.6080632374962 597 1
133 1000003 -0.42600332038574 598 1
170 1000004 1.0187329847925 599 1
130 1000005 0.024918681075109 16 1
31 1000002 -0.52681051057466 777 1
165 1000001 -1.8062685018464 778 0
165 172 1 779 1
172 1000001 -1.8062685018464 780 1
0
1
3
0
173
connections
0.77562094183
step
0.33240897507
link
2.2160598338
enable
0.1805
bias
0.361
node
0.49999925
disable
0.3999994
done
9
170 171 0.72519221394479 18 1
130 173 1 752 1
170 1000001 -1.829584643086 17 0
171 1000001 1.3330259802366 19 0
132 1000003 0.0794253289419 15 0
8 1000004 -1.5191503646962 750 1
130 1000005 0.35344049995927 16 0
173 1000005 0.35344049995927 753 1
106 1000006 0.9593188268685 751 1
0
174
connections
0.7368398947385
step
0.3157885263165
link
2.10525684211
enable
0.189999715
bias
0.34295
node
0.5263142105275
disable
0.421051368422
done
14
170 171 0.43301530570365 18 1
130 173 -1.4617755668813 752 1
170 1000001 -1.8392702251945 17 0
171 1000001 1.1734981786034 19 0
132 1000003 0.14745570118434 15 0
8 1000004 -1.7060869180871 750 0
130 1000005 0.54637151312282 16 0
173 1000005 0.53482591375372 753 1
106 1000006 1.183378626311 751 1
102 1000004 -1.3033234656819 781 1
98 1000001 0.76497695852535 782 1
170 1000005 -1.9112521744438 783 1
8 174 1 784 1
174 1000004 -1.7060869180871 785 1
0
173
connections
0.7368398947385
step
0.34990365942793
link
2.10525684211
enable
0.189999715
bias
0.37999943
node
0.4749992875
disable
0.421051368422
done
11
170 171 0.73603093016291 18 1
130 173 1.0185486207595 752 1
170 1000001 -1.3010040589618 17 0
171 1000001 1.0927695504912 19 0
132 1000003 -0.13955945281684 15 0
8 1000004 -1.1927394891893 750 1
130 1000005 0.32425605520642 16 0
173 1000005 0.36684206533242 753 1
106 1000006 1.1413772237186 751 1
12 1000003 -1.8516800439467 786 0
96 1000001 1.0165715506455 787 1
