214
10000
2
10000
207
3
10000
172
connections
0.69999790000157
step
0.29999955
link
1.9999940000045
enable
0.19999940000045
bias
0.3999988000009
node
0.451249323125
disable
0.44321130194205
done
13
7 171 0.63949184228492 24 1
84 172 0.97342146996521 45 1
23 1000002 0.73064019042482 43 1
1000003 1000002 -1.1120258706244 21 1
172 1000003 0.63297497195196 46 1
84 1000003 0.49750961528825 22 0
48 1000004 -1.0716269417402 65 1
170 1000004 0.24382190664541 44 0
122 1000004 -0.41343833385266 20 0
7 1000005 0.92092488415632 23 0
171 1000005 0.90342791108585 25 1
106 1000006 1.3220222972182 42 1
67 1000006 -1.5325785088656 66 1
0
173
connections
0.73683878947866
step
0.285
link
1.8999943000043
enable
0.18999943000043
bias
0.42105073684495
node
0.47499857500107
disable
0.46653751276326
done
17
7 171 0.63949184228492 24 1
84 172 0.97342146996521 45 0
23 1000002 0.73064019042482 43 1
1000003 1000002 -1.1120258706244 21 1
172 1000003 0.63297497195196 46 1
84 1000003 0.49750961528825 22 0
48 1000004 -1.0716269417402 65 1
170 1000004 0.24382190664541 44 0
122 1000004 -0.41343833385266 20 0
7 1000005 0.92092488415632 23 0
171 1000005 0.90342791108585 25 1
106 1000006 1.3220222972182 42 1
67 1000006 -1.5325785088656 66 1
150 172 -0.68855861079745 2082 1
170 1000001 -0.56904812768944 2083 1
84 173 1 2084 1
173 172 0.97342146996521 2085 1
0
173
connections
0.73683878947866
step
0.2849995725
link
1.8999943000043
enable
0.18999943000043
bias
0.42105073684495
node
0.47499857500107
disable
0.42105073684495
done
17
7 171 0.38542151200453 24 1
84 172 1.6098513748589 45 1
23 1000002 0.93307290871914 43 1
1000003 1000002 -1.0207776478668 21 1
172 1000003 0.42171502699355 46 1
84 1000003 0.3506131102694 22 0
48 1000004 -0.83926622579615 65 1
170 1000004 0.26554021874393 44 0
122 1000004 -0.5849147147187 20 0
7 1000005 1.1466231142904 23 0
171 1000005 0.99500664880528 25 1
106 1000006 1.6441541795099 42 1
67 1000006 -1.3561096125232 66 1
123 171 0.66377758110294 2086 1
157 1000003 -1.0728476821192 2087 0
157 173 1 2088 1
173 1000003 -1.0728476821192 2089 1
0
6
2
0
174
connections
0.81643942267473
step
0.31578805263371
link
2.1052505263442
enable
0.21052505263442
bias
0.37999829000256
node
0.52631263158605
disable
0.46653681295699
done
26
7 171 1.1575522470185 24 1
128 172 -1.3839507656875 2005 1
84 172 0.67216954882858 45 1
1000003 173 -0.13351619031927 2009 1
5 174 1 2028 1
124 1000001 1.5157322916349 2025 1
63 1000001 -1.6018769320012 2006 1
154 1000002 0.48774681844539 2026 1
173 1000002 -0.79932204876767 2010 1
174 1000002 -1.2141995993517 2029 1
23 1000002 0.86280220114315 43 1
5 1000002 -1.2141995993517 2020 1
1000003 1000002 -0.988934345428 21 1
84 1000003 0.49333934694143 22 0
170 1000003 -0.017517624439222 2027 1
172 1000003 -1.2357007441758 46 1
122 1000004 0.33710745567187 20 1
48 1000004 -0.74350889831182 65 1
29 1000004 0.53177718676632 2007 1
170 1000004 0.2904644036379 44 1
7 1000005 0.80670952443091 23 0
170 1000005 -0.74757440185703 2008 1
171 1000005 0.44617463956515 25 1
154 1000006 -0.43524448121555 2021 1
67 1000006 -1.9658192693869 66 1
106 1000006 1.5088521236813 42 1
0
175
connections
0.8594086294901
step
0.315789
link
2.2160498615457
enable
0.1999988000027
bias
0.36099837550244
node
0.55401246538643
disable
0.49109064542292
done
32
7 171 1.0398505637091 24 1
128 172 -1.2431963986413 2005 1
84 172 0.52019723702096 45 1
1000003 173 -0.068184190716008 2009 1
5 174 1.2069826457411 2028 1
124 1000001 1.4454466635029 2025 1
63 1000001 -1.367793890496 2006 1
154 1000002 0.2116832207709 2026 1
173 1000002 -1.0499621599466 2010 1
174 1000002 -1.0434536136649 2029 1
23 1000002 0.67060334171141 43 1
5 1000002 -0.96633506213435 2020 1
1000003 1000002 -0.85053150632158 21 1
84 1000003 1.2272713400678 22 0
170 1000003 -0.191077733726 2027 1
172 1000003 -1.0089421339582 46 1
122 1000004 0.17459181777398 20 0
48 1000004 -0.6939629756152 65 1
29 1000004 0.51337937186108 2007 1
170 1000004 0.39766131049541 44 1
7 1000005 1.0918901115765 23 0
170 1000005 1.2426526688437 2008 1
171 1000005 0.44662759781583 25 1
154 1000006 -0.25328055076723 2021 1
67 1000006 -2.1669809197363 66 1
106 1000006 1.1949135063224 42 1
18 172 1.5021820734275 2090 1
54 1000006 -1.2691427350688 2091 1
10 173 1.4310129093295 2092 1
170 171 -0.86275826288644 2093 1
122 175 1 2094 1
175 1000004 0.17459181777398 2095 1
