44
20000
5
20000
42
2
20000
171
connections
0.736841
step
0.315789
link
2.10526
enable
0.19
bias
0.38
node
0.526315
disable
0.38
done
5
170 171 1 18 1
171 1000001 1.2115237891781 19 1
170 1000001 1.2115237891781 17 0
132 1000003 0.3961912900174 15 0
130 1000005 0.28962065492721 16 1
0
171
connections
0.69999895
step
0.33240897507
link
2.2160598338
enable
0.1805
bias
0.361
node
0.49999925
disable
0.361
done
7
170 171 0.86324029075232 18 1
171 1000001 1.4190524125799 19 1
170 1000001 1.1974937707901 17 0
132 1000003 0.53485818903872 15 0
130 1000005 0.23614832887985 16 1
151 1000004 -1.3349406414991 808 1
39 1000004 -0.91610461745048 809 1
0
10
2
0
171
connections
0.81644187199851
step
0.2849995725
link
1.89999715
enable
0.210525684211
bias
0.37999943
node
0.4749992875
disable
0.37999943
done
10
170 171 1.0755574598318 18 1
37 1000001 1.7300943021943 617 1
171 1000001 1.4153210542084 19 1
147 1000001 1.4529862361522 618 1
170 1000001 1.2932566601392 17 0
132 1000003 0.60355463753082 15 0
138 1000003 1.6513414059494 597 1
133 1000003 -0.46393466201918 598 1
170 1000004 0.84304760834933 599 1
130 1000005 0.28816750221587 16 1
0
171
connections
0.85941120772179
step
0.270749593875
link
1.9999940000045
enable
0.22160565097102
bias
0.3999988000009
node
0.451249323125
disable
0.3609994585
done
12
170 171 0.18573564867092 18 1
37 1000001 1.5984584557627 617 1
171 1000001 1.6689003958152 19 1
147 1000001 1.5429441458943 618 1
170 1000001 1.3357526213593 17 1
132 1000003 0.45740918427398 15 0
138 1000003 1.8380245192773 597 0
133 1000003 -0.63128265007883 598 1
170 1000004 0.6999759442377 599 1
130 1000005 0.22165962901723 16 1
125 1000005 1.0986053041169 813 1
11 1000006 -0.91488387707144 814 1
0
1
3
0
171
connections
0.7368398947385
step
0.315789
link
2.10525684211
enable
0.189999715
bias
0.421051368422
node
0.58317276571322
disable
0.37999943
done
9
170 171 1.1207731621754 18 1
170 1000001 1.1171977660146 17 0
41 1000001 0.096377452925199 793 1
171 1000001 -1.391464188818 19 1
132 1000003 0.39767397421186 15 0
29 1000005 -0.70682765681936 770 1
130 1000005 0.353666879635 16 1
13 1000005 -1.190038758507 792 1
150 1000006 -2.0292942074343 769 0
0
172
connections
0.77561977839859
step
0.29999955
link
2.2160565097102
enable
0.18049972925
bias
0.3999988000009
node
0.55401412742756
disable
0.3999988000009
done
13
170 171 1.0187688833277 18 1
170 1000001 1.1212170476836 17 0
41 1000001 0.12445448164312 793 1
171 1000001 -1.1110941146687 19 1
132 1000003 -1.872798852504 15 0
29 1000005 0.34931485946226 770 1
130 1000005 1.4451734977264 16 1
13 1000005 -0.67427594836268 792 1
150 1000006 -2.0771502103595 769 0
51 1000004 1.0547807245094 819 0
110 1000001 0.40644550920133 820 1
51 172 1 821 0
172 1000004 1.0547807245094 822 1
0
171
connections
0.77561977839859
step
0.29999955
link
2.2160565097102
enable
0.19999940000045
bias
0.3999988000009
node
0.61386514837271
disable
0.3999988000009
done
11
170 171 0.96028571712546 18 1
170 1000001 -0.72273934141057 17 0
41 1000001 0.39350216364483 793 1
171 1000001 -0.45954771568957 19 1
132 1000003 0.66312051961272 15 0
29 1000005 -0.43358059209723 770 0
130 1000005 0.14167037155522 16 1
13 1000005 -1.2392497812204 792 1
150 1000006 0.86873989074374 769 0
57 1000006 0.56489761040071 823 1
33 1000003 -0.23932615131077 824 1
0
1
2
0
171
connections
0.7368398947385
step
0.27075
link
2.10525684211
enable
0.189999715
bias
0.37999943
node
0.58317276571322
disable
0.421051368422
done
10
170 171 1.0403489791559 18 1
170 1000001 0.956339762566 17 0
25 1000001 1.4828943754387 796 1
171 1000001 -1.4283272804956 19 1
167 1000003 1.3724173711356 795 1
132 1000003 0.32715704824976 15 1
130 1000005 0.1772540971099 16 1
29 1000005 -0.50849940488907 770 1
112 1000006 1.5898312326426 794 1
150 1000006 -1.7965025788141 769 0
0
172
connections
0.69999790000157
step
0.2572125
link
1.9999940000045
enable
0.18049972925
bias
0.3999988000009
node
0.61386514837271
disable
0.3999988000009
done
14
170 171 0.83992151364177 18 0
170 1000001 0.93287688337352 17 0
25 1000001 0.84383678701132 796 1
171 1000001 -1.2424532368694 19 1
167 1000003 -0.65132602923673 795 1
132 1000003 0.41990175138096 15 1
130 1000005 0.3951236896115 16 1
29 1000005 -0.75093869022187 770 1
112 1000006 1.7948586470382 794 0
150 1000006 -1.9956897850734 769 0
46 1000006 -1.5544297616504 815 1
135 1000005 -0.90853602710044 816 1
112 172 1 817 1
172 1000006 1.7948586470382 818 1
0
0
1
0
171
connections
0.7368398947385
step
0.34990365942793
link
1.89999715
enable
0.189999715
bias
0.421051368422
node
0.5263142105275
disable
0.37999943
done
11
170 171 0.97624025262529 18 1
170 1000001 -0.27546006653035 17 0
171 1000001 1.0098595962921 19 1
70 1000001 0.11273292840603 802 0
132 1000003 0.39135391223729 15 0
133 1000003 -1.2977249956679 803 1
130 1000005 0.46223922405629 16 1
170 1000006 -1.14739926142 804 1
134 171 0.084047975096896 810 0
70 1000002 0.34406567583239 811 1
170 1000005 1.0959196752831 812 1
