107
20000
5
20000
105
4
20000
171
connections
0.736841
step
0.315789
link
2.10526
enable
0.19
bias
0.38
node
0.526315
disable
0.38
done
5
170 171 1 18 1
171 1000001 1.2115237891781 19 1
170 1000001 1.2115237891781 17 0
132 1000003 0.3961912900174 15 0
130 1000005 0.28962065492721 16 1
0
171
connections
0.69999895
step
0.29999955
link
2.2160598338
enable
0.1805
bias
0.3999994
node
0.55401495845
disable
0.3999994
done
7
170 171 1 18 1
171 1000001 1.2115237891781 19 1
170 1000001 1.2115237891781 17 0
132 1000003 0.3961912900174 15 0
130 1000005 0.28962065492721 16 1
101 1000003 -1.6004516739402 2054 1
170 1000005 1.045136875515 2055 1
0
171
connections
0.69999895
step
0.285
link
2.2160598338
enable
0.1999997
bias
0.3999994
node
0.49999925
disable
0.361
done
8
170 171 1 18 1
171 1000001 1.2115237891781 19 1
170 1000001 1.2115237891781 17 0
132 1000003 0.3961912900174 15 0
130 1000005 0.28962065492721 16 1
147 1000004 -1.9826654866176 2056 1
77 1000001 -0.70479445783868 2057 1
147 1000003 -0.85457930234687 2058 1
0
171
connections
0.69999895
step
0.285
link
1.999997
enable
0.1805
bias
0.3999994
node
0.49999925
disable
0.361
done
8
170 171 0.73831003753777 18 1
171 1000001 1.3469568468276 19 1
170 1000001 1.2951355021821 17 0
132 1000003 0.47908978545488 15 0
130 1000005 0.34015930661946 16 1
1000004 1000004 -0.64571062349315 2065 1
136 1000005 -0.45564134647664 2066 1
170 1000002 -0.75313577684866 2067 1
0
6
2
0
175
connections
0.81644187199851
step
0.2849995725
link
2.3326910628529
enable
0.210525684211
bias
0.37999943
node
0.4749992875
disable
0.34295
done
11
170 171 1.306322823086 18 1
107 171 -0.75859666248398 1900 1
138 175 1 1916 1
171 1000001 0.88390518212355 19 1
170 1000001 0.97627175398335 17 0
54 1000002 -0.45332193975646 1915 1
132 1000003 0.33045955475791 15 1
175 1000004 -0.35766254358646 1917 1
138 1000004 -0.35766254358646 1899 0
88 1000004 0.62654499954222 1914 1
130 1000005 0.08841426290376 16 1
0
175
connections
0.77561977839859
step
0.315789
link
2.4554605934908
enable
0.19999940000045
bias
0.3999988000009
node
0.49999850000112
disable
0.3609994585
done
14
170 171 1.4358206957322 18 1
107 171 -0.77236852078654 1900 1
138 175 1.0985425130467 1916 1
171 1000001 0.61840418535852 19 1
170 1000001 1.2463216080744 17 0
54 1000002 -0.4294693510239 1915 1
132 1000003 0.50856852137066 15 1
175 1000004 -0.53274536358829 1917 1
138 1000004 -0.27531087864917 1899 1
88 1000004 0.65575598800623 1914 1
130 1000005 0.14141037823321 16 1
31 1000005 0.46601763969848 2059 1
132 1000005 -1.0191351054415 2060 1
170 175 -0.35273293252358 2061 1
0
3
2
0
173
connections
0.7368398947385
step
0.3157885263165
link
2.3326910628529
enable
0.171475
bias
0.37999943
node
0.5263142105275
disable
0.37999943
done
11
170 171 0.93033938628614 18 1
123 173 1 1986 1
170 1000001 1.5020045158759 17 0
171 1000001 1.4209154732285 19 0
18 1000001 1.3848689230018 1985 1
123 1000002 0.023743400372326 1984 0
173 1000002 0.023743400372326 1987 1
38 1000003 0.59162775674242 1967 1
132 1000003 0.3713364479699 15 0
130 1000005 0.55664396187174 16 1
75 1000005 -1.2672627508586 1966 1
0
173
connections
0.77561977839859
step
0.33240847645654
link
2.2160565097102
enable
0.16290125
bias
0.3999988000009
node
0.49999850000112
disable
0.3999988000009
done
14
170 171 1.1283520530532 18 1
123 173 1.0434087914901 1986 1
170 1000001 1.4766531323905 17 0
171 1000001 1.3093754726597 19 0
18 1000001 1.335353075546 1985 1
123 1000002 -0.26731564067551 1984 0
173 1000002 -0.25461458740473 1987 1
38 1000003 0.83849687123474 1967 1
132 1000003 0.51848403398638 15 0
130 1000005 0.63105468530717 16 1
75 1000005 -1.5800515491797 1966 1
99 171 -0.16534928434095 2062 1
5 1000004 -0.90597247230445 2063 1
170 1000005 -0.60982085634938 2064 1
0
1
1
0
172
connections
0.69999895
step
0.29999955
link
1.999997
enable
0.1999997
bias
0.3999994
node
0.49999925
disable
0.3999994
done
10
170 171 1 18 1
108 172 1 2037 1
170 1000001 1.2115237891781 17 0
171 1000001 1.2115237891781 19 1
132 1000003 0.3961912900174 15 0
108 1000004 0.77327799310282 2034 0
172 1000004 0.77327799310282 2038 1
170 1000005 1.7106845301675 2036 1
122 1000005 -0.58052308725242 2035 1
130 1000005 0.28962065492721 16 1
0
0
1
0
172
connections
0.69999895
step
0.315789
link
2.2160598338
enable
0.1805
bias
0.361
node
0.55401495845
disable
0.361
done
10
170 171 1.27265195468 18 1
171 1000001 1.2313864903409 19 0
170 1000001 1.0594551032746 17 0
132 1000003 0.49546624619282 15 0
130 1000005 0.46732485033723 16 1
1000004 1000005 -1.6077761162145 2068 1
49 1000006 1.4282052064577 2069 1
170 1000005 -0.39484847560045 2070 1
171 172 1 2071 1
172 1000001 1.2313864903409 2072 1
