116
20000
5
20000
114
3
20000
171
connections
0.736841
step
0.315789
link
2.10526
enable
0.19
bias
0.38
node
0.526315
disable
0.38
done
5
170 171 1 18 1
171 1000001 1.2115237891781 19 1
170 1000001 1.2115237891781 17 0
132 1000003 0.3961912900174 15 0
130 1000005 0.28962065492721 16 1
0
172
connections
0.69999895
step
0.29999955
link
2.2160598338
enable
0.1999997
bias
0.3999994
node
0.49999925
disable
0.3999994
done
7
170 171 1.189931658826 18 1
171 1000001 1.0889585871197 19 1
170 1000001 0.96136699409009 17 0
132 1000003 0.24185636724906 15 1
130 1000005 0.31801198170568 16 1
170 1000003 -0.14020203253273 2255 1
32 1000005 -0.51045258949553 2256 1
0
171
connections
0.77562094183
step
0.29999955
link
2.2160598338
enable
0.1999997
bias
0.3999994
node
0.55401495845
disable
0.3999994
done
7
170 171 1.0965268488311 18 1
171 1000001 0.94164596284829 19 1
170 1000001 1.0704827091968 17 0
132 1000003 0.28426482440413 15 0
130 1000005 0.16897811608173 16 1
114 1000005 1.2723166600543 2257 1
91 1000005 1.5810419019135 2258 1
0
12
3
0
173
connections
0.7368398947385
step
0.3157885263165
link
2.3326910628529
enable
0.171475
bias
0.37999943
node
0.5263142105275
disable
0.37999943
done
11
170 171 0.93033938628614 18 1
123 173 1 1986 1
171 1000001 1.4209154732285 19 0
170 1000001 1.5020045158759 17 0
18 1000001 1.3848689230018 1985 1
173 1000002 0.023743400372326 1987 1
123 1000002 0.023743400372326 1984 0
38 1000003 0.59162775674242 1967 1
132 1000003 0.3713364479699 15 0
130 1000005 0.55664396187174 16 1
75 1000005 -1.2672627508586 1966 1
0
174
connections
0.69999790000157
step
0.29999910000067
link
2.2160565097102
enable
0.18049972925
bias
0.3999988000009
node
0.55401412742756
disable
0.3999988000009
done
15
170 171 0.84219914348984 18 1
123 173 0.87957737472735 1986 0
171 1000001 1.5632381152009 19 0
170 1000001 1.3119266535414 17 0
18 1000001 1.4492047998201 1985 1
173 1000002 1.5212256233406 1987 1
123 1000002 -0.050425510699956 1984 0
38 1000003 0.60359402840906 1967 1
132 1000003 0.6171348377437 15 0
130 1000005 0.37015506548471 16 1
75 1000005 -1.1438188022119 1966 1
146 171 -1.5212256233406 2264 1
78 1000002 1.632557145909 2265 1
123 174 1 2266 1
174 173 0.87957737472735 2267 1
0
174
connections
0.77561977839859
step
0.33240847645654
link
2.4554605934908
enable
0.18049972925
bias
0.3999988000009
node
0.49999850000112
disable
0.3999988000009
done
16
170 171 0.86323278294254 18 1
123 173 1.1914389586844 1986 1
171 1000001 1.4148794295415 19 0
170 1000001 1.3610654319375 17 0
18 1000001 1.3819168411314 1985 1
173 1000002 0.27312837845183 1987 1
123 1000002 0.19511631802668 1984 0
38 1000003 0.70665750357737 1967 1
132 1000003 0.421927624217 15 0
130 1000005 0.24387545277321 16 0
75 1000005 -1.5790979557232 1966 1
40 1000004 0.29157383953368 2268 1
1000002 1000003 -1.3950010681478 2269 1
1000004 1000002 -1.3365276039918 2270 1
130 174 1 2271 1
174 1000005 0.24387545277321 2272 1
0
2
2
0
172
connections
0.6649990025
step
0.3157885263165
link
2.10525684211
enable
0.210525684211
bias
0.421051368422
node
0.4749992875
disable
0.37999943
done
10
170 171 1.070652027955 18 1
171 1000001 1.2115237891781 19 1
170 1000001 1.2115237891781 17 0
47 1000002 -1.042573320719 2216 1
140 1000003 -1.3610644856105 2189 1
109 1000003 0.9226966154973 2217 1
132 1000003 0.26519409772027 15 1
130 1000005 0.27753532517472 16 1
21 1000006 0.68037965025788 2190 1
170 1000006 -1.3484908597064 2191 1
0
173
connections
0.69999790000157
step
0.33240847645654
link
2.2160565097102
enable
0.19999940000045
bias
0.44321130194205
node
0.49999850000112
disable
0.3999988000009
done
14
170 171 1.1206953951952 18 1
171 1000001 1.3685522265411 19 1
170 1000001 1.3252347365521 17 1
47 1000002 -1.23930776647 2216 1
140 1000003 -1.2144647086009 2189 1
109 1000003 1.0151038792701 2217 0
132 1000003 0.29711918928827 15 1
130 1000005 0.19673349665895 16 1
21 1000006 0.65547462966702 2190 1
170 1000006 -1.2569763217226 2191 1
56 1000005 -1.0249946592608 2273 1
61 1000004 0.52107303079318 2274 1
109 173 1 2275 1
173 1000003 1.0151038792701 2276 1
0
1
1
0
172
connections
0.69999895
step
0.285
link
1.999997
enable
0.1805
bias
0.3999994
node
0.49999925
disable
0.3999994
done
10
170 171 0.77894604327525 18 1
130 172 1 2239 1
170 1000001 1.3936291085543 17 0
171 1000001 0.19489120151372 19 1
137 1000002 1.5084078493606 2236 1
132 1000003 0.21497314371166 15 0
10 1000005 0.91915646839808 2237 1
130 1000005 0.23740791039766 16 0
172 1000005 0.23740791039766 2240 1
170 1000006 -1.5124362926115 2238 0
0
0
1
0
172
connections
0.69999895
step
0.29999955
link
2.2160598338
enable
0.1805
bias
0.3999994
node
0.55401495845
disable
0.3999994
done
10
170 171 0.72779666673635 18 1
171 1000001 1.0632315222221 19 1
170 1000001 1.2738455438963 17 0
132 1000003 0.2435409864452 15 0
130 1000005 0.48310466292764 16 1
60 1000003 1.6519669179357 2259 0
120 1000001 -0.39753410443434 2260 1
1000006 171 -1.7770928067873 2261 1
60 172 1 2262 1
172 1000003 1.6519669179357 2263 0
