229
10000
2
10000
222
3
10000
172
connections
0.69999790000157
step
0.29999955
link
1.9999940000045
enable
0.19999940000045
bias
0.3999988000009
node
0.451249323125
disable
0.44321130194205
done
13
7 171 0.63949184228492 24 1
84 172 0.97342146996521 45 1
23 1000002 0.73064019042482 43 1
1000003 1000002 -1.1120258706244 21 1
172 1000003 0.63297497195196 46 1
84 1000003 0.49750961528825 22 0
122 1000004 -0.41343833385266 20 0
170 1000004 0.24382190664541 44 0
48 1000004 -1.0716269417402 65 1
7 1000005 0.92092488415632 23 0
171 1000005 0.90342791108585 25 1
106 1000006 1.3220222972182 42 1
67 1000006 -1.5325785088656 66 1
0
173
connections
0.6649980050015
step
0.3157885263165
link
1.8999943000043
enable
0.21052536842247
bias
0.42105073684495
node
0.42868685696875
disable
0.42105073684495
done
16
7 171 0.45064708465768 24 1
84 172 0.71842563214642 45 1
23 1000002 0.53181109143999 43 1
1000003 1000002 -0.95920569600358 21 0
172 1000003 0.83270998607927 46 1
84 1000003 -0.64046143986328 22 0
122 1000004 -0.53075434480425 20 0
170 1000004 0.2662095755389 44 0
48 1000004 -1.0887140433106 65 1
7 1000005 0.8203779407358 23 0
171 1000005 0.72354593093211 25 1
106 1000006 1.2478047173005 42 1
67 1000006 -1.8029556293164 66 1
83 1000002 -0.034119693594165 2221 1
107 1000005 -0.45954771568957 2222 1
170 1000002 1.2603534043397 2223 1
0
172
connections
0.73683878947866
step
0.3157885263165
link
2.1052536842247
enable
0.18999943000043
bias
0.42105073684495
node
0.42868685696875
disable
0.42105073684495
done
15
7 171 0.42530073545841 24 1
84 172 1.2164283882388 45 1
23 1000002 0.58027036547176 43 1
1000003 1000002 -1.3891298928778 21 1
172 1000003 0.73650950786365 46 1
84 1000003 -0.488235114597 22 0
122 1000004 -0.65311071341029 20 0
170 1000004 -0.062406323699356 44 0
48 1000004 -1.2375346989513 65 1
7 1000005 0.73001772397066 23 0
171 1000005 0.70022953687755 25 1
106 1000006 1.1887274851365 42 1
67 1000006 -1.3262515164675 66 1
160 1000002 0.041566209906308 2224 1
135 1000002 1.0444044312876 2225 1
0
5
2
0
175
connections
0.69999580000945
step
0.29999955
link
2.2160498615457
enable
0.24554532271146
bias
0.49109064542292
node
0.49999700000675
disable
0.49109064542292
done
26
7 171 0.32219152780671 24 1
38 172 0.8866455472869 2157 1
84 172 1.6319211640619 45 1
170 172 0.42963957640309 2164 1
28 172 -1.6224766825602 2163 1
170 175 1 2190 1
114 1000002 -0.41059602649007 2189 1
1000003 1000002 -0.8423471772702 21 0
175 1000002 1.6134132454283 2191 1
170 1000002 1.6134132454283 2176 1
23 1000002 0.97896587769097 43 1
172 1000003 0.64873760585978 46 1
15 1000003 -0.84383678701132 2188 1
11 1000003 1.5090182195502 2187 1
84 1000003 0.28272982331919 22 0
122 1000004 -0.11581922402112 20 0
48 1000004 -0.63815016039407 65 0
170 1000004 0.24857363144322 44 1
131 1000004 1.6767083195883 2174 1
72 1000004 -1.9337714750557 2175 1
7 1000005 1.2074108584307 23 0
171 1000005 1.019333831773 25 1
51 1000005 -0.88496697886441 2162 1
106 1000006 1.0464680366405 42 1
67 1000006 -0.81038850062563 66 1
122 1000006 0.44204498197119 2156 1
0
176
connections
0.73683657896395
step
0.2849995725
link
2.1052473684684
enable
0.23326805657589
bias
0.46653611315177
node
0.47499715000641
disable
0.46653611315177
done
30
7 171 0.13286733900067 24 0
38 172 0.97036150801912 2157 1
84 172 1.7383208884918 45 1
170 172 0.33155491259247 2164 1
28 172 -1.8213858052599 2163 1
170 175 1.0341735075031 2190 1
114 1000002 -0.66002175178022 2189 1
1000003 1000002 -0.93787469900754 21 0
175 1000002 1.6836476748218 2191 1
170 1000002 1.4129733165895 2176 1
23 1000002 0.97198157468131 43 1
172 1000003 0.380976997949 46 1
15 1000003 -1.0937843780307 2188 1
11 1000003 1.488848109115 2187 1
84 1000003 0.14352214004448 22 0
122 1000004 -0.14840973881214 20 0
48 1000004 -0.86419630101428 65 0
170 1000004 0.10820044803987 44 1
131 1000004 1.4728066814122 2174 1
72 1000004 -1.262550737022 2175 1
7 1000005 1.4767544590535 23 0
171 1000005 1.1819732862906 25 1
51 1000005 -0.66050383095622 2162 1
106 1000006 1.249708644893 42 1
67 1000006 -1.0788101384601 66 1
122 1000006 0.61903574404286 2156 1
151 1000005 0.27204199346904 2226 0
80 172 0.57612842188788 2227 1
7 176 1 2228 1
176 171 0.13286733900067 2229 1
