70
20000
4
20000
68
3
20000
171
connections
0.736841
step
0.315789
link
2.10526
enable
0.19
bias
0.38
node
0.526315
disable
0.38
done
5
170 171 1 18 1
171 1000001 1.2115237891781 19 1
170 1000001 1.2115237891781 17 0
132 1000003 0.3961912900174 15 0
130 1000005 0.28962065492721 16 1
0
172
connections
0.77562094183
step
0.315789
link
1.999997
enable
0.1805
bias
0.3999994
node
0.49999925
disable
0.3999994
done
9
170 171 0.91221283605457 18 1
171 1000001 1.4126854395276 19 1
170 1000001 0.92640102649007 17 0
132 1000003 0.19599338062685 15 0
130 1000005 0.24152034366894 16 1
1000001 1000001 0.051210058900723 1309 0
34 1000002 1.4828943754387 1310 1
1000001 172 1 1311 1
172 1000001 0.051210058900723 1312 1
0
172
connections
0.77562094183
step
0.33240897507
link
2.2160598338
enable
0.1999997
bias
0.3999994
node
0.49999925
disable
0.3999994
done
9
170 171 1 18 1
171 1000001 1.2115237891781 19 0
170 1000001 1.2115237891781 17 0
132 1000003 0.3961912900174 15 1
130 1000005 0.28962065492721 16 1
115 1000002 -0.32380138554033 1313 1
137 171 1.6332895901364 1314 1
171 172 1 1315 1
172 1000001 1.2115237891781 1316 1
0
13
2
0
173
connections
0.6649990025
step
0.34990365942793
link
1.89999715
enable
0.171475
bias
0.34295
node
0.58317276571322
disable
0.421051368422
done
11
170 171 0.75037117680754 18 1
96 171 -0.042054506057924 1074 1
147 172 1 1054 1
170 1000001 1.070523626072 17 0
171 1000001 1.4573585220762 19 1
172 1000002 -0.34345530564287 1055 1
147 1000002 -0.34345530564287 1052 1
69 1000002 1.9306619464705 1053 1
132 1000003 0.59385933650438 15 0
130 1000005 0.10686520932993 16 1
15 1000005 -0.18622394482253 1075 1
0
173
connections
0.69999790000157
step
0.315789
link
1.9999940000045
enable
0.16290125
bias
0.3258025
node
0.55401412742756
disable
0.3999988000009
done
13
170 171 0.83042913826266 18 1
96 171 -0.31142974147771 1074 1
147 172 0.8334944745323 1054 1
170 1000001 0.77624532427449 17 0
171 1000001 1.5563829056023 19 1
172 1000002 -0.42956556031983 1055 1
147 1000002 -0.23641259733879 1052 0
69 1000002 1.6735454960479 1053 1
132 1000003 0.60944302780965 15 1
130 1000005 -0.059736690233651 16 1
15 1000005 -0.36573997323527 1075 1
92 1000005 -1.1330301828059 1317 1
42 1000002 0.8553117465743 1318 1
0
11
2
0
172
connections
0.69999895
step
0.29999955
link
2.2160598338
enable
0.1805
bias
0.361
node
0.49999925
disable
0.3999994
done
9
170 171 1.7947935422834 18 1
6 171 -0.071474349192785 1110 0
172 171 -0.071474349192785 1112 1
6 172 1 1111 1
170 1000001 1.4186312393735 17 0
171 1000001 1.0117590813486 19 0
132 1000003 0.34377582861568 15 0
130 1000004 0.62630085146641 1109 1
130 1000005 -0.24331794049771 16 1
0
172
connections
0.6649990025
step
0.2849995725
link
2.3326910628529
enable
0.171475
bias
0.37999943
node
0.4749992875
disable
0.37999943
done
11
170 171 1.7947935422834 18 1
6 171 -0.071474349192785 1110 0
172 171 -0.071474349192785 1112 1
6 172 1 1111 1
170 1000001 1.4186312393735 17 0
171 1000001 1.0117590813486 19 0
132 1000003 0.34377582861568 15 0
130 1000004 0.62630085146641 1109 1
130 1000005 -0.24331794049771 16 1
1000005 172 1.1148411511582 1321 1
67 1000002 1.0025330362865 1322 1
0
5
3
0
173
connections
0.7368398947385
step
0.285
link
1.89999715
enable
0.189999715
bias
0.34295
node
0.5263142105275
disable
0.34295
done
13
170 171 1.047317893053 18 0
172 171 1.047317893053 1215 1
170 172 1 1214 1
37 173 1 1235 1
68 1000001 1.0458693197424 1212 1
170 1000001 1.0701164876324 17 0
171 1000001 1.4807424166921 19 0
44 1000001 0.98361156041139 1234 1
16 1000001 0.50556962797937 1233 1
132 1000003 0.35355394438459 15 0
37 1000004 -1.5058442945647 1213 0
173 1000004 -1.5058442945647 1236 1
130 1000005 0.30762960035554 16 1
0
173
connections
0.69999790000157
step
0.29999955
link
1.8049972925
enable
0.19999940000045
bias
0.3609994585
node
0.55401412742756
disable
0.3258025
done
15
170 171 1.047317893053 18 0
172 171 1.047317893053 1215 1
170 172 1 1214 1
37 173 1 1235 1
68 1000001 1.0458693197424 1212 0
170 1000001 1.0701164876324 17 0
171 1000001 1.4807424166921 19 0
44 1000001 0.98361156041139 1234 1
16 1000001 0.50556962797937 1233 1
132 1000003 0.35355394438459 15 0
37 1000004 -1.5058442945647 1213 0
173 1000004 -1.5058442945647 1236 1
130 1000005 0.30762960035554 16 1
64 1000001 -1.5493026520585 1319 1
121 173 -0.36530655842769 1320 1
0
174
connections
0.69999790000157
step
0.29999955
link
1.9999940000045
enable
0.19999940000045
bias
0.3609994585
node
0.49999850000112
disable
0.3258025
done
15
170 171 0.8349368523306 18 1
172 171 0.86095689447972 1215 1
170 172 0.97838377216254 1214 1
37 173 0.2064882351146 1235 1
68 1000001 1.2449931398343 1212 1
170 1000001 0.92037764549699 17 0
171 1000001 1.3834098804193 19 0
44 1000001 0.85789685289926 1234 1
16 1000001 0.76361849777978 1233 1
132 1000003 0.27649177170019 15 0
37 1000004 -1.5703816897473 1213 0
173 1000004 -1.2563833204489 1236 1
130 1000005 0.50979305943175 16 1
135 1000002 -1.518173772393 1323 1
22 1000002 -1.6340220343638 1324 1
