170
20000
4
20000
168
4
20000
171
connections
0.736841
step
0.315789
link
2.10526
enable
0.19
bias
0.38
node
0.526315
disable
0.38
done
5
170 171 1 18 1
171 1000001 1.2115237891781 19 1
170 1000001 1.2115237891781 17 0
132 1000003 0.3961912900174 15 0
130 1000005 0.28962065492721 16 1
0
172
connections
0.69999895
step
0.29999955
link
1.999997
enable
0.1999997
bias
0.3999994
node
0.55401495845
disable
0.361
done
8
170 171 -0.49824518570513 18 1
171 1000001 1.2042634466643 19 1
170 1000001 1.2734976334101 17 0
132 1000003 0.11320273168279 15 0
130 1000005 0.2578967119129 16 1
102 1000001 -1.6964018677328 3275 1
109 1000006 0.78743858149968 3276 1
170 1000004 0.60505996887112 3277 1
0
171
connections
0.69999895
step
0.315789
link
1.999997
enable
0.1805
bias
0.3999994
node
0.49999925
disable
0.361
done
7
170 171 1 18 1
171 1000001 1.2115237891781 19 1
170 1000001 1.2115237891781 17 0
132 1000003 0.3961912900174 15 0
130 1000005 0.28962065492721 16 1
47 171 1.6246223334452 3278 1
169 1000006 -1.6861476485488 3279 1
0
172
connections
0.69999895
step
0.33240897507
link
1.999997
enable
0.1805
bias
0.3999994
node
0.55401495845
disable
0.361
done
8
170 171 1 18 0
171 1000001 1.2115237891781 19 1
170 1000001 1.2115237891781 17 0
132 1000003 0.3961912900174 15 0
130 1000005 0.28962065492721 16 1
137 1000005 -1.4747154148991 3280 1
68 1000005 -1.7040925321207 3281 1
170 1000006 1.8516800439467 3282 1
0
4
3
0
172
connections
0.7368398947385
step
0.315789
link
1.89999715
enable
0.189999715
bias
0.34295
node
0.4749992875
disable
0.37999943
done
10
170 171 0.88870181186307 18 1
129 171 -1.5197607348857 3204 1
171 1000001 1.2115237891781 19 1
170 1000001 1.2115237891781 17 1
45 1000003 -1.8813440351573 3205 1
132 1000003 0.3961912900174 15 0
130 1000005 0.28962065492721 16 1
117 1000006 -1.4764244514298 3190 1
148 1000006 0.40314951017792 3189 1
170 1000006 0.25165562913907 3206 0
0
173
connections
0.69999790000157
step
0.29999955
link
1.9999940000045
enable
0.18049972925
bias
0.3258025
node
0.451249323125
disable
0.3609994585
done
15
170 171 0.88870181186307 18 1
129 171 -1.5197607348857 3204 1
171 1000001 1.2115237891781 19 1
170 1000001 1.2115237891781 17 1
45 1000003 -1.8813440351573 3205 1
132 1000003 0.3961912900174 15 0
130 1000005 0.28962065492721 16 1
117 1000006 -1.4764244514298 3190 1
148 1000006 0.40314951017792 3189 1
170 1000006 0.25165562913907 3206 0
65 1000004 -0.9012115848262 3283 0
142 1000005 -0.81685842463454 3284 1
170 1000004 -0.085879085665456 3285 1
65 173 1 3286 1
173 1000004 -0.9012115848262 3287 1
0
172
connections
0.77561977839859
step
0.33240897507
link
1.8049972925
enable
0.19999940000045
bias
0.3258025
node
0.451249323125
disable
0.3609994585
done
11
170 171 0.73516289045786 18 1
129 171 -1.3668710695737 3204 1
171 1000001 0.91606154365936 19 1
170 1000001 1.4571353402942 17 0
45 1000003 -1.7413989132026 3205 1
132 1000003 0.081109336933527 15 0
130 1000005 0.26203741559449 16 1
117 1000006 -1.416418985945 3190 1
148 1000006 0.15449457112519 3189 1
170 1000006 0.46482466485018 3206 0
77 1000004 0.87557603686636 3288 1
0
3
2
0
174
connections
0.7368398947385
step
0.315789
link
1.89999715
enable
0.210525684211
bias
0.37999943
node
0.4749992875
disable
0.37999943
done
11
170 171 1.26116416245 18 1
170 173 -1.1294900357067 3222 1
112 173 1.2381500283517 3211 1
170 1000001 0.98171975753044 17 0
171 1000001 1.4877030357677 19 1
112 1000001 -0.3511487554857 3210 0
173 1000001 0.08887609152501 3212 1
134 1000003 0.40517640433973 3209 1
113 1000003 0.078554643391217 3223 1
132 1000003 0.46863569789727 15 0
130 1000005 0.0024547614062931 16 1
0
174
connections
0.69999790000157
step
0.33240897507
link
1.8049972925
enable
0.22160565097102
bias
0.3609994585
node
0.451249323125
disable
0.3609994585
done
13
170 171 1.1917647728674 18 1
170 173 -1.0001561930245 3222 1
112 173 1.4617680293121 3211 1
170 1000001 1.1837094148875 17 0
171 1000001 1.4158486465828 19 1
112 1000001 -0.31547010424143 3210 0
173 1000001 -0.042425808689566 3212 1
134 1000003 0.69440984921478 3209 1
113 1000003 0.37724288012287 3223 1
132 1000003 0.49230311141814 15 0
130 1000005 -0.3063172340222 16 1
75 173 1.0809045686209 3289 1
7 1000005 -1.1645252845851 3290 1
0
2
1
0
174
connections
0.631749052375
step
0.29999910000067
link
2.2160565097102
enable
0.18049972925
bias
0.3999988000009
node
0.49999850000112
disable
0.44321130194205
done
16
170 171 1.7560384560592 18 1
1000004 171 -0.63238366252902 2999 1
130 173 -1.8010193182165 3002 1
167 174 -1.3995178075503 3253 1
44 174 -1.7403485213782 3252 1
137 174 1.1720048552419 3234 1
170 1000001 1.4478282913464 17 0
12 1000001 -0.12494641998613 3233 1
171 1000001 -1.6943266090884 19 1
170 1000002 0.16499867593894 3001 1
132 1000003 -0.25644361953517 15 0
130 1000005 0.30559546156194 16 0
174 1000005 -0.72802854323226 3235 1
173 1000005 0.38728105896805 3003 0
137 1000005 -0.56015282993497 3000 0
21 1000006 -1.6608687189218 3232 1
