102
20000
4
20000
100
4
20000
171
connections
0.736841
step
0.315789
link
2.10526
enable
0.19
bias
0.38
node
0.526315
disable
0.38
done
5
170 171 1 18 1
171 1000001 1.2115237891781 19 1
170 1000001 1.2115237891781 17 0
132 1000003 0.3961912900174 15 0
130 1000005 0.28962065492721 16 1
0
171
connections
0.69999895
step
0.33240897507
link
2.2160598338
enable
0.1999997
bias
0.361
node
0.49999925
disable
0.3999994
done
8
170 171 0.74331051679445 18 1
171 1000001 1.4497906307404 19 1
170 1000001 0.9215802204512 17 0
132 1000003 0.58069161136503 15 1
130 1000005 0.50489977294108 16 1
86 1000003 -0.96664326914274 1940 1
135 1000001 -0.31086153752251 1941 1
170 1000004 -1.9418927579577 1942 1
0
172
connections
0.69999895
step
0.33240897507
link
1.999997
enable
0.1805
bias
0.361
node
0.55401495845
disable
0.361
done
7
170 171 1.0165458857491 18 1
171 1000001 1.040617267281 19 1
170 1000001 1.1560834055984 17 0
132 1000003 0.37152970310388 15 0
130 1000005 0.60094909622252 16 1
170 1000005 0.59993285927915 1943 1
17 1000001 1.5025482955412 1944 1
0
171
connections
0.77562094183
step
0.29999955
link
2.2160598338
enable
0.1999997
bias
0.361
node
0.55401495845
disable
0.3999994
done
8
170 171 0.71206745054628 18 1
171 1000001 1.3095704575014 19 1
170 1000001 1.3508070056505 17 0
132 1000003 0.59877590389264 15 0
130 1000005 0.54309175517289 16 1
122 1000001 0.73043000579852 1954 0
15 171 -1.4015930661946 1955 1
87 1000003 1.1819818720054 1956 1
0
14
2
0
172
connections
0.7368398947385
step
0.315789
link
2.10525684211
enable
0.189999715
bias
0.421051368422
node
0.4749992875
disable
0.37999943
done
11
170 171 1.0110541087985 18 1
5 171 -1.5532090212714 1649 1
62 171 -1.0486770226142 1665 1
137 172 1 1667 1
170 1000001 1.0953448165838 17 0
171 1000001 0.91283155378887 19 1
137 1000002 -0.60615863521226 1666 0
172 1000002 -0.60615863521226 1668 1
34 1000002 -0.1270180364391 1650 1
132 1000003 0.59027908172857 15 0
130 1000005 0.1888615376751 16 1
0
172
connections
0.69999790000157
step
0.29999955
link
1.9999940000045
enable
0.19999940000045
bias
0.44321130194205
node
0.49999850000112
disable
0.3609994585
done
13
170 171 1.0110541087985 18 1
5 171 -1.5532090212714 1649 1
62 171 -1.0486770226142 1665 1
137 172 1 1667 1
170 1000001 1.0953448165838 17 0
171 1000001 0.91283155378887 19 1
137 1000002 -0.60615863521226 1666 0
172 1000002 -0.60615863521226 1668 1
34 1000002 -0.1270180364391 1650 1
132 1000003 0.59027908172857 15 0
130 1000005 0.1888615376751 16 1
146 172 0.37104403820917 1945 1
125 1000001 -1.481185338908 1946 1
0
1
2
0
175
connections
0.81644187199851
step
0.2849995725
link
2.3326910628529
enable
0.210525684211
bias
0.37999943
node
0.4749992875
disable
0.34295
done
11
170 171 1.306322823086 18 1
107 171 -0.75859666248398 1900 1
138 175 1 1916 1
171 1000001 0.88390518212355 19 1
170 1000001 0.97627175398335 17 0
54 1000002 -0.45332193975646 1915 1
132 1000003 0.33045955475791 15 1
88 1000004 0.62654499954222 1914 1
138 1000004 -0.35766254358646 1899 0
175 1000004 -0.35766254358646 1917 1
130 1000005 0.08841426290376 16 1
0
175
connections
0.77561977839859
step
0.270749593875
link
2.4554605934908
enable
0.22160565097102
bias
0.3999988000009
node
0.451249323125
disable
0.3609994585
done
14
170 171 1.5352126970424 18 0
107 171 -0.87375633806721 1900 1
138 175 0.8715866744465 1916 1
171 1000001 0.88763173831843 19 1
170 1000001 1.549913022248 17 0
54 1000002 -0.72058460078393 1915 1
132 1000003 0.40498241578146 15 1
88 1000004 0.46868279088773 1914 1
138 1000004 -0.093275362727107 1899 0
175 1000004 -0.38865658413412 1917 1
130 1000005 0.038564343782453 16 1
78 1000001 -1.9277321695608 1947 1
88 1000006 -0.17462691122166 1948 1
92 1000003 -0.59089938047426 1949 1
0
1
2
0
175
connections
0.69999895
step
0.33240897507
link
1.999997
enable
0.1805
bias
0.3999994
node
0.55401495845
disable
0.3999994
done
9
170 171 0.96292139030485 18 1
2 175 1 1924 1
170 1000001 1.1427127879299 17 0
171 1000001 -1.0671102023377 19 1
39 1000002 -1.8011413922544 1923 1
132 1000003 0.505841067477 15 0
130 1000005 -0.1258706830667 16 1
2 1000005 -1.1395001068148 1922 0
175 1000005 -1.1395001068148 1925 1
0
176
connections
0.7368398947385
step
0.34990365942793
link
2.10525684211
enable
0.189999715
bias
0.37999943
node
0.58317276571322
disable
0.37999943
done
13
170 171 0.45954771568957 18 1
2 175 -0.35309915463729 1924 1
170 1000001 1.4625029697863 17 0
171 1000001 -0.97105675171501 19 1
39 1000002 -1.8633652340308 1923 1
132 1000003 -0.16864528336436 15 0
130 1000005 -0.040559841818805 16 1
2 1000005 -0.91280542051468 1922 0
175 1000005 -1.1477546168016 1925 1
166 171 0.64705343791009 1950 1
168 1000003 -0.24591814935759 1951 1
2 176 1 1952 1
176 175 -0.35309915463729 1953 1
