120
20000
5
20000
118
4
20000
171
connections
0.736841
step
0.315789
link
2.10526
enable
0.19
bias
0.38
node
0.526315
disable
0.38
done
5
170 171 1 18 1
171 1000001 1.2115237891781 19 1
170 1000001 1.2115237891781 17 0
132 1000003 0.3961912900174 15 0
130 1000005 0.28962065492721 16 1
0
172
connections
0.69999895
step
0.29999955
link
2.2160598338
enable
0.1805
bias
0.3999994
node
0.49999925
disable
0.3999994
done
8
170 171 0.87219782957091 18 1
171 1000001 0.93833165769066 19 1
170 1000001 1.4444498596622 17 0
132 1000003 0.65727979880215 15 0
130 1000005 0.35097192249977 16 1
20 171 1.5005951109348 2334 1
22 1000006 0.47541734061708 2335 1
170 1000006 -1.4656819360942 2336 1
0
172
connections
0.77562094183
step
0.29999955
link
1.999997
enable
0.1805
bias
0.361
node
0.49999925
disable
0.361
done
7
170 171 1.0445050756111 18 1
171 1000001 1.3166473680182 19 0
170 1000001 1.4710009230796 17 0
132 1000003 0.44601569048279 15 1
130 1000005 -0.21206907821504 16 1
164 171 0.9595629749443 2337 1
135 1000006 1.5832392345958 2338 1
0
171
connections
0.69999895
step
0.285
link
2.2160598338
enable
0.1999997
bias
0.361
node
0.55401495845
disable
0.3999994
done
7
170 171 1 18 1
171 1000001 1.2115237891781 19 1
170 1000001 1.2115237891781 17 1
132 1000003 0.3961912900174 15 0
130 1000005 0.28962065492721 16 0
50 1000003 0.26032288583026 2347 1
132 171 0.63716544083987 2348 1
0
6
2
0
172
connections
0.6649990025
step
0.3157885263165
link
2.10525684211
enable
0.210525684211
bias
0.421051368422
node
0.4749992875
disable
0.37999943
done
10
170 171 1.070652027955 18 1
171 1000001 1.2115237891781 19 1
170 1000001 1.2115237891781 17 0
47 1000002 -1.042573320719 2216 1
140 1000003 -1.3610644856105 2189 1
109 1000003 0.9226966154973 2217 1
132 1000003 0.26519409772027 15 1
130 1000005 0.27753532517472 16 1
21 1000006 0.68037965025788 2190 1
170 1000006 -1.3484908597064 2191 1
0
172
connections
0.69999790000157
step
0.29999910000067
link
2.2160565097102
enable
0.22160565097102
bias
0.44321130194205
node
0.49999850000112
disable
0.3999988000009
done
13
170 171 1.0049977554825 18 1
171 1000001 1.077752407907 19 1
170 1000001 0.96171527928958 17 0
47 1000002 -1.1795857579733 2216 1
140 1000003 -1.3167975204168 2189 1
109 1000003 0.66459319961794 2217 1
132 1000003 0.020805658854396 15 1
130 1000005 0.23097947863694 16 1
21 1000006 0.61042228085863 2190 1
170 1000006 -1.1177624647018 2191 1
46 1000006 -1.746940519425 2344 1
12 171 -1.2811059907834 2345 1
170 1000003 -0.27546006653035 2346 1
0
5
2
0
172
connections
0.69999895
step
0.285
link
1.999997
enable
0.1805
bias
0.3999994
node
0.49999925
disable
0.3999994
done
10
170 171 0.77894604327525 18 1
130 172 1 2239 1
170 1000001 1.3936291085543 17 0
171 1000001 0.19489120151372 19 1
137 1000002 1.5084078493606 2236 1
132 1000003 0.21497314371166 15 0
10 1000005 0.91915646839808 2237 1
130 1000005 0.23740791039766 16 0
172 1000005 0.23740791039766 2240 1
170 1000006 -1.5124362926115 2238 0
0
172
connections
0.7368398947385
step
0.27075
link
2.10525684211
enable
0.171475
bias
0.421051368422
node
0.4749992875
disable
0.37999943
done
12
170 171 0.71066981261635 18 1
130 172 1.0912801065096 2239 1
170 1000001 1.4063456907865 17 0
171 1000001 0.39195278023621 19 0
137 1000002 1.2859461577197 2236 1
132 1000003 0.32320869319742 15 0
10 1000005 0.97513752403333 2237 1
130 1000005 0.42331459242531 16 0
172 1000005 0.48191498306223 2240 1
170 1000006 -1.6650435422834 2238 0
7 171 -1.0849330118717 2349 1
7 1000003 -0.62263863032929 2350 1
0
0
1
0
172
connections
0.7368398947385
step
0.3157885263165
link
2.10525684211
enable
0.210525684211
bias
0.34295
node
0.4749992875
disable
0.37999943
done
10
170 171 1.5076754051332 18 1
171 1000001 -1.2348399304178 19 1
170 1000001 1.4512935571497 17 0
170 1000002 2.0563304218367 2316 1
132 1000003 0.56613581417513 15 1
18 1000003 1.8001647999512 2314 0
151 1000004 -1.5347537369944 2315 1
130 1000005 -0.15507361083505 16 1
49 1000005 0.31635486922819 2332 1
139 1000001 0.77828302865688 2333 1
0
0
1
0
172
connections
0.77562094183
step
0.315789
link
2.2160598338
enable
0.1805
bias
0.3999994
node
0.55401495845
disable
0.3999994
done
10
170 171 0.89756397347942 18 1
171 1000001 1.5142830114139 19 1
170 1000001 1.4258308662069 17 0
132 1000003 0.4243614382458 15 0
130 1000005 0.16752431284524 16 1
71 171 1.4925382244331 2339 0
126 171 1.1103244117557 2340 1
170 1000004 -0.60347300637837 2341 1
130 172 1 2342 1
172 1000005 0.16752431284524 2343 1
