211
10000
2
10000
204
3
10000
172
connections
0.69999790000157
step
0.29999955
link
1.9999940000045
enable
0.19999940000045
bias
0.3999988000009
node
0.451249323125
disable
0.44321130194205
done
13
7 171 0.63949184228492 24 1
84 172 0.97342146996521 45 1
23 1000002 0.73064019042482 43 1
1000003 1000002 -1.1120258706244 21 1
172 1000003 0.63297497195196 46 1
84 1000003 0.49750961528825 22 0
122 1000004 -0.41343833385266 20 0
170 1000004 0.24382190664541 44 0
48 1000004 -1.0716269417402 65 1
7 1000005 0.92092488415632 23 0
171 1000005 0.90342791108585 25 1
106 1000006 1.3220222972182 42 1
67 1000006 -1.5325785088656 66 1
0
172
connections
0.6649980050015
step
0.3157885263165
link
1.8999943000043
enable
0.21052536842247
bias
0.42105073684495
node
0.42868685696875
disable
0.42105073684495
done
14
7 171 0.6367837342526 24 1
84 172 0.92306283761101 45 1
23 1000002 1.8497268593402 43 1
1000003 1000002 -1.1898478363218 21 1
172 1000003 0.72093547732904 46 1
84 1000003 0.7482649992486 22 0
122 1000004 -1.3857234412671 20 0
170 1000004 0.4365023475355 44 0
48 1000004 1.7653736991485 65 1
7 1000005 0.82378957861281 23 0
171 1000005 0.9037941321009 25 1
106 1000006 0.97079706899843 42 0
67 1000006 -1.6749421097674 66 1
11 1000001 0.35749382000183 2060 1
0
172
connections
0.73683878947866
step
0.3157885263165
link
2.1052536842247
enable
0.21052536842247
bias
0.42105073684495
node
0.42868685696875
disable
0.42105073684495
done
15
7 171 0.3742032664643 24 1
84 172 0.74668247467579 45 0
23 1000002 0.99573601834278 43 1
1000003 1000002 -1.1345484630498 21 1
172 1000003 0.59973559613893 46 1
84 1000003 0.37892146817913 22 0
122 1000004 -0.21063862807312 20 0
170 1000004 -0.057375603440033 44 0
48 1000004 -1.184317003028 65 1
7 1000005 0.75765777321153 23 1
171 1000005 1.1015631176211 25 1
106 1000006 1.209737006526 42 1
67 1000006 -1.4493596018939 66 1
98 1000005 1.1800286873989 2061 1
58 1000001 1.8376415295877 2062 1
0
3
2
0
174
connections
0.81643942267473
step
0.31578805263371
link
2.1052505263442
enable
0.21052505263442
bias
0.37999829000256
node
0.52631263158605
disable
0.46653681295699
done
26
7 171 1.1575522470185 24 1
84 172 0.67216954882858 45 1
128 172 -1.3839507656875 2005 1
1000003 173 -0.13351619031927 2009 1
5 174 1 2028 1
124 1000001 1.5157322916349 2025 1
63 1000001 -1.6018769320012 2006 1
1000003 1000002 -0.988934345428 21 1
154 1000002 0.48774681844539 2026 1
174 1000002 -1.2141995993517 2029 1
173 1000002 -0.79932204876767 2010 1
23 1000002 0.86280220114315 43 1
5 1000002 -1.2141995993517 2020 1
172 1000003 -1.2357007441758 46 1
170 1000003 -0.017517624439222 2027 1
84 1000003 0.49333934694143 22 0
170 1000004 0.2904644036379 44 1
48 1000004 -0.74350889831182 65 1
29 1000004 0.53177718676632 2007 1
122 1000004 0.33710745567187 20 1
171 1000005 0.44617463956515 25 1
170 1000005 -0.74757440185703 2008 1
7 1000005 0.80670952443091 23 0
154 1000006 -0.43524448121555 2021 1
67 1000006 -1.9658192693869 66 1
106 1000006 1.5088521236813 42 1
0
174
connections
0.8594086294901
step
0.29999865000202
link
2.2160498615457
enable
0.1999988000027
bias
0.36099837550244
node
0.49999700000675
disable
0.44320997230914
done
28
7 171 0.90748775751675 24 1
84 172 0.63652714200287 45 1
128 172 0.17169713431196 2005 1
1000003 173 0.084247654106471 2009 1
5 174 0.80021758044086 2028 1
124 1000001 1.3416951708155 2025 1
63 1000001 0.97042756431776 2006 1
1000003 1000002 -1.0456527400556 21 1
154 1000002 0.27831448961466 2026 1
174 1000002 -1.221112010642 2029 1
173 1000002 -0.67869818287281 2010 1
23 1000002 1.0796321833813 43 1
5 1000002 0.45136875515 2020 1
172 1000003 -1.0007794709313 46 1
170 1000003 0.092009761344469 2027 1
84 1000003 0.28209422680541 22 0
170 1000004 0.38680785265585 44 1
48 1000004 -1.7860042115543 65 1
29 1000004 -0.50471510971404 2007 1
122 1000004 -1.0602740562151 20 1
171 1000005 0.22011590159097 25 1
170 1000005 -0.83712446123598 2008 1
7 1000005 0.73951722448387 23 0
154 1000006 0.71846675008393 2021 1
67 1000006 -2.045188399819 66 1
106 1000006 1.3582531126677 42 1
71 1000003 1.1475569933164 2063 1
134 174 -0.89535203100681 2064 1
