160
20000
6
20000
158
2
20000
171
connections
0.736841
step
0.315789
link
2.10526
enable
0.19
bias
0.38
node
0.526315
disable
0.38
done
5
170 171 1 18 1
171 1000001 1.2115237891781 19 1
170 1000001 1.2115237891781 17 0
132 1000003 0.3961912900174 15 0
130 1000005 0.28962065492721 16 1
0
171
connections
0.69999895
step
0.29999955
link
1.999997
enable
0.1805
bias
0.361
node
0.49999925
disable
0.361
done
7
170 171 1.0475813367519 18 1
171 1000001 1.4404580446104 19 1
170 1000001 1.3265265159322 17 1
132 1000003 0.32061231466872 15 0
130 1000005 0.15497014124424 16 1
67 1000005 -0.14728232673116 3103 1
104 171 -1.8228705710013 3104 1
0
8
4
0
172
connections
0.7368398947385
step
0.285
link
1.89999715
enable
0.189999715
bias
0.421051368422
node
0.4749992875
disable
0.34295
done
11
170 171 1.00984977987 18 0
172 171 1.00984977987 2942 1
170 172 1 2941 1
170 1000001 1.258461839259 17 1
171 1000001 1.1245440014344 19 1
7 1000003 -0.4451429792169 2940 1
145 1000003 2.1702815332499 2922 1
132 1000003 0.4053030883816 15 0
76 1000004 0.072983336893826 2923 1
130 1000005 0.53774355342265 16 1
81 1000006 1.6131473738823 2939 1
0
173
connections
0.77561977839859
step
0.27075
link
1.8049972925
enable
0.18049972925
bias
0.44321130194205
node
0.49999850000112
disable
0.3609994585
done
15
170 171 1.1319339270302 18 0
172 171 1.1138877830439 2942 0
170 172 0.96312273781548 2941 0
170 1000001 1.4952679017609 17 1
171 1000001 1.1276425838496 19 1
7 1000003 -0.52488809625538 2940 1
145 1000003 2.1765530640584 2922 1
132 1000003 0.33843154841762 15 0
76 1000004 0.39899899288919 2923 1
130 1000005 0.39361402523881 16 1
81 1000006 1.692297563097 2939 1
80 1000002 -1.7058015686514 3107 1
84 1000001 1.5436872463149 3108 1
170 173 1 3109 1
173 172 0.96312273781548 3110 1
0
173
connections
0.69999790000157
step
0.29999955
link
1.9999940000045
enable
0.19999940000045
bias
0.3999988000009
node
0.451249323125
disable
0.3609994585
done
15
170 171 0.94864500092319 18 0
172 171 1.1655946556612 2942 1
170 172 1.1617142872906 2941 1
170 1000001 1.5162543539644 17 1
171 1000001 1.083115186964 19 1
7 1000003 -0.55494535975677 2940 1
145 1000003 1.9597865335841 2922 1
132 1000003 0.55586592903684 15 0
76 1000004 0.20986780211951 2923 1
130 1000005 0.55807800578478 16 0
81 1000006 1.6113803548341 2939 1
16 1000004 -0.51484725486007 3111 1
134 1000005 -0.93453779717399 3112 1
130 173 1 3113 1
173 1000005 0.55807800578478 3114 1
0
172
connections
0.77561977839859
step
0.27075
link
1.9999940000045
enable
0.19999940000045
bias
0.44321130194205
node
0.451249323125
disable
0.3609994585
done
13
170 171 1.0265325475936 18 0
172 171 1.0714165467391 2942 1
170 172 0.9667253563036 2941 1
170 1000001 1.1395010631733 17 1
171 1000001 1.3852298057497 19 1
7 1000003 0.75301370281075 2940 1
145 1000003 1.9266999038667 2922 1
132 1000003 0.21113351991333 15 1
76 1000004 0.31962223426008 2923 1
130 1000005 0.59802131000702 16 1
81 1000006 1.3591875591296 2939 0
75 1000001 -1.8853724784082 3115 1
8 172 0.33991515854366 3116 1
0
5
1
0
173
connections
0.69999895
step
0.29999955
link
2.2160598338
enable
0.1805
bias
0.361
node
0.49999925
disable
0.3999994
done
10
170 171 1.8790246284371 18 1
1000004 171 -0.78975798821986 2999 1
130 173 1 3002 1
171 1000001 1.0358015270501 19 1
170 1000001 1.4729968306055 17 0
170 1000002 0.2831507309183 3001 1
132 1000003 -0.13519699697867 15 0
130 1000005 0.34803132168045 16 0
137 1000005 -0.84273812067019 3000 1
173 1000005 0.34803132168045 3003 1
0
0
1
0
172
connections
0.69999895
step
0.285
link
1.999997
enable
0.1805
bias
0.361
node
0.49999925
disable
0.361
done
9
170 171 -1.4330881679739 18 1
171 1000001 1.4903483687857 19 1
170 1000001 1.1818208868679 17 0
132 1000003 0.48938795129246 15 0
130 1000005 0.44105761894589 16 1
98 1000003 -1.5648060548723 3094 0
128 171 0.47859126560259 3095 1
98 172 1 3096 1
172 1000003 -1.5648060548723 3097 1
0
0
1
0
172
connections
0.6649990025
step
0.27075
link
2.3326910628529
enable
0.171475
bias
0.34295
node
0.4749992875
disable
0.34295
done
12
170 171 1.4689035843989 18 1
145 171 -1.8105422910245 3076 1
112 171 -0.10846278267769 3077 1
171 1000001 -1.8627887813959 19 1
170 1000001 0.32655335398419 17 0
132 1000003 -0.086426641132847 15 0
130 1000005 0.39565566728721 16 1
65 1000003 -1.5571153904843 3098 1
124 1000005 -0.78109073152867 3099 1
107 1000004 0.63057344279305 3100 0
132 172 1 3101 1
172 1000003 -0.086426641132847 3102 1
0
0
1
0
171
connections
0.7368398947385
step
0.285
link
2.10525684211
enable
0.189999715
bias
0.34295
node
0.5263142105275
disable
0.37999943
done
9
170 171 1.2501306192206 18 1
145 171 -1.5645513779107 3076 1
112 171 0.67170278023621 3077 1
171 1000001 0.75487319559313 19 1
170 1000001 0.37140125736259 17 0
132 1000003 -0.02696386608478 15 1
130 1000005 0.084196600238045 16 1
89 1000004 -1.2677999206519 3105 1
16 1000001 -0.19977416302988 3106 1
