144
20000
4
20000
142
3
20000
171
connections
0.736841
step
0.315789
link
2.10526
enable
0.19
bias
0.38
node
0.526315
disable
0.38
done
5
170 171 1 18 1
171 1000001 1.2115237891781 19 1
170 1000001 1.2115237891781 17 0
132 1000003 0.3961912900174 15 0
130 1000005 0.28962065492721 16 1
0
172
connections
0.77562094183
step
0.315789
link
1.999997
enable
0.1805
bias
0.3999994
node
0.55401495845
disable
0.361
done
9
170 171 0.45100253303629 18 1
171 1000001 1.1236980755943 19 1
170 1000001 1.2841031207923 17 0
132 1000003 0.19369967714469 15 0
130 1000005 0.067738573961608 16 0
50 1000001 1.4354075746941 2797 0
119 1000001 -0.011413922544023 2798 1
50 172 1 2799 1
172 1000001 1.4354075746941 2800 1
0
171
connections
0.69999895
step
0.29999955
link
1.999997
enable
0.1999997
bias
0.361
node
0.49999925
disable
0.3999994
done
7
170 171 1.2219577346309 18 1
171 1000001 1.0019351878842 19 1
170 1000001 1.2928707541658 17 0
132 1000003 0.24282685439467 15 0
130 1000005 0.65988896759239 16 1
122 1000002 1.9370097964415 2801 1
52 171 1.4618976409192 2802 1
0
14
4
0
174
connections
0.81644187199851
step
0.3157885263165
link
2.3326910628529
enable
0.171475
bias
0.421051368422
node
0.5263142105275
disable
0.37999943
done
11
170 171 1.3010392539127 18 1
59 171 0.27497548786369 2504 1
171 173 0.91784120649287 2506 1
173 1000001 1.1837452657861 2507 1
1 1000001 0.057606263943219 2505 1
170 1000001 0.94582281772288 17 0
1000006 1000001 0.16779076509903 2518 1
171 1000001 1.1403455393465 19 1
132 1000003 0.11470986144838 15 0
130 1000005 0.36043572713171 16 1
131 1000006 -0.82320627460555 2519 1
0
175
connections
0.85941120772179
step
0.33240847645654
link
2.2160565097102
enable
0.18049972925
bias
0.44321130194205
node
0.49999850000112
disable
0.3999988000009
done
15
170 171 1.4950549438517 18 1
59 171 0.1350711542716 2504 1
171 173 0.89188114633319 2506 1
173 1000001 1.4634017638018 2507 1
1 1000001 0.080949014403331 2505 1
170 1000001 0.85526187319554 17 0
1000006 1000001 0.19701739007756 2518 1
171 1000001 1.4600123840873 19 1
132 1000003 -0.15338177975518 15 0
130 1000005 0.31227925758189 16 1
131 1000006 -0.72256158650699 2519 1
148 1000003 -0.73262733848079 2808 1
43 1000002 -0.61995300149541 2809 1
130 175 1 2810 1
175 1000005 0.31227925758189 2811 1
0
174
connections
0.85941120772179
step
0.33240847645654
link
2.4554605934908
enable
0.18049972925
bias
0.44321130194205
node
0.49999850000112
disable
0.3609994585
done
13
170 171 1.5903128433826 18 1
59 171 0.022019606628191 2504 1
171 173 1.2103610715591 2506 1
173 1000001 1.2740424504213 2507 1
1 1000001 -0.11236915189062 2505 1
170 1000001 0.67030532109264 17 0
1000006 1000001 0.32751766905143 2518 1
171 1000001 1.3421320014943 19 1
132 1000003 0.31980346685997 15 0
130 1000005 0.57727679235766 16 1
131 1000006 -1.2055421613208 2519 0
104 1000005 -0.53913998840297 2812 1
74 1000002 0.27716910306101 2813 1
0
174
connections
0.85941120772179
step
0.33240847645654
link
2.2160565097102
enable
0.16290125
bias
0.44321130194205
node
0.55401412742756
disable
0.3999988000009
done
13
170 171 1.0005863028579 18 1
59 171 0.50463934169528 2504 1
171 173 1.0071442192266 2506 1
173 1000001 -0.67989135410627 2507 1
1 1000001 0.1844849167049 2505 1
170 1000001 0.930311707139 17 0
1000006 1000001 -0.032879789812517 2518 1
171 1000001 1.3001130217439 19 1
132 1000003 0.39432578101903 15 0
130 1000005 0.041113799173024 16 1
131 1000006 -1.0687565896368 2519 1
77 171 1.251075777459 2817 1
68 173 0.50312814722129 2818 1
0
5
2
0
174
connections
0.77562094183
step
0.29999955
link
1.999997
enable
0.1805
bias
0.361
node
0.55401495845
disable
0.3999994
done
9
170 171 -1.9329813531907 18 1
109 171 1.7592699972533 2694 0
174 171 1.7592699972533 2697 0
109 174 1 2696 1
171 1000001 -1.469832453383 19 1
170 1000001 1.1079654863109 17 0
132 1000003 0.37322004239174 15 0
130 1000005 0.068157319408246 16 1
67 1000006 -0.4760277108066 2695 1
0
176
connections
0.85941120772179
step
0.29999910000067
link
1.9999940000045
enable
0.19999940000045
bias
0.3999988000009
node
0.49999850000112
disable
0.3609994585
done
14
170 171 -1.8835710114016 18 1
109 171 1.5307786287525 2694 0
174 171 1.5047925298582 2697 0
109 174 0.76250834518545 2696 1
170 1000001 -0.38837855159154 17 0
171 1000001 -1.8421115433552 19 1
105 1000002 -1.3751911151863 2789 1
132 1000003 0.25093092102361 15 0
130 1000005 0.036708089741133 16 1
67 1000006 -0.48897499750003 2695 0
74 1000006 -1.4365100392371 2790 0
37 1000004 -1.8736533707694 2814 1
83 171 0.92123172704245 2815 1
170 174 -1.3669240394299 2816 1
0
0
1
0
172
connections
0.7368398947385
step
0.3157885263165
link
1.89999715
enable
0.210525684211
bias
0.421051368422
node
0.5263142105275
disable
0.37999943
done
12
170 171 0.98482168807101 18 1
29 171 -1.9785242540524 2783 1
170 1000001 1.2420764773497 17 0
171 1000001 1.2231619632245 19 1
132 1000003 0.24822850079214 15 0
130 1000005 0.77828841537825 16 1
45 1000006 1.6713862724243 2782 1
6 1000004 1.1756340220344 2803 0
111 171 1.0116885891293 2804 1
170 1000002 -0.56575212866604 2805 1
6 172 1 2806 1
172 1000004 1.1756340220344 2807 1
