95
20000
6
20000
93
2
20000
171
connections
0.736841
step
0.315789
link
2.10526
enable
0.19
bias
0.38
node
0.526315
disable
0.38
done
5
170 171 1 18 1
171 1000001 1.2115237891781 19 1
170 1000001 1.2115237891781 17 0
132 1000003 0.3961912900174 15 0
130 1000005 0.28962065492721 16 1
0
173
connections
0.77562094183
step
0.33240897507
link
1.999997
enable
0.1999997
bias
0.3999994
node
0.55401495845
disable
0.3999994
done
8
170 171 1.0045346480256 18 1
171 1000001 -0.25490995239973 19 1
170 1000001 0.98601888769704 17 0
132 1000003 -0.42670979949339 15 0
130 1000005 0.096375665574864 16 1
162 171 -1.6716208380383 1794 1
168 1000004 0.35737174596393 1795 1
170 1000005 0.072328867458114 1796 1
0
8
3
0
173
connections
0.85941120772179
step
0.33240847645654
link
1.9999940000045
enable
0.18049972925
bias
0.44321130194205
node
0.49999850000112
disable
0.3999988000009
done
12
170 171 0.56481626675378 18 1
6 171 -0.11151463362529 1642 1
171 1000001 0.75820467512092 19 0
170 1000001 -1.6940824610126 17 0
89 1000002 0.07432380058743 1610 0
132 1000003 0.89601660988125 15 0
98 1000005 1.8205978888207 1611 1
130 1000005 0.25983561935065 16 1
51 1000005 0.50898770104068 1643 1
83 1000006 -2.1007109181984 1631 1
93 1000006 0.91329691457869 1632 1
170 1000006 -0.34662923062838 1644 1
0
174
connections
0.90464201958419
step
0.31578805263371
link
2.1052536842247
enable
0.18999943000043
bias
0.46653751276326
node
0.47499857500107
disable
0.42105073684495
done
16
170 171 0.39380094664559 18 1
6 171 0.11630340819142 1642 1
171 1000001 0.63450889413536 19 0
170 1000001 1.1369365520188 17 0
89 1000002 -0.048369692807747 1610 0
132 1000003 0.58884437557252 15 0
98 1000005 1.7437590526853 1611 1
130 1000005 0.17698305767299 16 0
51 1000005 0.33967101046785 1643 1
83 1000006 -2.0519746841163 1631 1
93 1000006 1.1802619967042 1632 1
170 1000006 -0.24213111195082 1644 1
18 1000002 -1.242164372692 1797 1
150 1000006 -0.66902676473281 1798 1
130 174 1 1799 1
174 1000005 0.17698305767299 1800 1
0
173
connections
0.8164406473357
step
0.34990313457244
link
1.8999943000043
enable
0.1714747427875
bias
0.46653751276326
node
0.52631342105618
disable
0.42105073684495
done
15
170 171 0.56481626675378 18 1
6 171 -0.11151463362529 1642 1
171 1000001 0.75820467512092 19 1
170 1000001 -1.6940824610126 17 0
89 1000002 0.07432380058743 1610 0
132 1000003 0.89601660988125 15 0
98 1000005 1.8205978888207 1611 0
130 1000005 0.25983561935065 16 1
51 1000005 0.50898770104068 1643 1
83 1000006 -2.1007109181984 1631 1
93 1000006 0.91329691457869 1632 1
170 1000006 -0.34662923062838 1644 1
13 1000006 1.510483108005 1801 1
169 171 0.93380535294656 1802 1
170 1000002 -1.9792474135563 1803 1
0
7
1
0
172
connections
0.7368398947385
step
0.315789
link
2.10525684211
enable
0.189999715
bias
0.421051368422
node
0.4749992875
disable
0.37999943
done
11
170 171 1.0110541087985 18 1
5 171 -1.5532090212714 1649 1
62 171 -1.0486770226142 1665 1
137 172 1 1667 1
170 1000001 1.0953448165838 17 0
171 1000001 0.91283155378887 19 1
137 1000002 -0.60615863521226 1666 0
172 1000002 -0.60615863521226 1668 1
34 1000002 -0.1270180364391 1650 1
132 1000003 0.59027908172857 15 0
130 1000005 0.1888615376751 16 1
0
1
2
0
171
connections
0.7368398947385
step
0.2849995725
link
2.3326910628529
enable
0.210525684211
bias
0.37999943
node
0.5263142105275
disable
0.37999943
done
9
170 171 0.95498221419874 18 1
137 171 -1.1740470595416 1771 1
167 171 0.14960173345134 1774 1
171 1000001 1.5055173055223 19 1
170 1000001 1.3045349109912 17 0
140 1000002 -1.6282845545824 1770 1
132 1000003 0.19763511335032 15 0
130 1000005 -0.5921201208533 16 1
26 1000005 -1.4904629657888 1775 1
0
171
connections
0.77561977839859
step
0.285
link
2.2160565097102
enable
0.22160565097102
bias
0.3609994585
node
0.55401412742756
disable
0.3609994585
done
11
170 171 0.69494482902463 18 1
137 171 -1.3233965575121 1771 1
167 171 -0.010359050263985 1774 1
171 1000001 1.5783437772774 19 1
170 1000001 1.4415509637272 17 0
140 1000002 -1.357357554857 1770 1
132 1000003 0.58760338145085 15 0
130 1000005 -0.41735572374645 16 1
26 1000005 -1.6852496414075 1775 1
83 1000001 0.66328928495132 1804 1
52 1000003 0.59797967467269 1805 1
0
0
1
0
173
connections
0.81644187199851
step
0.34990365942793
link
2.3326910628529
enable
0.171475
bias
0.34295
node
0.4749992875
disable
0.37999943
done
11
170 171 1.3422841658265 18 0
171 1000001 -0.4939510964743 19 1
170 1000001 -0.043069908729386 17 0
132 1000003 0.26868486838934 15 1
130 1000005 0.45065130313166 16 1
33 1000006 1.5213476973785 1776 1
131 1000006 0.69842054640282 1777 1
45 1000002 -1.8364207892087 1790 1
48 1000003 0.56416516617328 1791 1
131 173 1 1792 1
173 1000006 0.69842054640282 1793 1
0
0
1
0
172
connections
0.77562094183
step
0.33240897507
link
1.999997
enable
0.1999997
bias
0.361
node
0.49999925
disable
0.3999994
done
9
170 171 0.81994302503991 18 1
171 1000001 1.223321989746 19 1
170 1000001 -0.27411725211341 17 1
132 1000003 0.40123316936582 15 0
130 1000005 0.55730691321061 16 1
29 1000004 0.82369457075716 1806 1
1000004 1000002 0.2862025818659 1807 0
1000004 172 1 1808 1
172 1000002 0.2862025818659 1809 1
