146
20000
5
20000
144
3
20000
171
connections
0.736841
step
0.315789
link
2.10526
enable
0.19
bias
0.38
node
0.526315
disable
0.38
done
5
170 171 1 18 1
171 1000001 1.2115237891781 19 1
170 1000001 1.2115237891781 17 0
132 1000003 0.3961912900174 15 0
130 1000005 0.28962065492721 16 1
0
172
connections
0.69999895
step
0.29999955
link
1.999997
enable
0.1805
bias
0.361
node
0.49999925
disable
0.361
done
7
170 171 1 18 1
171 1000001 1.2115237891781 19 1
170 1000001 1.2115237891781 17 0
132 1000003 0.3961912900174 15 1
130 1000005 0.28962065492721 16 1
139 1000003 0.7482528153325 2836 1
116 1000005 -0.49714651936399 2837 1
0
171
connections
0.69999895
step
0.285
link
2.2160598338
enable
0.1999997
bias
0.361
node
0.49999925
disable
0.361
done
7
170 171 1.010446028016 18 1
171 1000001 0.95630497146519 19 1
170 1000001 1.4387531662954 17 0
132 1000003 0.12797799615467 15 0
130 1000005 0.078551744132817 16 1
8 1000005 0.9502853480636 2840 1
84 1000004 1.7961363567003 2841 1
0
7
2
0
174
connections
0.77562094183
step
0.29999955
link
1.999997
enable
0.1805
bias
0.361
node
0.55401495845
disable
0.3999994
done
9
170 171 -1.9329813531907 18 1
109 171 1.7592699972533 2694 0
174 171 1.7592699972533 2697 0
109 174 1 2696 1
171 1000001 -1.469832453383 19 1
170 1000001 1.1079654863109 17 0
132 1000003 0.37322004239174 15 0
130 1000005 0.068157319408246 16 1
67 1000006 -0.4760277108066 2695 1
0
175
connections
0.7368398947385
step
0.3157885263165
link
1.89999715
enable
0.171475
bias
0.34295
node
0.5263142105275
disable
0.421051368422
done
13
170 171 -2.1960918777113 18 1
109 171 1.9798988840286 2694 0
174 171 1.9865294118799 2697 0
109 174 0.83160579484456 2696 1
171 1000001 -1.7162702843238 19 1
170 1000001 1.2103049852261 17 0
132 1000003 0.64407903259912 15 0
130 1000005 0.28751407002594 16 1
67 1000006 -0.54058862080124 2695 0
102 1000002 -1.7286294137394 2842 1
55 174 0.97750785851619 2843 1
67 175 1 2844 0
175 1000006 -0.54058862080124 2845 1
0
2
3
0
172
connections
0.7368398947385
step
0.3157885263165
link
1.89999715
enable
0.210525684211
bias
0.421051368422
node
0.5263142105275
disable
0.37999943
done
12
170 171 0.98482168807101 18 1
29 171 -1.9785242540524 2783 1
111 171 1.0116885891293 2804 1
6 172 1 2806 1
170 1000001 1.2420764773497 17 0
171 1000001 1.2231619632245 19 1
170 1000002 -0.56575212866604 2805 1
132 1000003 0.24822850079214 15 0
6 1000004 1.1756340220344 2803 0
172 1000004 1.1756340220344 2807 1
130 1000005 0.77828841537825 16 1
45 1000006 1.6713862724243 2782 1
0
173
connections
0.69999790000157
step
0.315789
link
1.8049972925
enable
0.22160565097102
bias
0.3999988000009
node
0.49999850000112
disable
0.3999988000009
done
13
170 171 0.98482168807101 18 1
29 171 -1.9785242540524 2783 1
111 171 1.0116885891293 2804 1
6 172 1 2806 1
170 1000001 1.2420764773497 17 0
171 1000001 1.2231619632245 19 1
170 1000002 -0.56575212866604 2805 1
132 1000003 0.24822850079214 15 0
6 1000004 1.1756340220344 2803 0
172 1000004 1.1756340220344 2807 1
130 1000005 0.77828841537825 16 1
45 1000006 1.6713862724243 2782 1
19 1000002 -0.88180181279946 2846 1
0
173
connections
0.77561977839859
step
0.33240847645654
link
1.9999940000045
enable
0.22160565097102
bias
0.44321130194205
node
0.49999850000112
disable
0.3609994585
done
16
170 171 0.71815029244086 18 1
29 171 -1.8267710145336 2783 1
111 171 1.0776387067917 2804 0
6 172 1.5810419019135 2806 0
170 1000001 0.94752769003578 17 0
171 1000001 1.1550611879795 19 1
170 1000002 -0.81801817633731 2805 1
132 1000003 0.42546500374243 15 0
6 1000004 1.4006516439187 2803 0
172 1000004 1.4004081732489 2807 1
130 1000005 0.66384705599515 16 1
45 1000006 -1.9213843195898 2782 1
77 1000004 -0.26117740409558 2850 1
46 1000006 -1.6000854518265 2851 1
6 173 1 2852 1
173 172 1.5810419019135 2853 1
0
0
1
0
171
connections
0.7368398947385
step
0.285
link
2.3326910628529
enable
0.171475
bias
0.37999943
node
0.58317276571322
disable
0.421051368422
done
10
170 171 0.73637913144322 18 1
73 171 1.5529299295022 2822 1
170 1000001 1.476536301767 17 0
171 1000001 0.99751503036592 19 1
123 1000001 -1.5864131595813 2821 1
132 1000003 0.42185842463454 15 0
130 1000005 0.57011520737327 16 1
92 1000006 1.5124730674154 2823 1
155 1000005 -0.84286019470809 2838 1
76 1000005 1.7801446577349 2839 1
0
0
1
0
171
connections
0.77562094183
step
0.29999955
link
1.999997
enable
0.1999997
bias
0.361
node
0.55401495845
disable
0.3999994
done
8
170 171 0.80430035153508 18 1
171 1000001 -0.59089938047426 19 1
170 1000001 1.4016568698645 17 0
132 1000003 1.1080050050356 15 0
130 1000005 0.51893944300211 16 1
22 1000003 1.6415906247139 2847 1
1000006 1000005 -1.4271065401166 2848 1
170 1000002 -0.43232520523698 2849 1
