129
20000
3
20000
127
6
20000
171
connections
0.736841
step
0.315789
link
2.10526
enable
0.19
bias
0.38
node
0.526315
disable
0.38
done
5
170 171 1 18 1
171 1000001 1.2115237891781 19 1
170 1000001 1.2115237891781 17 0
132 1000003 0.3961912900174 15 0
130 1000005 0.28962065492721 16 1
0
173
connections
0.69999895
step
0.33240897507
link
1.999997
enable
0.1999997
bias
0.3999994
node
0.49999925
disable
0.361
done
7
170 171 1 18 1
171 1000001 1.2115237891781 19 0
170 1000001 1.2115237891781 17 0
132 1000003 0.3961912900174 15 0
130 1000005 0.28962065492721 16 1
127 1000001 0.33991515854366 2495 1
94 1000005 -0.70393993957335 2496 1
0
172
connections
0.77562094183
step
0.33240897507
link
1.999997
enable
0.1805
bias
0.3999994
node
0.49999925
disable
0.361
done
8
170 171 1 18 1
171 1000001 1.2115237891781 19 1
170 1000001 1.2115237891781 17 0
132 1000003 0.3961912900174 15 0
130 1000005 0.28962065492721 16 1
61 1000005 0.50202948088015 2497 0
18 171 0.36677144688253 2498 1
170 1000006 -0.76168095950194 2499 1
0
173
connections
0.77562094183
step
0.33240897507
link
2.2160598338
enable
0.1805
bias
0.361
node
0.55401495845
disable
0.361
done
9
170 171 0.67221697459374 18 0
171 1000001 1.3835259307325 19 1
170 1000001 1.271265494375 17 0
132 1000003 0.22457464426834 15 0
130 1000005 0.55059117049702 16 1
166 1000001 -0.63289284951323 2500 1
123 1000005 0.38520462660604 2501 1
170 173 1 2502 1
173 171 0.67221697459374 2503 1
0
173
connections
0.77562094183
step
0.33240897507
link
2.2160598338
enable
0.1805
bias
0.3999994
node
0.55401495845
disable
0.361
done
9
170 171 1.0506115413869 18 1
171 1000001 1.4901662440336 19 0
170 1000001 0.81148716696677 17 0
132 1000003 0.22055737219193 15 0
130 1000005 0.096416244080687 16 1
59 171 0.44331186864834 2504 1
1 1000001 0.11358989226966 2505 1
171 173 1 2506 1
173 1000001 1.4901662440336 2507 1
0
172
connections
0.69999895
step
0.29999955
link
1.999997
enable
0.1999997
bias
0.361
node
0.55401495845
disable
0.3999994
done
9
170 171 0.77269543052919 18 1
171 1000001 1.2666126679998 19 1
170 1000001 1.301165672599 17 0
132 1000003 0.482720290141 15 0
130 1000005 0.36428407636494 16 1
60 1000004 0.097598193304239 2514 1
106 171 -0.33710745567186 2515 1
106 172 1 2516 0
172 171 -0.33710745567186 2517 1
0
14
3
0
172
connections
0.69999895
step
0.285
link
1.999997
enable
0.1805
bias
0.3999994
node
0.49999925
disable
0.3999994
done
10
170 171 0.77894604327525 18 1
130 172 1 2239 1
170 1000001 1.3936291085543 17 0
171 1000001 0.19489120151372 19 1
137 1000002 1.5084078493606 2236 1
132 1000003 0.21497314371166 15 0
172 1000005 0.23740791039766 2240 1
130 1000005 0.23740791039766 16 0
10 1000005 0.91915646839808 2237 1
170 1000006 -1.5124362926115 2238 0
0
172
connections
0.7368398947385
step
0.315789
link
2.10525684211
enable
0.171475
bias
0.37999943
node
0.4749992875
disable
0.37999943
done
12
170 171 0.77894604327525 18 1
130 172 1 2239 1
170 1000001 1.3936291085543 17 0
171 1000001 0.19489120151372 19 1
137 1000002 1.5084078493606 2236 1
132 1000003 0.21497314371166 15 0
172 1000005 0.23740791039766 2240 1
130 1000005 0.23740791039766 16 0
10 1000005 0.91915646839808 2237 1
170 1000006 -1.5124362926115 2238 0
16 1000001 -0.72249519333476 2508 1
82 171 -0.6657307657094 2509 1
0
173
connections
0.6649990025
step
0.27075
link
1.89999715
enable
0.171475
bias
0.37999943
node
0.4749992875
disable
0.421051368422
done
14
170 171 0.65471354564043 18 1
130 172 1.0974937971129 2239 1
170 1000001 1.1852473754082 17 0
171 1000001 0.306811998352 19 1
137 1000002 1.4755959273049 2236 0
132 1000003 0.82357249671926 15 0
172 1000005 -0.0094458220160525 2240 1
130 1000005 0.29216605883969 16 0
10 1000005 1.0182697912534 2237 1
170 1000006 -1.698359500412 2238 0
13 1000003 -0.90951261940367 2510 1
138 1000001 -0.46589556566057 2511 1
137 173 1 2512 1
173 1000002 1.4755959273049 2513 1
0
3
1
0
172
connections
0.7368398947385
step
0.285
link
1.89999715
enable
0.189999715
bias
0.34295
node
0.5263142105275
disable
0.37999943
done
10
170 171 1.1826862418821 18 1
152 172 1 2451 1
171 1000001 0.91047123001812 19 1
170 1000001 1.1028778954436 17 0
38 1000001 -0.037171544541765 2450 1
132 1000003 0.82332667012543 15 0
130 1000005 0.55033748023167 16 1
161 1000006 0.85765541550951 2423 1
152 1000006 -0.94525391399884 2424 0
172 1000006 -0.94525391399884 2452 1
