39
40000
3
40000
17
3
40000
170
connections
0.69999895
step
0.285
link
1.805
enable
0.22160598338
bias
0.44321196676
node
0.49999925
disable
0.3999994
done
5
170 1000001 1.6575823236793 202 1
1000003 1000002 -1.3870662556841 21 0
47 1000004 1.1698965422529 201 1
122 1000004 -0.29377117221595 20 0
168 1000006 0.56978057191687 200 1
0
170
connections
0.6649990025
step
0.29999955
link
1.89999715
enable
0.210525684211
bias
0.421051368422
node
0.4749992875
disable
0.37999943
done
7
170 1000001 1.3840789038621 202 1
1000003 1000002 -1.6149384685797 21 0
47 1000004 1.2290687915174 201 1
122 1000004 -0.14987356403241 20 0
168 1000006 0.72219283147221 200 1
102 1000005 -1.0269478438673 695 1
12 1000002 0.55439924314096 696 1
0
170
connections
0.77561977839859
step
0.29999955
link
1.6290125
enable
0.22160565097102
bias
0.44321130194205
node
0.451249323125
disable
0.3999988000009
done
8
170 1000001 1.7254544895367 202 1
137 1000001 1.9505600146489 676 1
1000003 1000002 -1.0016154541047 21 0
122 1000004 -0.26503631445509 20 0
47 1000004 1.3652010478332 201 1
164 1000005 0.73230050105441 675 0
168 1000006 0.97712409777978 200 1
8 1000001 -0.76827295754875 697 1
40000
17
6
40000
171
connections
0.6649990025
step
0.27075
link
1.71475
enable
0.210525684211
bias
0.46653821257058
node
0.5263142105275
disable
0.421051368422
done
9
170 171 1 245 1
171 1000001 1.7518205435347 246 1
170 1000001 1.7518205435347 202 0
14 1000001 -0.67928098391675 244 0
68 1000002 -1.2228766747032 243 1
1000003 1000002 -0.093081453901791 21 0
122 1000004 -0.16370507675405 20 0
47 1000004 0.75850703451643 201 1
168 1000006 0.21051667836543 200 1
0
172
connections
0.69999790000157
step
0.285
link
1.6290125
enable
0.22160565097102
bias
0.49109211869817
node
0.55401412742756
disable
0.3999988000009
done
13
170 171 1.0542306283761 245 1
171 1000001 1.8810955763421 246 1
170 1000001 1.6416980117191 202 0
14 1000001 -0.8872013000885 244 0
68 1000002 -1.2106041138951 243 1
1000003 1000002 -0.053651539658803 21 1
122 1000004 -0.11359719382305 20 0
47 1000004 0.7105561998352 201 1
168 1000006 0.32135242774743 200 0
157 1000001 1.3250526444288 698 1
170 1000004 -1.4373607593005 699 1
168 172 1 700 1
172 1000006 0.32135242774743 701 1
0
171
connections
0.69999790000157
step
0.2849995725
link
1.6290125
enable
0.19999940000045
bias
0.44321130194205
node
0.55401412742756
disable
0.3999988000009
done
12
170 171 1 245 1
171 1000001 1.7518205435347 246 1
170 1000001 1.7518205435347 202 0
14 1000001 -0.67928098391675 244 0
68 1000002 -1.2228766747032 243 1
1000003 1000002 -0.093081453901791 21 0
122 1000004 -0.16370507675405 20 0
47 1000004 0.75850703451643 201 1
168 1000006 0.21051667836543 200 1
145 1000005 -0.051576281014435 702 1
116 171 1.727896969512 703 1
170 1000006 -0.9778740806299 704 1
0
172
connections
0.69999790000157
step
0.2849995725
link
1.6290125
enable
0.19999940000045
bias
0.44321130194205
node
0.55401412742756
disable
0.3999988000009
done
10
170 171 1.0270761335854 245 1
171 1000001 1.6766979718106 246 1
170 1000001 1.6688177992991 202 0
14 1000001 1.2747581408124 244 0
68 1000002 -1.92370372631 243 1
1000003 1000002 -0.079643411373867 21 0
122 1000004 0.067003064380703 20 0
47 1000004 0.88428537302538 201 1
168 1000006 0.42643862383839 200 1
136 1000002 -1.7337565233314 705 1
0
172
connections
0.69999790000157
step
0.2849995725
link
1.8049972925
enable
0.19999940000045
bias
0.44321130194205
node
0.55401412742756
disable
0.3999988000009
done
13
170 171 1 245 1
171 1000001 1.7518205435347 246 1
170 1000001 1.7518205435347 202 0
14 1000001 -0.67928098391675 244 0
68 1000002 -1.2228766747032 243 1
1000003 1000002 -0.093081453901791 21 0
122 1000004 -0.16370507675405 20 0
47 1000004 0.75850703451643 201 0
168 1000006 0.21051667836543 200 1
45 1000006 -1.5950804162725 706 1
23 1000004 -1.3239539780877 707 1
47 172 1 708 1
172 1000004 0.75850703451643 709 0
0
171
connections
0.631749052375
step
0.2572125
link
1.8049972925
enable
0.19999940000045
bias
0.44321130194205
node
0.55401412742756
disable
0.3999988000009
done
11
170 171 1.0469179086428 245 1
171 1000001 1.6328734012116 246 1
170 1000001 1.6096224650563 202 0
14 1000001 -0.77667273438215 244 0
68 1000002 0.42548905911435 243 1
1000003 1000002 -0.10761132656331 21 0
122 1000004 -0.17566023400067 20 0
47 1000004 0.9539891624958 201 0
168 1000006 0.17174680204169 200 1
140 1000002 -0.95113986632893 710 1
29 1000005 -0.10345774712363 711 1
40000
17
1
40000
171
connections
0.631749052375
step
0.285
link
1.8049972925
enable
0.22160565097102
bias
0.44321130194205
node
0.49999850000112
disable
0.3999988000009
done
12
170 171 1 382 1
170 1000001 1.7547625659963 202 1
166 1000001 0.57454145939512 379 1
1000003 1000002 -1.2014644306772 21 0
170 1000002 1.3694875942259 381 0
171 1000002 1.3694875942259 383 1
127 1000003 -0.66133610034486 361 1
122 1000004 -0.46556093020417 20 0
64 1000004 -0.015198217719047 360 1
47 1000004 0.96194143498032 201 0
67 1000005 1.6596575823237 380 1
168 1000006 1.3801080355235 200 1
