124
20000
4
20000
122
3
20000
171
connections
0.736841
step
0.315789
link
2.10526
enable
0.19
bias
0.38
node
0.526315
disable
0.38
done
5
170 171 1 18 1
171 1000001 1.2115237891781 19 1
170 1000001 1.2115237891781 17 0
132 1000003 0.3961912900174 15 0
130 1000005 0.28962065492721 16 1
0
171
connections
0.77562094183
step
0.33240897507
link
1.999997
enable
0.1999997
bias
0.3999994
node
0.49999925
disable
0.3999994
done
8
170 171 1 18 1
171 1000001 1.2115237891781 19 1
170 1000001 1.2115237891781 17 0
132 1000003 0.3961912900174 15 0
130 1000005 0.28962065492721 16 1
19 1000001 1.2110354930265 2407 1
137 1000006 0.81624805444502 2408 1
170 1000003 1.6268196661275 2409 0
0
171
connections
0.77562094183
step
0.315789
link
1.999997
enable
0.1805
bias
0.3999994
node
0.49999925
disable
0.3999994
done
7
170 171 1.3032410927152 18 1
171 1000001 1.1168169651479 19 1
170 1000001 1.2723069314554 17 0
132 1000003 0.17220825376141 15 0
130 1000005 0.49617925464644 16 1
47 1000002 0.70564897610401 2410 1
21 1000006 -0.81148716696677 2411 1
0
10
3
0
172
connections
0.6649990025
step
0.3157885263165
link
2.10525684211
enable
0.210525684211
bias
0.421051368422
node
0.4749992875
disable
0.37999943
done
10
170 171 1.070652027955 18 1
171 1000001 1.2115237891781 19 1
170 1000001 1.2115237891781 17 0
47 1000002 -1.042573320719 2216 1
140 1000003 -1.3610644856105 2189 1
109 1000003 0.9226966154973 2217 1
132 1000003 0.26519409772027 15 1
130 1000005 0.27753532517472 16 1
21 1000006 0.68037965025788 2190 1
170 1000006 -1.3484908597064 2191 1
0
172
connections
0.69999790000157
step
0.33240847645654
link
1.9999940000045
enable
0.19999940000045
bias
0.44321130194205
node
0.49999850000112
disable
0.3609994585
done
12
170 171 0.94204879128271 18 1
171 1000001 1.1708540427224 19 1
170 1000001 0.94964065005263 17 0
47 1000002 -1.1660839625495 2216 1
140 1000003 -1.5581641373661 2189 1
109 1000003 0.63971268499542 2217 1
132 1000003 0.078685420097859 15 1
130 1000005 0.49614155275619 16 1
21 1000006 0.91959972787627 2190 1
170 1000006 -1.4094498286394 2191 1
160 1000001 -0.15216528824732 2412 1
54 1000004 1.3514206366161 2413 1
0
173
connections
0.631749052375
step
0.29999910000067
link
2.2160565097102
enable
0.19999940000045
bias
0.44321130194205
node
0.451249323125
disable
0.3999988000009
done
14
170 171 0.94610941626303 18 0
171 1000001 1.266575963265 19 1
170 1000001 1.3030332653129 17 1
47 1000002 -0.97259764026902 2216 1
140 1000003 -1.6205961634486 2189 1
109 1000003 0.78269947697042 2217 1
132 1000003 0.51529558442086 15 1
130 1000005 0.41002493289315 16 1
21 1000006 0.69991149632252 2190 0
170 1000006 -1.6326142787048 2191 1
137 1000004 -1.5544297616504 2417 1
170 1000003 -1.0290231025117 2418 1
21 173 1 2419 1
173 1000006 0.69991149632252 2420 1
0
9
3
0
172
connections
0.69999895
step
0.285
link
1.999997
enable
0.1805
bias
0.3999994
node
0.49999925
disable
0.3999994
done
10
170 171 0.77894604327525 18 1
130 172 1 2239 1
170 1000001 1.3936291085543 17 0
171 1000001 0.19489120151372 19 1
137 1000002 1.5084078493606 2236 1
132 1000003 0.21497314371166 15 0
10 1000005 0.91915646839808 2237 1
130 1000005 0.23740791039766 16 0
172 1000005 0.23740791039766 2240 1
170 1000006 -1.5124362926115 2238 0
0
172
connections
0.7368398947385
step
0.29999955
link
2.10525684211
enable
0.171475
bias
0.421051368422
node
0.5263142105275
disable
0.37999943
done
13
170 171 0.96171807051759 18 1
130 172 0.8437607250969 2239 1
170 1000001 1.1011371006241 17 0
171 1000001 -0.90865810113834 19 1
137 1000002 1.5618853532991 2236 1
132 1000003 0.12066193534501 15 0
10 1000005 0.97371432595141 2237 1
130 1000005 0.36552136915647 16 0
172 1000005 0.04978344742729 2240 1
170 1000006 -1.7798055012253 2238 0
127 1000003 -1.335062715537 2414 1
81 171 -0.94662312692648 2415 1
170 1000004 -1.664296395764 2416 1
0
172
connections
0.7368398947385
step
0.27075
link
2.10525684211
enable
0.189999715
bias
0.37999943
node
0.5263142105275
disable
0.37999943
done
12
170 171 1.0072413327433 18 1
130 172 1.0819430448317 2239 1
170 1000001 1.3870270622883 17 0
171 1000001 0.10341278572954 19 0
137 1000002 1.2138431958983 2236 1
132 1000003 -0.16180913724174 15 0
10 1000005 0.71333623004852 2237 1
130 1000005 0.44471546830653 16 0
172 1000005 0.12866006195257 2240 1
170 1000006 -1.4682050614948 2238 0
33 1000001 -1.0906704916532 2421 1
149 1000006 0.80086672566912 2422 1
0
2
1
0
172
connections
0.77562094183
step
0.33240897507
link
1.999997
enable
0.1999997
bias
0.361
node
0.49999925
disable
0.361
done
10
170 171 0.73375427867329 18 1
84 171 0.95101779229102 2374 1
170 172 1 2377 1
171 1000001 0.34662923062838 19 1
170 1000001 0.95223728159996 17 0
132 1000003 0.43560316379732 15 0
130 1000005 0.39044809726923 16 1
99 1000006 -0.57649464400159 2375 1
170 1000006 0.80660420545061 2376 0
172 1000006 0.80660420545061 2378 1
