7
20000
7
20000
5
3
20000
171
connections
0.736841
step
0.315789
link
2.10526
enable
0.19
bias
0.38
node
0.526315
disable
0.38
done
5
170 171 1 18 1
171 1000001 1.2115237891781 19 1
170 1000001 1.2115237891781 17 0
132 1000003 0.3961912900174 15 0
130 1000005 0.28962065492721 16 1
0
172
connections
0.69999895
step
0.29999955
link
1.999997
enable
0.1805
bias
0.361
node
0.55401495845
disable
0.3999994
done
8
170 171 1 18 1
171 1000001 1.4667321569212 19 1
170 1000001 1.2115237891781 17 0
132 1000003 0.3961912900174 15 0
130 1000005 0.28962065492721 16 1
122 1000004 1.0674764244514 143 1
128 171 -0.63374736777856 144 1
170 1000003 1.3527634510331 145 1
0
171
connections
0.69999895
step
0.33240897507
link
1.999997
enable
0.1999997
bias
0.361
node
0.49999925
disable
0.3999994
done
8
170 171 0.85540863912861 18 1
171 1000001 1.4596714969081 19 1
170 1000001 1.4565063734539 17 0
132 1000003 0.59258111357097 15 0
130 1000005 0.53999450666829 16 1
106 1000002 -1.2229987487411 149 1
41 1000003 -1.0437940610981 150 1
170 1000006 -0.91012298959319 151 1
0
7
1
0
170
connections
0.736841
step
0.285
link
1.9
enable
0.210526
bias
0.421052
node
0.475
disable
0.421052
done
2
1000003 1000002 -1.3870662556841 21 1
122 1000004 -0.29377117221595 20 0
0
7
1
0
170
connections
0.736841
step
0.315789
link
1.9
enable
0.210526
bias
0.421052
node
0.526315
disable
0.421052
done
2
170 1000003 -0.24909207434309 36 1
32 1000006 -0.17023224585711 35 1
0
5
2
0
171
connections
0.77562094183
step
0.29999955
link
1.999997
enable
0.1999997
bias
0.44321196676
node
0.49999925
disable
0.44321196676
done
7
170 171 1 61 0
1000003 1000002 -1.1183237162038 21 1
65 1000002 -1.1254615924558 59 1
122 1000004 -0.4287879074633 20 0
1000001 1000005 -0.8310190130314 58 1
170 1000005 1.6091189306314 60 0
171 1000005 1.6091189306314 62 1
0
172
connections
0.81644187199851
step
0.315789
link
1.89999715
enable
0.210525684211
bias
0.421051368422
node
0.5263142105275
disable
0.46653821257058
done
10
170 171 -1.5922727134007 61 0
1000003 1000002 -1.4167846537629 21 1
65 1000002 -1.2777423013703 59 1
122 1000004 -0.60016996218299 20 0
1000001 1000005 -0.60225582161931 58 1
170 1000005 1.3233986485488 60 0
171 1000005 1.3287955979186 62 1
16 1000005 1.8502151554918 154 0
156 1000001 -0.38740195928831 155 1
170 1000006 1.7807550279244 156 1
0
1
1
0
170
connections
0.69999895
step
0.285
link
1.805
enable
0.22160598338
bias
0.3999994
node
0.49999925
disable
0.44321196676
done
5
170 1000002 -1.4894863734855 136 1
147 1000002 1.206640827662 134 1
170 1000003 -0.26291283913694 36 0
154 1000004 1.7567064424574 135 1
32 1000006 0.087021851252785 35 1
0
0
1
0
171
connections
0.77562094183
step
0.29999955
link
1.805
enable
0.22160598338
bias
0.3999994
node
0.49999925
disable
0.3999994
done
5
170 1000003 -0.50812974236732 36 0
32 1000006 0.11900039015015 35 1
109 1000003 -0.52998443556017 146 1
170 171 1 147 1
171 1000003 -0.50812974236732 148 0
0
0
1
0
170
connections
0.77562094183
step
0.27075
link
1.999997
enable
0.1999997
bias
0.44321196676
node
0.49999925
disable
0.3999994
done
4
1000003 1000002 -1.3697389828181 21 1
122 1000004 -0.44540340128788 20 0
19 1000002 1.3752250740074 152 1
145 1000003 -0.034607989745781 153 1
