62
580
3
580
24
6
580
180
connections
0.85940347304993
step
0.2572125
link
2.4554384944284
enable
0.16289978389425
bias
0.36099620951706
node
0.6801758479974
disable
0.36099620951706
done
56
57 171 -0.34201983269206 21 0
171 171 -1.9777825251015 123 1
115 171 -1.4311911535808 59 0
87 171 -1.3824792010079 450 1
165 171 0.39404437551436 271 1
175 171 0.46593427241598 419 1
144 171 2.1028910820786 122 1
174 171 1.2478131079906 290 0
170 171 -1.1866568724673 396 1
172 171 -1.1744652089577 141 0
74 171 0.80343911519211 729 1
125 172 0.24602625683615 707 1
170 172 0.27558214056825 272 1
115 172 -0.43525498214667 140 1
92 174 -0.28050081207179 435 1
170 174 0.93297660412915 417 1
36 174 1.3731331894071 451 1
57 174 1.1771201025453 289 0
180 175 1.8203495990631 795 1
170 175 -0.64818822522055 681 1
174 175 -0.42901081232643 418 1
10 175 1.8203495990631 728 0
170 176 0.61342669391611 436 1
176 177 0.5113727191229 775 1
170 177 0.45565526466451 682 1
171 178 -0.12491656811731 708 1
10 180 1 794 1
170 1000001 0.34677629319609 288 0
32 1000001 -0.81295854947251 60 1
177 1000001 0.55387209749185 683 1
1000001 1000001 -1.6404928384503 286 1
8 1000002 -1.8449659718619 792 1
125 1000002 1.8544860043403 138 1
88 1000002 0.010134285637989 776 1
82 1000002 -0.60818023797666 415 1
54 1000002 0.088142408259773 680 1
41 1000003 -1.6269417401654 793 1
20 1000003 0.97396177865631 19 1
60 1000003 0.67049646366295 394 1
178 1000004 -2.1431776564957 709 1
170 1000004 -0.05885447973571 452 1
53 1000004 0.98466201460989 706 1
57 1000004 -1.3814231632921 20 1
171 1000004 0.096865749076815 22 1
176 1000005 -0.82644699583422 751 1
47 1000005 -0.62091353686636 270 1
151 1000005 -1.8251817732017 752 1
149 1000005 1.5309915463729 679 1
170 1000005 0.65588891870002 139 1
48 1000006 0.33392939504685 287 1
176 1000006 0.090883406704916 437 1
1000004 1000006 0.11920529801325 416 1
170 1000006 0.52546769615772 61 0
85 1000006 0.7450298971345 434 1
96 1000006 -1.2412387548814 395 0
93 1000006 -1.4545801419874 137 0
0
180
connections
0.90463387783655
step
0.270749593875
link
2.5846682223901
enable
0.15475479469954
bias
0.37999544002394
node
0.64616705559753
disable
0.3429463990412
done
58
57 171 -0.29694585476951 21 0
171 171 -1.9691478217231 123 1
115 171 -1.3293252357555 59 0
87 171 -1.1485985511275 450 1
165 171 0.1970491953766 271 1
175 171 0.22496407660383 419 1
144 171 2.0187006584209 122 1
174 171 1.4323809255627 290 0
170 171 -1.0855110312666 396 1
172 171 -0.91316834299165 141 0
74 171 0.6469650693774 729 1
125 172 0.083090643517227 707 1
170 172 0.52641820799168 272 1
115 172 -0.66262448727861 140 1
92 174 -0.096065200484401 435 1
170 174 0.67227466509445 417 1
36 174 1.2304416175016 451 1
57 174 1.0486406739994 289 0
180 175 1.9597029698539 795 1
170 175 -0.58409311124342 681 1
174 175 -0.27043799650395 418 1
10 175 2.0005380933907 728 0
170 176 0.46255487670478 436 1
176 177 0.34420651429227 775 1
170 177 0.20184456258442 682 1
171 178 -0.56514175847652 708 1
10 180 0.80454171443485 794 1
170 1000001 0.61493134462056 288 0
32 1000001 -0.9826697195094 60 1
177 1000001 0.38026085090512 683 1
1000001 1000001 0.39130832850124 286 1
8 1000002 -2.0240141895711 792 1
125 1000002 1.9501287714262 138 1
88 1000002 0.027742470230647 776 1
82 1000002 -0.86448632801873 415 1
54 1000002 -0.087303196365242 680 1
41 1000003 -1.8569718907403 793 1
20 1000003 -0.76473281044954 19 1
60 1000003 0.93104967096482 394 1
178 1000004 -1.9446455817853 709 1
170 1000004 0.83858760338145 452 1
53 1000004 0.94723945805421 706 1
57 1000004 -1.3524287382637 20 1
171 1000004 -0.080034121380348 22 1
176 1000005 -0.61877618242865 751 1
47 1000005 -0.42757054705707 270 1
151 1000005 -1.8749986408268 752 1
149 1000005 1.4906108809086 679 1
170 1000005 0.77726227556607 139 1
48 1000006 -1.1586657307657 287 1
176 1000006 0.058831718279332 437 1
1000004 1000006 -0.83748893704031 416 1
170 1000006 0.60965811981544 61 0
85 1000006 0.49178107048956 434 1
96 1000006 -1.4765571448459 395 0
93 1000006 -1.5403239859658 137 0
92 1000006 0.64864040040284 1562 1
23 175 -1.0103457747124 1563 1
0
196
connections
0.90463387783655
step
0.244351875
link
2.332666569707
enable
0.1714731995206
bias
0.37999544002394
node
0.64616705559753
disable
0.37999544002394
done
58
57 171 -0.15352279773692 21 0
171 171 -0.73584566318628 123 1
115 171 -1.3442171883681 59 0
87 171 -1.3831876402341 450 1
165 171 0.40476045096756 271 1
175 171 0.75804525160236 419 1
144 171 1.9353787627291 122 1
174 171 1.4085393252785 290 0
170 171 -1.2913641901002 396 1
172 171 -1.1578429875345 141 0
74 171 0.96394161482971 729 1
125 172 0.12014720666617 707 1
170 172 0.14801087906659 272 1
115 172 -0.59789025671789 140 1
92 174 -0.32671342138527 435 1
170 174 0.72480311311686 417 1
36 174 1.5091598028062 451 1
57 174 0.96489408213988 289 0
180 175 1.4437996506012 795 1
170 175 -0.83558158643381 681 1
174 175 -0.25751631880016 418 1
10 175 2.646649978151 728 1
170 176 0.71343594089096 436 1
176 177 0.72162898808252 775 1
170 177 0.65593476253966 682 1
171 178 -0.11075524084826 708 1
10 180 1.1224257555429 794 1
170 1000001 0.3827575486322 288 0
32 1000001 -0.77109238477175 60 1
177 1000001 0.92507494078694 683 1
1000001 1000001 -1.7101808865436 286 1
8 1000002 -1.6635893607547 792 1
125 1000002 1.292681873244 138 1
88 1000002 1.6414958685377 776 1
82 1000002 -0.77509597692515 415 1
54 1000002 0.32606612943886 680 1
41 1000003 -1.5946426976455 793 1
20 1000003 0.39085411012834 19 1
60 1000003 0.8025076576164 394 1
178 1000004 -2.1167267729658 709 1
170 1000004 -0.13097359296319 452 1
53 1000004 1.1949212103709 706 1
57 1000004 -1.1459155927372 20 1
171 1000004 -0.056445711615345 22 1
176 1000005 -0.55965037984045 751 1
47 1000005 -0.41299780985824 270 1
151 1000005 -2.0322772021584 752 1
149 1000005 1.6675650324543 679 1
170 1000005 0.36574061640655 139 1
48 1000006 0.13388798680837 287 1
176 1000006 0.57623845627842 437 1
1000004 1000006 -1.1358834249588 416 1
170 1000006 0.28356180080187 61 0
85 1000006 0.90176145567663 434 1
96 1000006 0.63317523941771 395 1
93 1000006 -1.2187891957419 137 0
3 175 -0.42768639179662 1564 1
1000004 1000005 0.91732535782952 1565 1
0
196
connections
0.90463252088573
step
0.29999955
link
2.5846643453878
enable
0.13966620221633
bias
0.4210463158321
node
0.71597242891725
disable
0.37999487003078
done
67
57 171 -0.27743289572117 21 0
54 171 0.16622489709006 1549 1
87 171 -2.1511358588328 450 1
165 171 0.65865047151097 271 1
171 171 -0.60397661046937 123 1
115 171 -0.074706594535661 59 0
170 171 -1.3293635042037 396 1
174 171 1.3306756985337 290 0
175 171 0.54230445284522 419 1
144 171 0.33856993753515 122 1
172 171 -1.4848045036833 141 0
74 171 0.82849162768691 729 1
170 172 -0.085978604114658 272 1
115 172 -1.3483687856685 140 1
125 172 0.22382788162039 707 1
82 172 1.2917723081072 1518 1
92 174 -0.47210747403687 435 1
170 174 1.0688470182279 417 1
36 174 1.6381992873799 451 1
57 174 1.1323558727119 289 0
10 175 2.7270829432157 728 1
170 175 -0.5753810409124 681 1
180 175 1.7420026520409 795 1
174 175 -0.58723281010239 418 1
170 176 0.56648983686557 436 1
170 177 0.23535233912738 682 1
176 177 0.32531830629673 775 1
171 178 -0.75945447445188 708 1
10 180 1.7569783059984 794 1
72 196 1.678460167481 1548 1
47 196 -0.34793809807581 1521 1
32 1000001 1.0494094668416 60 1
110 1000001 -0.34909150860775 1519 1
170 1000001 0.039966875985942 288 0
177 1000001 1.0057338905771 683 1
43 1000001 -0.79366747263558 1520 1
1000001 1000001 -1.5363487849124 286 1
88 1000002 1.4401723479156 776 1
82 1000002 -0.37080233141286 415 1
8 1000002 -1.3471522227462 792 1
54 1000002 -0.14470327197369 680 1
125 1000002 1.4667093503468 138 1
20 1000003 0.44425433994417 19 1
41 1000003 -1.5462885924871 793 1
60 1000003 0.93120801610894 394 1
178 1000004 0.075624866481521 709 1
57 1000004 -1.4938097863115 20 1
104 1000004 -1.369365520188 1550 1
170 1000004 0.729819635609 452 1
171 1000004 -0.30900714734413 22 1
53 1000004 1.6624080435224 706 1
176 1000005 -0.25206790915424 751 1
151 1000005 1.1104464857936 752 1
47 1000005 -0.44171963991745 270 0
170 1000005 0.29669562466715 139 1
149 1000005 1.7425958107335 679 1
196 1000005 -0.48775566855525 1522 1
48 1000006 -0.1270180364391 287 1
85 1000006 0.90261110223949 434 1
93 1000006 -1.1777092806787 137 0
96 1000006 1.0421027024667 395 1
170 1000006 0.79775556792581 61 0
176 1000006 0.4437543904004 437 1
1000004 1000006 -1.2042806752876 416 1
4 1000001 0.89486373485519 1566 1
166 176 -1.0028992584002 1567 1
2 175 1.7994323557237 1568 1
0
182
connections
0.85940218394472
step
0.285
link
2.7206993109345
enable
0.14701705496456
bias
0.32579907908914
node
0.68017482773363
disable
0.36099566802274
done
64
57 171 -0.47538832309161 21 0
171 171 -2.2701560295096 123 1
115 171 -1.1992984213682 59 0
87 171 1.8332265694143 450 1
165 171 -0.15586814412544 271 1
175 171 1.6934720908231 419 1
144 171 2.0918356829315 122 1
174 171 1.3163336196981 290 0
170 171 -1.010283794582 396 1
172 171 -0.068186132389294 141 0
74 171 0.6125756950333 729 1
125 172 0.43123541394274 707 1
170 172 0.39608169885666 272 1
115 172 -0.54601000189198 140 1
92 174 0.14285914433626 435 1
170 174 1.2694546469193 417 1
36 174 0.91838511307108 451 1
57 174 1.5718860685701 289 0
180 175 1.9234371932468 795 1
10 175 2.1130891935674 728 0
170 175 -1.4538933988464 681 1
174 175 -0.11394937535743 418 1
170 176 0.41459540646788 436 1
75 176 1.1558355967895 1556 1
170 177 0.15094756222198 682 1
176 177 0.83327569830398 775 1
171 178 0.12167012290315 708 1
10 180 1.1688154240547 794 1
170 1000001 -0.00072950604804373 288 0
32 1000001 -0.68865566744485 60 1
1000001 1000001 -1.4592769938161 286 1
101 1000001 1.4002003540147 1557 1
177 1000001 0.83968210937403 683 1
8 1000002 -1.8898558925391 792 1
88 1000002 -0.75814081240272 776 1
82 1000002 -1.3483722952971 415 1
54 1000002 -0.0091311357778068 680 1
125 1000002 1.6171875985194 138 1
41 1000003 -1.6440181842807 793 1
60 1000003 0.85108246979207 394 0
20 1000003 0.64208308538222 19 1
178 1000004 -2.0003291713982 709 1
170 1000004 -0.2408009523599 452 1
53 1000004 0.95303523042158 706 1
171 1000004 0.41512116804438 22 1
57 1000004 -1.2594772620851 20 1
176 1000005 -0.80806144520503 751 1
151 1000005 -1.9592533018378 752 1
47 1000005 -0.73217479047926 270 1
170 1000005 0.27340410516312 139 1
149 1000005 1.5238955413744 679 1
170 1000006 0.2502708643062 61 0
93 1000006 -1.3391111484115 137 0
176 1000006 0.12719432591577 437 1
1000004 1000006 0.12876968694455 416 1
48 1000006 0.3685154184431 287 0
96 1000006 -1.1143332795803 395 0
85 1000006 1.9876705221717 434 1
169 178 1.8478957487716 1569 0
55 1000001 1.4959562974944 1570 1
138 177 0.24042481765191 1571 1
170 1000003 -1.2138431958983 1572 1
169 182 1 1573 1
182 178 1.8478957487716 1574 1
0
181
connections
0.81643329939743
step
0.270749593875
link
2.5846682223901
enable
0.15475479469954
bias
0.37999544002394
node
0.64616705559753
disable
0.3429463990412
done
61
57 171 -0.44967681864126 21 0
171 171 -1.8867173902372 123 1
115 171 1.9034394360179 59 0
87 171 -1.5706496316642 450 1
165 171 0.71907712027345 271 1
175 171 0.34970042320673 419 1
144 171 2.0014973546565 122 1
174 171 -1.0372020630512 290 0
170 171 -1.3934848727202 396 1
172 171 -1.2838739242047 141 0
74 171 0.7640995718577 729 1
125 172 0.40790422227715 707 1
170 172 0.28925719711488 272 1
115 172 -0.60995692810752 140 1
92 174 -0.46237493270482 435 1
170 174 1.3676564836573 417 1
36 174 1.514122609259 451 1
57 174 1.0111933288216 289 0
180 175 1.9848551584508 795 1
170 175 -0.6158225475812 681 1
174 175 -0.42303675439095 418 1
10 175 1.7255992223742 728 0
170 176 0.48050183913334 436 1
176 177 0.26265194745532 775 1
170 177 0.6168722001818 682 1
171 178 0.034317277628868 708 1
10 180 1.1995897225883 794 1
170 1000001 0.41103666465414 288 0
32 1000001 -1.0283634129854 60 1
177 1000001 0.4059583891891 683 1
1000001 1000001 -1.4327889735485 286 1
8 1000002 -1.6576383543583 792 1
125 1000002 1.6497732998433 138 1
88 1000002 -0.023024627909799 776 1
82 1000002 -0.044862208929716 415 1
54 1000002 -0.13341003354358 680 1
41 1000003 -1.8171944150814 793 1
20 1000003 1.1604300572591 19 1
60 1000003 0.67959388798792 394 1
178 1000004 -2.0020890821552 709 1
170 1000004 -1.7108066042055 452 1
53 1000004 0.98060494345316 706 1
57 1000004 -1.2407312069059 20 1
171 1000004 -1.4067201757866 22 1
176 1000005 -1.0917596185868 751 1
47 1000005 -0.49810243991625 270 0
151 1000005 -1.6026543122609 752 1
149 1000005 1.7511888768326 679 1
170 1000005 0.24054689168981 139 1
48 1000006 -0.11835077974792 287 0
176 1000006 -0.1091029338376 437 1
1000004 1000006 -0.073278352895234 416 1
170 1000006 0.6233579649842 61 0
85 1000006 0.54818344872958 434 1
96 1000006 -1.3828231016647 395 0
93 1000006 -1.6438577977659 137 0
36 180 -1.347758415479 1583 1
98 1000003 0.95907467879269 1584 1
169 1000005 -1.3060090945158 1585 1
48 181 1 1586 1
181 1000006 -0.11835077974792 1587 1
0
5
3
0
193
connections
0.8164296254531
step
0.315789
link
2.5846565914006
enable
0.12604855842712
bias
0.37999373004702
node
0.52630631586763
disable
0.37999373004702
done
87
57 171 -0.0073555382742263 21 0
74 171 0.86115105642778 729 1
170 171 -1.123686330276 396 1
174 171 2.0483508466989 290 0
165 171 -0.25204211970744 271 1
172 171 -1.2917292208319 141 0
144 171 2.2244545171649 122 1
171 171 -2.175942387715 123 1
115 171 -2.7801261715742 59 0
193 171 -1.0854889793918 1426 1
87 171 -1.4969099947426 450 0
175 171 -0.62377747604857 419 1
115 172 -0.52603731296067 140 0
170 172 0.16843009321018 272 1
192 172 -0.55573303257472 1375 1
2 172 -0.36564476584295 1244 0
83 172 0.87053879829716 1242 1
125 172 0.37116611224708 707 1
170 174 1.608654903604 417 1
92 174 -0.47127664139617 435 1
36 174 0.66664857624446 451 1
57 174 1.3437461440275 289 0
174 175 -0.62825644620905 418 1
170 175 -0.74143500840765 681 1
10 175 2.2498775049036 728 1
180 175 0.86617633594775 795 1
1000004 176 -0.69488467718523 1343 1
170 176 0.38372478702644 436 1
82 176 -0.37144029053628 1345 1
118 176 0.021002663751199 1243 1
176 177 0.44410251215482 775 1
170 177 -1.913146556986 682 1
80 178 0.50214490951262 1372 1
125 178 1.7534235903965 1344 1
171 178 -0.02625737024442 708 1
93 180 1.4394840868862 1422 1
10 180 -1.3077590212236 794 1
7 180 0.31432468477432 1373 1
133 188 -1.0770118858574 1279 1
84 188 -0.27045503097629 1421 1
178 188 0.27277443769646 1245 1
1000004 189 -0.88836195879904 1280 1
170 189 1.0691854609821 1440 1
151 190 1.1994365930209 1318 1
170 191 0.50494026273263 1346 1
22 192 -1.4096499526963 1439 1
2 192 0.9710492215949 1374 1
87 193 1.0340489680776 1425 1
170 1000001 -0.4664465807683 288 0
1000001 1000001 0.20445076583148 286 1
177 1000001 -1.2297183730583 683 1
191 1000001 0.87423322244942 1347 1
32 1000001 0.75899533066805 60 0
170 1000002 0.57742328382214 1424 1
88 1000002 -0.21718743801468 776 1
54 1000002 -1.4395580919828 680 1
82 1000002 1.4670932916722 415 1
8 1000002 1.4978650178058 792 1
125 1000002 1.7096651514503 138 1
20 1000003 1.1874465818588 19 1
60 1000003 0.87966121035123 394 1
41 1000003 1.7489479107944 793 1
170 1000004 1.9117346585049 452 1
57 1000004 -1.9152629194218 20 0
133 1000004 -0.51875924944448 1278 1
188 1000004 -2.3055269530407 1246 1
19 1000004 -1.8609576708274 1317 1
171 1000004 -0.039449673976387 22 1
53 1000004 1.4150087718356 706 1
178 1000004 -1.0600849410412 709 1
190 1000005 -1.5368477688644 1319 1
176 1000005 -1.2262479420334 751 1
151 1000005 -2.3363273613393 752 1
170 1000005 0.44622883176725 139 1
149 1000005 1.9577332025819 679 1
131 1000005 1.1021454512162 1438 1
140 1000005 -0.25741695038721 1316 1
15 1000005 -0.022050270912809 1423 1
47 1000005 -1.11573288972 270 1
85 1000006 0.64806843444441 434 1
96 1000006 -0.80963520575086 395 0
1000004 1000006 -1.1588871077303 416 1
93 1000006 0.90429537141755 137 0
189 1000006 0.76287524800132 1281 1
48 1000006 -0.59099479868302 287 1
170 1000006 -0.45607290795685 61 0
176 1000006 0.46368025868479 437 1
0
194
connections
0.77560814418044
step
0.29999955
link
2.4554237618306
enable
0.13268249405714
bias
0.3999928000594
node
0.49999100007425
disable
0.36099404354467
done
92
57 171 -0.0073555382742263 21 0
74 171 0.86115105642778 729 1
170 171 -1.123686330276 396 1
174 171 2.0483508466989 290 0
165 171 -0.25204211970744 271 1
172 171 -1.2917292208319 141 0
144 171 2.2244545171649 122 1
171 171 -2.175942387715 123 1
115 171 -2.7801261715742 59 0
193 171 -1.0854889793918 1426 1
87 171 -1.4969099947426 450 0
175 171 -0.62377747604857 419 1
115 172 -0.52603731296067 140 0
170 172 0.16843009321018 272 1
192 172 -0.55573303257472 1375 1
2 172 -0.36564476584295 1244 0
83 172 0.87053879829716 1242 1
125 172 0.37116611224708 707 1
170 174 1.608654903604 417 1
92 174 -0.47127664139617 435 1
36 174 0.66664857624446 451 1
57 174 1.3437461440275 289 0
174 175 -0.62825644620905 418 1
170 175 -0.74143500840765 681 1
10 175 2.2498775049036 728 1
180 175 0.86617633594775 795 1
1000004 176 -0.69488467718523 1343 1
170 176 0.38372478702644 436 1
82 176 -0.37144029053628 1345 1
118 176 0.021002663751199 1243 1
176 177 0.44410251215482 775 1
170 177 -1.913146556986 682 1
80 178 0.50214490951262 1372 1
125 178 1.7534235903965 1344 1
171 178 -0.02625737024442 708 1
93 180 1.4394840868862 1422 1
10 180 -1.3077590212236 794 1
7 180 0.31432468477432 1373 1
133 188 -1.0770118858574 1279 1
84 188 -0.27045503097629 1421 1
178 188 0.27277443769646 1245 1
1000004 189 -0.88836195879904 1280 1
170 189 1.0691854609821 1440 1
151 190 1.1994365930209 1318 1
170 191 0.50494026273263 1346 1
22 192 -1.4096499526963 1439 1
2 192 0.9710492215949 1374 1
87 193 1.0340489680776 1425 1
170 1000001 -0.4664465807683 288 0
1000001 1000001 0.20445076583148 286 1
177 1000001 -1.2297183730583 683 1
191 1000001 0.87423322244942 1347 1
32 1000001 0.75899533066805 60 0
170 1000002 0.57742328382214 1424 1
88 1000002 -0.21718743801468 776 1
54 1000002 -1.4395580919828 680 1
82 1000002 1.4670932916722 415 1
8 1000002 1.4978650178058 792 1
125 1000002 1.7096651514503 138 1
20 1000003 1.1874465818588 19 1
60 1000003 0.87966121035123 394 1
41 1000003 1.7489479107944 793 1
170 1000004 1.9117346585049 452 1
57 1000004 -1.9152629194218 20 0
133 1000004 -0.51875924944448 1278 1
188 1000004 -2.3055269530407 1246 1
19 1000004 -1.8609576708274 1317 1
171 1000004 -0.039449673976387 22 1
53 1000004 1.4150087718356 706 1
178 1000004 -1.0600849410412 709 1
190 1000005 -1.5368477688644 1319 1
176 1000005 -1.2262479420334 751 1
151 1000005 -2.3363273613393 752 1
170 1000005 0.44622883176725 139 0
149 1000005 1.9577332025819 679 1
131 1000005 1.1021454512162 1438 1
140 1000005 -0.25741695038721 1316 1
15 1000005 -0.022050270912809 1423 1
47 1000005 -1.11573288972 270 1
85 1000006 0.64806843444441 434 1
96 1000006 -0.80963520575086 395 0
1000004 1000006 -1.1588871077303 416 1
93 1000006 0.90429537141755 137 0
189 1000006 0.76287524800132 1281 1
48 1000006 -0.59099479868302 287 1
170 1000006 -0.45607290795685 61 0
176 1000006 0.46368025868479 437 1
152 175 -1.9136936552019 1575 1
44 1000003 -0.67769402142399 1576 1
162 1000006 -0.15924558244575 1577 1
170 194 1 1578 1
194 1000005 0.44622883176725 1579 1
0
193
connections
0.77560814418044
step
0.33240897507
link
2.720687067806
enable
0.11974613050576
bias
0.3999928000594
node
0.49999100007425
disable
0.3999928000594
done
90
57 171 -0.32783443263246 21 0
74 171 0.82725785943969 729 1
170 171 -0.95779125384787 396 1
174 171 2.2538708340625 290 0
165 171 -0.1611564112919 271 1
172 171 -1.2346656970193 141 0
144 171 2.2550202766756 122 1
171 171 -2.4144527003122 123 1
115 171 -2.5754380435799 59 0
193 171 -1.3566041214172 1426 1
87 171 0.99203466902676 450 0
175 171 -0.73142210736873 419 1
115 172 -0.73322101906298 140 0
170 172 0.38460193835215 272 1
192 172 -0.50516206969365 1375 1
2 172 -0.064197190715381 1244 0
83 172 1.1331730326057 1242 1
125 172 0.060243456009997 707 1
170 174 1.2876890671759 417 1
92 174 -0.34393114549927 435 1
36 174 0.76603548162978 451 1
57 174 1.4454460242447 289 0
174 175 -0.60671940424386 418 1
170 175 -0.56158092597667 681 1
10 175 1.9489574503517 728 1
180 175 1.0281352973111 795 1
1000004 176 -0.43681552478173 1343 1
170 176 0.32428742062319 436 1
82 176 -0.07021589719073 1345 1
118 176 -0.29221267806484 1243 1
176 177 0.18751447521383 775 1
170 177 -1.9481962413901 682 1
80 178 0.18247758527083 1372 1
125 178 1.8048061233941 1344 1
171 178 0.029832269428484 708 1
93 180 1.1533954762124 1422 1
10 180 -1.420131048472 794 1
7 180 0.38214151262987 1373 1
133 188 -1.2596455959372 1279 1
84 188 -0.14816155905427 1421 1
178 188 0.057434451923859 1245 1
1000004 189 -0.96376696724337 1280 1
170 189 1.3877986999115 1440 1
151 190 1.466270702682 1318 1
170 191 0.79673015347448 1346 1
22 192 -0.65669728690451 1439 1
2 192 1.0377704297932 1374 1
87 193 1.1348764104197 1425 1
170 1000001 -0.71903763488579 288 0
1000001 1000001 -0.0272017792817 286 1
177 1000001 -1.1901036067492 683 1
191 1000001 0.82195796232381 1347 1
32 1000001 -0.074892422254097 60 0
170 1000002 0.333658054721 1424 1
88 1000002 -0.26463385594742 776 1
54 1000002 -1.3616980839362 680 1
82 1000002 1.3437244893458 415 1
8 1000002 1.5672441181355 792 1
125 1000002 1.6256169212658 138 1
20 1000003 0.89074669191241 19 1
60 1000003 1.1033603683232 394 1
41 1000003 -0.15192114017151 793 1
170 1000004 2.2305498341244 452 1
57 1000004 -1.8702106333325 20 0
133 1000004 -0.37997061490568 1278 1
188 1000004 -2.0702020531506 1246 1
19 1000004 -0.66890469069491 1317 1
171 1000004 0.13050325303395 22 1
53 1000004 1.5357805497893 706 1
178 1000004 -0.74181757525032 709 1
190 1000005 -1.717939495723 1319 1
176 1000005 -1.0023053130264 751 1
151 1000005 -2.4267464169379 752 1
170 1000005 -1.9543443098239 139 1
149 1000005 -0.0055543687246316 679 1
131 1000005 1.1968252499261 1438 1
140 1000005 -0.51154998772595 1316 0
15 1000005 -0.2515521552174 1423 1
47 1000005 -1.1307367922478 270 1
85 1000006 0.79972045532888 434 1
96 1000006 -1.0905703461852 395 0
1000004 1000006 1.258766441847 416 1
93 1000006 0.95421707820546 137 0
189 1000006 0.45088045899838 1281 1
48 1000006 -0.72751103689577 287 1
170 1000006 -0.18946198007775 61 0
176 1000006 0.78858221017766 437 1
27 190 -1.9693594164861 1580 1
49 176 0.13519699697867 1581 1
1000003 172 -1.856318857387 1582 1
0
4
1
0
194
connections
0.63173957620318
step
0.315789
link
2.720687067806
enable
0.16289880649774
bias
0.3999928000594
node
0.6801717669515
disable
0.4432046538174
done
88
57 171 -0.29799086837776 21 0
9 171 0.039464785867127 1255 1
181 171 0.49918391409561 1257 1
127 171 -1.4713813024506 1340 1
165 171 -0.58699855481716 271 1
115 171 -1.1364124824305 59 0
87 171 -1.5531162541813 450 1
174 171 0.93911579375122 290 0
170 171 -1.3022288704684 396 1
144 171 2.1693297291557 122 1
171 171 -1.844108185607 123 1
172 171 -1.001756697597 141 0
74 171 1.1076387829218 729 1
175 171 -0.45292623480873 419 1
115 172 -0.90480074020521 140 1
167 172 -1.0240698125395 1284 1
125 172 -1.9342986176233 707 1
165 172 2.0091256431573 1384 1
170 172 -0.22963028464979 272 1
136 174 -0.44795068208869 1449 1
53 174 -0.27189225922695 1338 1
170 174 1.5543376065072 417 1
92 174 -0.57487063424594 435 1
36 174 0.96671821435982 451 1
57 174 0.89587837362641 289 0
174 175 -0.70393993957335 418 1
1000001 175 -0.23133697906534 1382 1
133 175 -1.4561928871282 1313 1
192 175 -0.41204881232718 1387 1
170 175 -0.81265499745612 681 1
180 175 1.7026473826242 795 1
10 175 2.1430330336364 728 1
170 176 0.11424454975806 436 1
162 176 2.2214180868082 1385 1
176 177 0.59754964968959 775 1
170 177 -1.839786706695 682 1
170 178 1.559833133903 1315 0
171 178 -1.957944886381 708 1
10 180 -1.1484917343753 794 1
140 180 1.9604480117191 1467 1
150 180 1.0429435521857 1383 1
90 180 -1.7629322183905 1448 1
135 181 -0.64113328104398 1408 1
170 181 1.2047391137028 1256 1
178 191 -0.53730887783441 1341 0
68 191 -1.1332067001239 1407 0
194 191 -0.53730887783441 1469 1
45 192 -1.6485488448744 1447 1
170 192 1.1757566477658 1386 1
178 194 1 1468 1
175 1000001 1.5253995976822 1254 1
32 1000001 -1.2677040471322 60 1
170 1000001 0.67949810819419 288 0
1000001 1000001 -2.1668348596701 286 1
177 1000001 -0.92954070924111 683 1
17 1000002 0.41692054604369 1285 1
8 1000002 0.74898438229541 792 1
54 1000002 -0.50758842180209 680 1
88 1000002 0.27404927808685 776 1
150 1000002 1.1220795036951 1339 1
82 1000002 1.6043293354361 415 1
125 1000002 2.08664122892 138 1
60 1000003 1.1938287603124 394 1
41 1000003 1.7297490613665 793 1
20 1000003 1.1669389945645 19 1
170 1000004 1.7898998352931 452 1
178 1000004 -1.0360690339461 709 1
169 1000004 1.9501846778569 1286 1
171 1000004 0.033911009852901 22 1
57 1000004 -1.4581027295548 20 1
53 1000004 1.5218963262265 706 1
191 1000004 -1.7151882998769 1342 1
51 1000004 -1.4325660809991 1409 1
170 1000005 -0.22589280281981 139 1
176 1000005 -1.0370655061506 751 1
70 1000005 -0.87519712481066 1314 1
151 1000005 -0.34631236871878 752 1
149 1000005 1.5082683910115 679 1
152 1000005 0.23716470743222 1312 1
47 1000005 -1.2419822018977 270 1
68 1000006 1.9644764549699 1466 1
96 1000006 1.3893264898179 395 1
1000004 1000006 -0.45100253303629 416 1
93 1000006 -1.5281174009595 137 0
170 1000006 0.34841392557903 61 0
176 1000006 -0.43403424176763 437 1
85 1000006 0.65063095535509 434 1
48 1000006 0.1140864871715 287 1
