47
20000
5
20000
45
3
20000
171
connections
0.736841
step
0.315789
link
2.10526
enable
0.19
bias
0.38
node
0.526315
disable
0.38
done
5
170 171 1 18 1
171 1000001 1.2115237891781 19 1
170 1000001 1.2115237891781 17 0
132 1000003 0.3961912900174 15 0
130 1000005 0.28962065492721 16 1
0
171
connections
0.77562094183
step
0.29999955
link
2.2160598338
enable
0.1805
bias
0.361
node
0.49999925
disable
0.3999994
done
7
170 171 0.90424221645405 18 1
171 1000001 0.22833948789941 19 0
170 1000001 1.2191503532563 17 0
132 1000003 0.2346418024308 15 0
130 1000005 0.19759833133793 16 1
115 171 -1.5455183568834 872 1
123 1000001 0.78707235938597 873 1
0
172
connections
0.77562094183
step
0.29999955
link
1.999997
enable
0.1999997
bias
0.3999994
node
0.49999925
disable
0.361
done
9
170 171 1 18 0
171 1000001 1.2115237891781 19 1
170 1000001 1.2115237891781 17 0
132 1000003 0.3961912900174 15 0
130 1000005 0.28962065492721 16 1
55 1000005 -0.024964140751366 883 1
142 1000003 -0.18060853907895 884 1
170 172 1 885 1
172 171 1 886 1
0
13
2
0
171
connections
0.81644187199851
step
0.2849995725
link
1.89999715
enable
0.210525684211
bias
0.37999943
node
0.4749992875
disable
0.37999943
done
10
170 171 1.0755574598318 18 1
37 1000001 1.7300943021943 617 1
171 1000001 1.4153210542084 19 1
147 1000001 1.4529862361522 618 1
170 1000001 1.2932566601392 17 0
138 1000003 1.6513414059494 597 1
132 1000003 0.60355463753082 15 0
133 1000003 -0.46393466201918 598 1
170 1000004 0.84304760834933 599 1
130 1000005 0.28816750221587 16 1
0
173
connections
0.8164406473357
step
0.28499914500064
link
2.1052536842247
enable
0.21052536842247
bias
0.37999886000085
node
0.52631342105618
disable
0.37999886000085
done
16
170 171 1.0655884660259 18 0
135 171 0.15536867327066 857 1
37 172 1.0505948065575 858 1
138 1000001 0.26276436658834 856 1
147 1000001 1.3641607022815 618 1
172 1000001 1.4423054686115 859 1
37 1000001 1.7264609319488 617 0
171 1000001 1.6238157136133 19 0
170 1000001 0.97952202990646 17 0
132 1000003 0.26166946671048 15 0
138 1000003 1.4049172360161 597 1
133 1000003 -0.6818027483042 598 1
170 1000004 0.79565357346336 599 1
130 1000005 0.30388799706301 16 1
13 171 -1.2564470351268 874 1
95 1000004 0.13165684987945 875 1
0
4
3
0
171
connections
0.7368398947385
step
0.315789
link
2.10525684211
enable
0.189999715
bias
0.421051368422
node
0.58317276571322
disable
0.37999943
done
9
170 171 1.1207731621754 18 1
41 1000001 0.096377452925199 793 1
170 1000001 1.1171977660146 17 0
171 1000001 -1.391464188818 19 1
132 1000003 0.39767397421186 15 0
29 1000005 -0.70682765681936 770 1
13 1000005 -1.190038758507 792 1
130 1000005 0.353666879635 16 1
150 1000006 -2.0292942074343 769 0
0
172
connections
0.77561977839859
step
0.29999955
link
1.9999940000045
enable
0.18049972925
bias
0.3999988000009
node
0.61386514837271
disable
0.3609994585
done
13
170 171 1.1207731621754 18 0
41 1000001 0.096377452925199 793 1
170 1000001 1.1171977660146 17 0
171 1000001 -1.391464188818 19 1
132 1000003 0.39767397421186 15 0
29 1000005 -0.70682765681936 770 0
13 1000005 -1.190038758507 792 1
130 1000005 0.353666879635 16 1
150 1000006 -2.0292942074343 769 0
13 1000002 -1.1236304818873 876 1
163 1000001 -0.035950804162725 877 1
29 172 1 878 1
172 1000005 -0.70682765681936 879 1
0
171
connections
0.77561977839859
step
0.315789
link
1.9999940000045
enable
0.18049972925
bias
0.3999988000009
node
0.61386514837271
disable
0.3999988000009
done
12
170 171 1.1027801184729 18 1
41 1000001 0.10317182668538 793 1
170 1000001 1.3806941815851 17 0
171 1000001 -1.0888206154973 19 1
132 1000003 0.40238666750084 15 0
29 1000005 -0.40167835700552 770 1
13 1000005 -1.0963534998932 792 1
130 1000005 0.1276021629078 16 1
150 1000006 -1.9618805273598 769 0
16 1000001 -1.3126010925626 880 1
120 1000001 0.86739707632679 881 1
170 1000006 0.76790673543504 882 1
0
1
1
0
173
connections
0.7368398947385
step
0.285
link
2.10525684211
enable
0.189999715
bias
0.421051368422
node
0.5263142105275
disable
0.37999943
done
14
170 171 1.262289317009 18 1
31 171 -0.95736564226203 846 1
130 172 1 827 1
171 173 1 848 1
173 1000001 0.92766699632454 849 1
170 1000001 1.3170989167014 17 1
171 1000001 0.92766699632454 19 0
36 1000002 -1.0262153996399 825 0
170 1000002 -0.93160802026429 847 0
132 1000002 1.8717001861629 826 1
132 1000003 0.56021975517767 15 0
130 1000005 0.56767472144821 16 0
172 1000005 0.56767472144821 828 1
1000002 1000005 -0.53975035859249 845 1
0
0
1
0
172
connections
0.69999895
step
0.29999955
link
2.2160598338
enable
0.1999997
bias
0.3999994
node
0.49999925
disable
0.3999994
done
10
170 171 1 18 1
171 1000001 1.2115237891781 19 1
170 1000001 1.2115237891781 17 0
132 1000003 0.3961912900174 15 0
130 1000005 0.28962065492721 16 0
4 1000006 -0.42207098605304 867 1
117 1000001 -1.3853572191534 868 1
170 1000004 0.94174016541032 869 0
130 172 1 870 1
172 1000005 0.28962065492721 871 1
