111
20000
4
20000
109
4
20000
171
connections
0.736841
step
0.315789
link
2.10526
enable
0.19
bias
0.38
node
0.526315
disable
0.38
done
5
170 171 1 18 1
171 1000001 1.2115237891781 19 1
170 1000001 1.2115237891781 17 0
132 1000003 0.3961912900174 15 0
130 1000005 0.28962065492721 16 1
0
173
connections
0.69999895
step
0.29999955
link
2.2160598338
enable
0.1805
bias
0.361
node
0.55401495845
disable
0.361
done
8
170 171 0.87668225320022 18 1
171 1000001 1.3712787910993 19 1
170 1000001 0.93111972411267 17 0
132 1000003 0.68456330534837 15 0
130 1000005 0.48140169593475 16 1
1000004 1000006 0.43208105716117 2139 1
104 171 -0.20404675435652 2140 1
55 1000003 1.2099368266854 2141 1
0
173
connections
0.77562094183
step
0.29999955
link
2.2160598338
enable
0.1805
bias
0.3999994
node
0.49999925
disable
0.361
done
9
170 171 0.74885440668813 18 1
171 1000001 1.0577105014191 19 1
170 1000001 1.0959351079211 17 0
132 1000003 0.4031586552797 15 0
130 1000005 0.71364110098556 16 0
45 1000006 -1.5197607348857 2142 1
102 1000005 1.0215765861995 2143 1
130 173 1 2144 1
173 1000005 0.71364110098556 2145 1
0
171
connections
0.77562094183
step
0.33240897507
link
1.999997
enable
0.1805
bias
0.3999994
node
0.49999925
disable
0.3999994
done
7
170 171 1.1554664004318 18 1
171 1000001 0.98743913540082 19 0
170 1000001 1.3978298540349 17 0
132 1000003 0.092491607816688 15 0
130 1000005 0.6020041373739 16 1
13 171 -0.54390087588122 2157 1
147 1000002 -0.54719687490463 2158 1
0
10
3
0
175
connections
0.81644187199851
step
0.2849995725
link
2.3326910628529
enable
0.210525684211
bias
0.37999943
node
0.4749992875
disable
0.34295
done
11
170 171 1.306322823086 18 1
107 171 -0.75859666248398 1900 1
138 175 1 1916 1
171 1000001 0.88390518212355 19 1
170 1000001 0.97627175398335 17 0
54 1000002 -0.45332193975646 1915 1
132 1000003 0.33045955475791 15 1
175 1000004 -0.35766254358646 1917 1
138 1000004 -0.35766254358646 1899 0
88 1000004 0.62654499954222 1914 1
130 1000005 0.08841426290376 16 1
0
176
connections
0.77561977839859
step
0.29999910000067
link
2.2160565097102
enable
0.19999940000045
bias
0.3609994585
node
0.451249323125
disable
0.3258025
done
14
170 171 1.3967153251248 18 1
107 171 -0.8259904847779 1900 1
138 175 0.94947065544897 1916 1
171 1000001 1.7846613971374 19 1
170 1000001 1.1073147886923 17 1
54 1000002 -1.2217780083621 1915 0
132 1000003 0.049027860220092 15 1
175 1000004 -0.13982512831145 1917 1
138 1000004 -0.5241740836027 1899 0
88 1000004 -0.18695638904996 1914 1
130 1000005 0.34887980433017 16 1
155 1000002 0.013611255226295 2146 1
1000005 1000002 -0.62349314859462 2147 1
170 175 0.63447981200598 2148 1
0
175
connections
0.77561977839859
step
0.270749593875
link
2.2160565097102
enable
0.22160565097102
bias
0.3609994585
node
0.49999850000112
disable
0.3609994585
done
14
170 171 1.306322823086 18 1
107 171 -0.75859666248398 1900 1
138 175 1 1916 1
171 1000001 0.88390518212355 19 1
170 1000001 0.97627175398335 17 0
54 1000002 -0.45332193975646 1915 1
132 1000003 0.33045955475791 15 1
175 1000004 -0.35766254358646 1917 1
138 1000004 -0.35766254358646 1899 0
88 1000004 0.62654499954222 1914 1
130 1000005 0.08841426290376 16 1
23 1000006 1.2068849757378 2149 1
124 1000003 -0.3075655384991 2150 1
170 1000004 -0.76204718161565 2151 1
0
7
2
0
173
connections
0.7368398947385
step
0.3157885263165
link
2.3326910628529
enable
0.171475
bias
0.37999943
node
0.5263142105275
disable
0.37999943
done
11
170 171 0.93033938628614 18 1
123 173 1 1986 1
170 1000001 1.5020045158759 17 0
171 1000001 1.4209154732285 19 0
18 1000001 1.3848689230018 1985 1
123 1000002 0.023743400372326 1984 0
173 1000002 0.023743400372326 1987 1
38 1000003 0.59162775674242 1967 1
132 1000003 0.3713364479699 15 0
130 1000005 0.55664396187174 16 1
75 1000005 -1.2672627508586 1966 1
0
174
connections
0.69999790000157
step
0.315789
link
2.2160565097102
enable
0.16290125
bias
0.3999988000009
node
0.55401412742756
disable
0.3999988000009
done
16
170 171 0.93033938628614 18 1
123 173 1 1986 1
170 1000001 1.5020045158759 17 0
171 1000001 1.4209154732285 19 0
18 1000001 1.3848689230018 1985 1
123 1000002 0.023743400372326 1984 0
173 1000002 0.023743400372326 1987 1
38 1000003 0.59162775674242 1967 0
132 1000003 0.3713364479699 15 0
130 1000005 0.55664396187174 16 1
75 1000005 -1.2672627508586 1966 1
167 1000002 -0.96932889797662 2152 1
48 173 -0.63606677449873 2153 0
140 171 0.21442304757836 2154 1
48 174 1 2155 1
174 173 -0.63606677449873 2156 1
0
1
1
0
172
connections
0.69999895
step
0.33240897507
link
1.999997
enable
0.1805
bias
0.361
node
0.49999925
disable
0.361
done
10
170 171 1 18 0
172 171 1 2124 1
170 172 1 2123 1
170 1000001 1.2115237891781 17 0
56 1000001 -0.24774925992615 2121 1
171 1000001 1.4844595655705 19 1
68 1000002 0.096499526963103 2120 1
170 1000003 -0.61580248420667 2122 1
132 1000003 0.3961912900174 15 0
130 1000005 0.28962065492721 16 1
