165
20000
4
20000
163
3
20000
171
connections
0.736841
step
0.315789
link
2.10526
enable
0.19
bias
0.38
node
0.526315
disable
0.38
done
5
170 171 1 18 1
171 1000001 1.2115237891781 19 1
170 1000001 1.2115237891781 17 0
132 1000003 0.3961912900174 15 0
130 1000005 0.28962065492721 16 1
0
172
connections
0.77562094183
step
0.33240897507
link
1.999997
enable
0.1805
bias
0.361
node
0.49999925
disable
0.361
done
7
170 171 0.88870181186307 18 1
171 1000001 1.2115237891781 19 1
170 1000001 1.2115237891781 17 0
132 1000003 0.3961912900174 15 0
130 1000005 0.28962065492721 16 1
148 1000006 0.40314951017792 3189 1
117 1000006 -1.4764244514298 3190 1
0
171
connections
0.69999895
step
0.33240897507
link
1.999997
enable
0.1999997
bias
0.361
node
0.55401495845
disable
0.3999994
done
7
170 171 0.869935744213 18 0
171 1000001 0.9964881421992 19 1
170 1000001 1.5438516072365 17 0
132 1000003 0.33564256721702 15 0
130 1000005 0.023111173312663 16 1
52 1000005 1.9543443098239 3191 1
31 1000005 -1.3818170720542 3192 1
0
13
4
0
172
connections
0.7368398947385
step
0.285
link
1.89999715
enable
0.189999715
bias
0.421051368422
node
0.4749992875
disable
0.34295
done
11
170 171 1.00984977987 18 0
172 171 1.00984977987 2942 1
170 172 1 2941 1
171 1000001 1.1245440014344 19 1
170 1000001 1.258461839259 17 1
132 1000003 0.4053030883816 15 0
145 1000003 2.1702815332499 2922 1
7 1000003 -0.4451429792169 2940 1
76 1000004 0.072983336893826 2923 1
130 1000005 0.53774355342265 16 1
81 1000006 1.6131473738823 2939 1
0
173
connections
0.77561977839859
step
0.315789
link
1.8049972925
enable
0.18049972925
bias
0.44321130194205
node
0.49999850000112
disable
0.3258025
done
15
170 171 1.00984977987 18 0
172 171 1.00984977987 2942 1
170 172 1 2941 1
171 1000001 1.1245440014344 19 1
170 1000001 1.258461839259 17 1
132 1000003 0.4053030883816 15 0
145 1000003 2.1702815332499 2922 1
7 1000003 -0.4451429792169 2940 0
76 1000004 0.072983336893826 2923 1
130 1000005 0.53774355342265 16 1
81 1000006 1.6131473738823 2939 1
133 1000004 1.7298501541185 3193 1
98 1000006 -0.21796319467757 3194 1
7 173 1 3195 1
173 1000003 -0.4451429792169 3196 1
0
173
connections
0.77561977839859
step
0.29999955
link
1.8049972925
enable
0.19999940000045
bias
0.3999988000009
node
0.451249323125
disable
0.3609994585
done
14
170 171 0.41889706106754 18 0
172 171 1.182642269483 2942 1
170 172 0.94220108160192 2941 1
171 1000001 1.3441762291314 19 1
170 1000001 1.1507469216361 17 1
132 1000003 0.15575055887478 15 1
145 1000003 2.0723081092395 2922 1
7 1000003 1.5163426618244 2940 1
76 1000004 0.25780620489669 2923 1
130 1000005 0.39217963712119 16 1
81 1000006 1.3388382666234 2939 1
46 1000005 0.71932126834925 3197 1
103 1000006 1.0831019013031 3198 1
170 1000005 1.8970915860469 3199 1
0
172
connections
0.69999790000157
step
0.29999955
link
1.9999940000045
enable
0.18049972925
bias
0.3999988000009
node
0.451249323125
disable
0.3609994585
done
12
170 171 0.79865895923185 18 0
172 171 0.88647889036988 2942 1
170 172 1.1097840694617 2941 1
171 1000001 1.0768527982131 19 1
170 1000001 1.3185679535127 17 1
132 1000003 0.40653908616138 15 0
145 1000003 2.3955901951949 2922 1
7 1000003 -0.28438086799371 2940 1
76 1000004 0.12466635516678 2923 1
130 1000005 0.27504366975463 16 1
81 1000006 1.7168887875317 2939 1
126 172 -1.7379070406201 3203 1
0
10
1
0
173
connections
0.69999895
step
0.29999955
link
2.2160598338
enable
0.1805
bias
0.361
node
0.49999925
disable
0.3999994
done
10
170 171 1.8790246284371 18 1
1000004 171 -0.78975798821986 2999 1
130 173 1 3002 1
171 1000001 1.0358015270501 19 1
170 1000001 1.4729968306055 17 0
170 1000002 0.2831507309183 3001 1
132 1000003 -0.13519699697867 15 0
137 1000005 -0.84273812067019 3000 1
130 1000005 0.34803132168045 16 0
173 1000005 0.34803132168045 3003 1
0
1
2
0
172
connections
0.77562094183
step
0.33240897507
link
1.999997
enable
0.1805
bias
0.361
node
0.49999925
disable
0.3999994
done
10
170 171 1 18 1
130 172 1 3171 1
170 1000001 1.2115237891781 17 0
171 1000001 1.2115237891781 19 1
132 1000003 0.3961912900174 15 0
55 1000003 -0.52864162114322 3168 1
170 1000003 -0.37470625934629 3170 1
130 1000005 0.28962065492721 16 0
172 1000005 0.28962065492721 3172 0
156 1000006 -1.2098147526475 3169 1
0
172
connections
0.81644187199851
step
0.34990365942793
link
2.10525684211
enable
0.189999715
bias
0.34295
node
0.5263142105275
disable
0.37999943
done
13
170 171 1.1305451288341 18 1
130 172 1.14502522656 3171 1
170 1000001 0.96184888878797 17 0
171 1000001 0.91951916357748 19 1
132 1000003 0.469115027016 15 0
55 1000003 -0.72298033686114 3168 1
170 1000003 -0.6563313458691 3170 1
130 1000005 0.41606522511326 16 0
172 1000005 0.17199655724971 3172 0
156 1000006 -1.3652195182853 3169 1
120 171 -1.5822626422926 3200 1
75 1000005 -0.2952360606708 3201 1
170 1000005 1.8405713064974 3202 1
