182
20000
6
20000
180
2
20000
171
connections
0.736841
step
0.315789
link
2.10526
enable
0.19
bias
0.38
node
0.526315
disable
0.38
done
5
170 171 1 18 1
171 1000001 1.2115237891781 19 1
170 1000001 1.2115237891781 17 0
132 1000003 0.3961912900174 15 0
130 1000005 0.28962065492721 16 1
0
171
connections
0.69999895
step
0.29999955
link
1.999997
enable
0.1805
bias
0.3999994
node
0.49999925
disable
0.361
done
7
170 171 1.0643909065569 18 1
171 1000001 1.2225379027268 19 1
170 1000001 1.1767052739448 17 0
132 1000003 0.28129842973266 15 0
130 1000005 0.23621639530168 16 1
162 1000001 -0.95565660573138 3526 1
108 171 -0.11639759514145 3527 1
0
2
3
0
172
connections
0.77562094183
step
0.29999955
link
1.999997
enable
0.1805
bias
0.3999994
node
0.49999925
disable
0.361
done
9
170 171 1.2370643741615 18 1
155 172 1 3469 1
171 1000001 0.93650054986877 19 1
170 1000001 -1.3215124973296 17 0
2 1000003 -0.64998321481979 3467 1
132 1000003 0.36970122379223 15 0
155 1000004 1.4665364543596 3468 0
172 1000004 1.4665364543596 3470 1
130 1000005 0.91940061647389 16 0
0
173
connections
0.81644187199851
step
0.3157885263165
link
1.89999715
enable
0.171475
bias
0.37999943
node
0.4749992875
disable
0.37999943
done
13
170 171 1.3717951581181 18 1
155 172 1.2971401667345 3469 1
171 1000001 1.2390569326679 19 0
170 1000001 -1.3404114291851 17 0
2 1000003 0.66975920896023 3467 1
132 1000003 0.51080232593157 15 0
155 1000004 1.5438958250906 3468 0
172 1000004 -1.2681661427656 3470 1
130 1000005 1.0068985268846 16 0
29 172 -1.3383587145604 3522 1
86 171 0.3045136875515 3523 1
171 173 1 3524 1
173 1000001 1.2390569326679 3525 1
0
173
connections
0.81644187199851
step
0.285
link
1.89999715
enable
0.171475
bias
0.421051368422
node
0.4749992875
disable
0.37999943
done
13
170 171 1.1461813210898 18 1
155 172 0.99917371135594 3469 1
171 1000001 0.73452951193426 19 0
170 1000001 -1.2311861018708 17 0
2 1000003 -0.70069994201483 3467 1
132 1000003 1.5775017548143 15 0
155 1000004 1.6888950773644 3468 0
172 1000004 1.7227120273446 3470 1
130 1000005 1.1639385662404 16 0
153 1000002 -1.8580278939177 3530 1
53 1000001 -0.13776055177465 3531 1
171 173 1 3532 1
173 1000001 0.73452951193426 3533 1
0
2
1
0
171
connections
0.7368398947385
step
0.2849995725
link
2.3326910628529
enable
0.189999715
bias
0.34295
node
0.58317276571322
disable
0.421051368422
done
10
170 171 0.87677697245651 18 1
56 171 2.0647810486762 3450 1
170 1000001 0.99430541936728 17 1
171 1000001 1.0625077768554 19 1
132 1000003 0.30383433147366 15 0
52 1000004 -1.8922086245308 3472 1
130 1000005 -0.074396713410977 16 1
99 1000005 0.14667195654164 3473 1
71 1000006 -1.5371575941327 3451 1
2 1000006 1.0254829554125 3471 1
0
1
2
0
172
connections
0.77562094183
step
0.285
link
2.2160598338
enable
0.1805
bias
0.361
node
0.55401495845
disable
0.3999994
done
11
170 171 1 18 1
34 172 1 3495 1
170 1000001 1.2115237891781 17 0
171 1000001 1.2115237891781 19 1
132 1000003 0.3961912900174 15 0
170 1000003 -0.69392986846522 3494 1
100 1000004 1.9334696493423 3491 1
172 1000005 1.1276589251381 3496 1
34 1000005 1.1276589251381 3492 0
130 1000005 0.28962065492721 16 1
3 1000006 0.40217291787469 3493 1
0
172
connections
0.7368398947385
step
0.29999955
link
2.3326910628529
enable
0.171475
bias
0.34295
node
0.58317276571322
disable
0.421051368422
done
13
170 171 1 18 1
34 172 1 3495 1
170 1000001 1.2115237891781 17 0
171 1000001 1.2115237891781 19 1
132 1000003 0.3961912900174 15 0
170 1000003 -0.69392986846522 3494 1
100 1000004 1.9334696493423 3491 1
172 1000005 1.1276589251381 3496 1
34 1000005 1.1276589251381 3492 0
130 1000005 0.28962065492721 16 1
3 1000006 0.40217291787469 3493 1
158 1000002 1.8428907132176 3528 0
155 1000003 1.9329813531907 3529 1
0
0
1
0
172
connections
0.77562094183
step
0.29999955
link
2.2160598338
enable
0.1999997
bias
0.361
node
0.49999925
disable
0.3999994
done
10
170 171 1.1540053233604 18 1
171 1000001 1.394423993968 19 1
170 1000001 1.0586171305109 17 0
132 1000003 0.25148799439222 15 0
130 1000005 0.42895880463424 16 1
35 1000003 0.67122409741508 3512 0
115 1000002 -1.3492233039338 3513 1
170 1000004 -0.14679403057955 3514 0
35 172 1 3515 1
172 1000003 0.67122409741508 3516 1
0
0
1
0
172
connections
0.69999895
step
0.33240897507
link
2.2160598338
enable
0.1805
bias
0.3999994
node
0.49999925
disable
0.361
done
10
170 171 1 18 1
171 1000001 1.2115237891781 19 1
170 1000001 1.2115237891781 17 0
132 1000003 0.3961912900174 15 0
130 1000005 0.28962065492721 16 0
75 1000006 -0.73360393078402 3517 1
147 1000002 -1.7274086733604 3518 1
170 1000003 1.0281685842463 3519 1
130 172 1 3520 1
172 1000005 0.28962065492721 3521 1
