132
20000
5
20000
130
3
20000
171
connections
0.736841
step
0.315789
link
2.10526
enable
0.19
bias
0.38
node
0.526315
disable
0.38
done
5
170 171 1 18 1
171 1000001 1.2115237891781 19 1
170 1000001 1.2115237891781 17 0
132 1000003 0.3961912900174 15 0
130 1000005 0.28962065492721 16 1
0
171
connections
0.77562094183
step
0.315789
link
1.999997
enable
0.1805
bias
0.3999994
node
0.49999925
disable
0.3999994
done
7
170 171 0.8445389459212 18 1
171 1000001 1.3497917045503 19 1
170 1000001 1.310740920896 17 0
132 1000003 0.82601397747734 15 0
130 1000005 0.03163683764153 16 1
74 1000005 0.49592577898495 2570 1
4 1000005 1.5274513992737 2571 1
0
171
connections
0.69999895
step
0.33240897507
link
2.2160598338
enable
0.1999997
bias
0.361
node
0.55401495845
disable
0.3999994
done
7
170 171 0.80693761392385 18 1
171 1000001 1.5434458221783 19 1
170 1000001 1.1778334847192 17 0
132 1000003 0.5408232293946 15 0
130 1000005 0.12474004114467 16 1
104 171 -0.83675649281289 2579 1
110 1000001 -0.94540238654744 2580 1
0
6
3
0
172
connections
0.7368398947385
step
0.285
link
1.89999715
enable
0.189999715
bias
0.34295
node
0.5263142105275
disable
0.37999943
done
10
170 171 1.1826862418821 18 1
152 172 1 2451 1
171 1000001 0.91047123001812 19 1
170 1000001 1.1028778954436 17 0
38 1000001 -0.037171544541765 2450 1
132 1000003 0.82332667012543 15 0
130 1000005 0.55033748023167 16 1
161 1000006 0.85765541550951 2423 1
152 1000006 -0.94525391399884 2424 0
172 1000006 -0.94525391399884 2452 1
0
173
connections
0.77561977839859
step
0.27075
link
1.8049972925
enable
0.19999940000045
bias
0.3609994585
node
0.55401412742756
disable
0.3999988000009
done
12
170 171 0.924611509682 18 1
152 172 1.063814271981 2451 1
171 1000001 1.122372952788 19 1
170 1000001 0.4331797235023 17 0
38 1000001 0.14417402417066 2450 1
132 1000003 -1.6356089968566 15 0
130 1000005 0.62431510253459 16 1
161 1000006 0.73102668080691 2423 0
152 1000006 0.04254280220954 2424 0
172 1000006 -0.7850778603473 2452 1
7 172 -0.1852473525193 2572 1
170 172 0.037781914731284 2573 1
0
173
connections
0.77561977839859
step
0.285
link
1.9999940000045
enable
0.18049972925
bias
0.3609994585
node
0.55401412742756
disable
0.3609994585
done
12
170 171 1.1948718249382 18 0
152 172 0.83424649800104 2451 1
171 1000001 0.96336240101332 19 1
170 1000001 1.3023091830195 17 0
38 1000001 -0.31959700308237 2450 1
132 1000003 0.73400921658986 15 0
130 1000005 0.4505479053545 16 1
161 1000006 0.71131534775842 2423 1
152 1000006 -0.95441267128513 2424 1
172 1000006 -0.98215857417524 2452 1
18 1000006 -0.65425580614643 2577 1
95 1000002 0.32697531052583 2578 1
0
2
2
0
174
connections
0.81644187199851
step
0.3157885263165
link
2.3326910628529
enable
0.171475
bias
0.421051368422
node
0.5263142105275
disable
0.37999943
done
11
170 171 1.3010392539127 18 1
59 171 0.27497548786369 2504 1
171 173 0.91784120649287 2506 1
173 1000001 1.1837452657861 2507 1
1 1000001 0.057606263943219 2505 1
170 1000001 0.94582281772288 17 0
1000006 1000001 0.16779076509903 2518 1
171 1000001 1.1403455393465 19 1
132 1000003 0.11470986144838 15 0
130 1000005 0.36043572713171 16 1
131 1000006 -0.82320627460555 2519 1
0
174
connections
0.8164406473357
step
0.315789
link
2.5846914845263
enable
0.1714747427875
bias
0.46653751276326
node
0.47499857500107
disable
0.37999886000085
done
18
170 171 1.5445815847902 18 1
59 171 -0.079954719517132 2504 1
88 173 -0.71422332477798 2560 1
171 173 0.86912173724787 2506 1
1 1000001 0.28438294433437 2505 1
170 1000001 1.0993516700181 17 0
173 1000001 1.6892352433546 2507 1
1000006 1000001 0.53490507443042 2518 0
171 1000001 1.170474284498 19 1
169 1000002 0.61960890392773 2561 1
170 1000003 1.305678287759 2562 1
132 1000003 -0.54545905084384 15 0
130 1000005 0.43525744919971 16 1
102 1000005 -1.8386339333781 2559 1
131 1000006 0.76473281044954 2519 1
63 1000004 0.42915128025147 2574 1
34 171 -1.6701559495834 2575 1
27 171 0.68160039063692 2576 1
0
1
1
0
172
connections
0.69999895
step
0.29999955
link
1.999997
enable
0.1805
bias
0.3999994
node
0.55401495845
disable
0.3999994
done
10
170 171 1.095758064658 18 0
130 172 1 2547 1
170 1000001 0.9449419569277 17 0
171 1000001 0.80242232726676 19 1
34 1000002 -0.066835535752434 2544 1
132 1000003 0.39880061866359 15 0
170 1000005 1.9686269722587 2546 1
130 1000005 0.27704612623829 16 0
116 1000005 -0.25287636951811 2545 1
172 1000005 0.27704612623829 2548 1
0
0
1
0
172
connections
0.69999895
step
0.33240897507
link
2.2160598338
enable
0.1805
bias
0.3999994
node
0.55401495845
disable
0.3999994
done
10
170 171 0.96779081100353 18 1
171 1000001 1.0796943683879 19 1
170 1000001 0.93389579696827 17 0
132 1000003 0.51594860532552 15 0
130 1000005 0.55282298831724 16 1
104 1000006 0.097109897152623 2565 1
108 1000002 -0.52925199133274 2566 0
170 1000004 1.1285134434034 2567 1
108 172 1 2568 1
172 1000002 -0.52925199133274 2569 1
