5
20000
7
20000
3
2
20000
171
connections
0.736841
step
0.315789
link
2.10526
enable
0.19
bias
0.38
node
0.526315
disable
0.38
done
5
170 171 1 18 1
171 1000001 1.2115237891781 19 1
170 1000001 1.2115237891781 17 0
132 1000003 0.3961912900174 15 0
130 1000005 0.28962065492721 16 1
0
171
connections
0.69999895
step
0.33240897507
link
1.999997
enable
0.1805
bias
0.361
node
0.49999925
disable
0.361
done
7
170 171 1.1735441247756 18 1
171 1000001 0.88029159077698 19 1
170 1000001 1.16257596653 17 0
132 1000003 0.37049495120541 15 0
130 1000005 0.45541428509076 16 1
100 1000003 1.6881008331553 106 1
152 1000003 -0.036439100314341 107 0
0
5
1
0
170
connections
0.736841
step
0.285
link
1.9
enable
0.210526
bias
0.421052
node
0.475
disable
0.421052
done
2
1000003 1000002 -1.3870662556841 21 1
122 1000004 -0.29377117221595 20 0
0
5
1
0
170
connections
0.736841
step
0.315789
link
1.9
enable
0.210526
bias
0.421052
node
0.526315
disable
0.421052
done
2
170 1000003 -0.24909207434309 36 1
32 1000006 -0.17023224585711 35 1
0
3
3
0
171
connections
0.77562094183
step
0.29999955
link
1.999997
enable
0.1999997
bias
0.44321196676
node
0.49999925
disable
0.44321196676
done
7
170 171 1 61 0
1000003 1000002 -1.1183237162038 21 1
65 1000002 -1.1254615924558 59 1
122 1000004 -0.4287879074633 20 0
1000001 1000005 -0.8310190130314 58 1
170 1000005 1.6091189306314 60 0
171 1000005 1.6091189306314 62 1
0
172
connections
0.7368398947385
step
0.3157885263165
link
1.89999715
enable
0.210525684211
bias
0.421051368422
node
0.5263142105275
disable
0.421051368422
done
9
170 171 0.82908079731977 61 0
1000003 1000002 -0.88158110476654 21 1
65 1000002 -0.90770464943018 59 1
122 1000004 -0.71874821482389 20 0
1000001 1000005 -1.0307540271587 58 1
170 1000005 1.5770745918149 60 0
171 1000005 1.8582552322095 62 1
97 171 0.090395825067904 113 1
1000006 171 1.4697103793451 114 0
0
172
connections
0.81644187199851
step
0.3157885263165
link
1.89999715
enable
0.210525684211
bias
0.421051368422
node
0.4749992875
disable
0.421051368422
done
12
170 171 1.2646525077419 61 0
1000003 1000002 -1.2807234615866 21 1
65 1000002 -0.86871174872287 59 1
122 1000004 -0.72429935442039 20 0
1000001 1000005 -1.0026513829515 58 1
170 1000005 1.8026281875029 60 0
171 1000005 1.502770275341 62 1
1000002 171 0.58748130741295 115 1
144 1000001 -0.53242591631825 116 1
170 1000001 -1.5208594012268 117 1
144 172 1 118 0
172 1000001 -0.53242591631825 119 1
0
2
1
0
171
connections
0.77562094183
step
0.27075
link
1.999997
enable
0.22160598338
bias
0.44321196676
node
0.49999925
disable
0.3999994
done
5
1000003 1000002 -1.1300822244942 21 1
94 1000002 0.77120273445845 74 0
69 1000003 1.2391125217444 75 1
122 1000004 -0.039282532731102 20 0
170 1000004 1.137913144322 76 1
0
0
1
0
171
connections
0.77562094183
step
0.285
link
1.999997
enable
0.22160598338
bias
0.44321196676
node
0.45125
disable
0.44321196676
done
7
1000003 1000002 1.5021820734275 21 1
122 1000004 -0.40467650379955 20 0
85 1000003 0.60786767174291 108 1
136 1000002 -1.1210669270913 109 0
170 1000002 -1.8692587054048 110 1
136 171 1 111 1
171 1000002 -1.1210669270913 112 0
0
0
1
0
172
connections
0.7368398947385
step
0.2572125
link
1.89999715
enable
0.23326910628529
bias
0.46653821257058
node
0.5263142105275
disable
0.421051368422
done
10
1000003 1000002 -1.1300822244942 21 1
94 1000002 0.77120273445845 74 0
69 1000003 1.2391125217444 75 1
122 1000004 -0.039282532731102 20 0
170 1000004 1.137913144322 76 1
145 1000002 -1.4568926053652 120 1
4 1000003 0.9932554094058 121 1
170 1000001 1.0716269417402 122 1
145 172 1 123 1
172 1000002 -1.4568926053652 124 1
