173
20000
4
20000
171
3
20000
171
connections
0.736841
step
0.315789
link
2.10526
enable
0.19
bias
0.38
node
0.526315
disable
0.38
done
5
170 171 1 18 1
171 1000001 1.2115237891781 19 1
170 1000001 1.2115237891781 17 0
132 1000003 0.3961912900174 15 0
130 1000005 0.28962065492721 16 1
0
172
connections
0.77562094183
step
0.33240897507
link
2.2160598338
enable
0.1999997
bias
0.3999994
node
0.49999925
disable
0.3999994
done
7
170 171 1.2249773809054 18 1
171 1000001 1.2877809462447 19 1
170 1000001 1.5110438852791 17 0
132 1000003 0.12239796660774 15 0
130 1000005 0.03581224563505 16 1
52 1000006 -1.6588030640584 3331 1
127 1000004 -0.72518082216865 3332 1
0
171
connections
0.77562094183
step
0.285
link
1.999997
enable
0.1999997
bias
0.361
node
0.55401495845
disable
0.361
done
7
170 171 1.0641460921049 18 1
171 1000001 1.0583820612201 19 1
170 1000001 1.0010985137486 17 0
132 1000003 -0.18695638904996 15 0
130 1000005 0.39358516190069 16 0
46 1000003 -1.5493026520585 3333 1
1000001 1000004 -1.4409009063997 3334 1
0
7
4
0
172
connections
0.7368398947385
step
0.315789
link
1.89999715
enable
0.189999715
bias
0.34295
node
0.4749992875
disable
0.37999943
done
10
170 171 0.88870181186307 18 1
129 171 -1.5197607348857 3204 1
170 1000001 1.2115237891781 17 1
171 1000001 1.2115237891781 19 1
132 1000003 0.3961912900174 15 0
45 1000003 -1.8813440351573 3205 1
130 1000005 0.28962065492721 16 1
148 1000006 0.40314951017792 3189 1
117 1000006 -1.4764244514298 3190 1
170 1000006 0.25165562913907 3206 0
0
173
connections
0.69999790000157
step
0.29999955
link
1.9999940000045
enable
0.19999940000045
bias
0.3258025
node
0.49999850000112
disable
0.3609994585
done
15
170 171 1.153397603057 18 1
129 171 -1.2850401787362 3204 1
170 1000001 -1.2168950468459 17 0
171 1000001 1.1616352565706 19 1
132 1000003 0.66396334235206 15 0
45 1000003 -1.838157357178 3205 1
130 1000005 0.58236901795251 16 1
148 1000006 0.16853882049776 3189 1
117 1000006 -1.5091005705115 3190 1
170 1000006 0.14626621844996 3206 0
97 1000002 -1.0763878292184 3335 1
72 1000004 -1.8828089236122 3336 1
170 1000002 1.1373027741325 3337 1
170 173 1 3338 1
173 1000001 -1.2168950468459 3339 1
0
173
connections
0.77561977839859
step
0.33240897507
link
1.8049972925
enable
0.19999940000045
bias
0.3258025
node
0.49999850000112
disable
0.3999988000009
done
15
170 171 0.69444235986516 18 1
129 171 -1.7031045688174 3204 1
170 1000001 1.4607062488066 17 0
171 1000001 1.0317711530117 19 1
132 1000003 0.5109980276152 15 0
45 1000003 -1.7538362252371 3205 1
130 1000005 0.099337896499894 16 1
148 1000006 0.51053038121024 3189 1
117 1000006 1.2640156254769 3190 1
170 1000006 0.41314793768546 3206 0
108 1000001 -0.94796594134342 3342 1
52 1000006 0.022400585955382 3343 1
170 1000002 -1.3356730857265 3344 1
170 173 1 3345 1
173 1000001 1.4607062488066 3346 1
0
173
connections
0.77561977839859
step
0.285
link
1.9999940000045
enable
0.19999940000045
bias
0.3609994585
node
0.451249323125
disable
0.3999988000009
done
14
170 171 0.78678997983694 18 1
129 171 -1.668275246437 3204 1
170 1000001 1.0094135868404 17 1
171 1000001 1.2121413312174 19 1
132 1000003 0.31103137302774 15 0
45 1000003 -1.9818990142521 3205 1
130 1000005 -0.31806390575884 16 1
148 1000006 0.63220542008728 3189 1
117 1000006 -1.3764087343974 3190 1
170 1000006 0.095139164403211 3206 0
1000001 1000004 0.80843531601917 3347 0
107 1000006 -1.4623859370708 3348 1
1000001 173 1 3349 1
173 1000004 0.80843531601917 3350 1
0
6
2
0
174
connections
0.7368398947385
step
0.315789
link
1.89999715
enable
0.210525684211
bias
0.37999943
node
0.4749992875
disable
0.37999943
done
11
170 171 1.26116416245 18 1
170 173 -1.1294900357067 3222 1
112 173 1.2381500283517 3211 1
173 1000001 0.08887609152501 3212 1
171 1000001 1.4877030357677 19 1
112 1000001 -0.3511487554857 3210 0
170 1000001 0.98171975753044 17 0
132 1000003 0.46863569789727 15 0
113 1000003 0.078554643391217 3223 1
134 1000003 0.40517640433973 3209 1
130 1000005 0.0024547614062931 16 1
0
174
connections
0.69999790000157
step
0.33240897507
link
1.9999940000045
enable
0.22160565097102
bias
0.3609994585
node
0.451249323125
disable
0.3999988000009
done
13
170 171 1.1776028743354 18 1
170 173 -0.82432952729634 3222 1
112 173 1.2826342153594 3211 1
173 1000001 0.25377699456047 3212 1
171 1000001 1.2533114415115 19 1
112 1000001 -1.7003082369457 3210 0
170 1000001 0.72216948966442 17 0
132 1000003 1.3162633136998 15 0
113 1000003 0.39381919975129 3223 1
134 1000003 0.30335478860507 3209 1
130 1000005 0.078204687150111 16 1
16 1000006 0.25836970122379 3340 1
120 171 0.91549424726096 3341 1
0
0
1
0
171
connections
0.81644187199851
step
0.3157885263165
link
1.89999715
enable
0.171475
bias
0.37999943
node
0.5263142105275
disable
0.37999943
done
9
170 171 1.2708415639969 18 1
1000005 171 0.13434247871334 3314 0
170 1000001 -1.3487323032669 17 0
55 1000001 1.6912843241227 3313 1
171 1000001 1.0718589831112 19 1
132 1000003 0.57830662916735 15 0
130 1000005 0.454730814348 16 0
70 1000003 1.8654744102298 3329 1
170 1000005 -1.551133762627 3330 1
