7
7
7
7
5
2
7
172
connections
0.277007479225
step
0.11080299169
link
2.2160598338
enable
0.1999997
bias
0.361
node
0.55401495845
disable
0.3999994
done
8
170 171 1 18 1
171 1000001 1.2115237891781 19 1
170 1000001 1.2115237891781 17 0
170 1000002 1.2800073244423 42 1
132 1000003 0.3961912900174 15 0
55 1000004 -1.5657826471755 40 1
130 1000005 0.28962065492721 16 0
151 1000006 -1.3804742576373 41 1
-1
173
connections
0.29158638285661
step
0.11663455314264
link
2.3326910628529
enable
0.210525684211
bias
0.37999943
node
0.5263142105275
disable
0.421051368422
done
13
170 171 0.87508774071474 18 0
170 173 1 131 1
6 1000001 0.86129337443159 130 1
171 1000001 1.2756484107445 19 1
170 1000001 1.1359232986176 17 0
173 1000002 1.173083121987 132 1
170 1000002 1.173083121987 42 0
132 1000003 0.48070480041706 15 1
55 1000004 -1.679042782264 40 1
43 1000005 -1.9079561754204 129 1
130 1000005 0.36392548285936 16 0
53 1000006 1.6860255745109 128 1
151 1000006 -1.3152390681037 41 1
0
7
1
-1
170
connections
0.2631575
step
0.095
link
1.9
enable
0.210526
bias
0.421052
node
0.475
disable
0.421052
done
2
1000003 1000002 -1.3870662556841 21 1
122 1000004 -0.29377117221595 20 0
0
7
1
-1
170
connections
0.2631575
step
0.105263
link
1.9
enable
0.210526
bias
0.421052
node
0.526315
disable
0.421052
done
2
170 1000003 -0.24909207434309 36 1
32 1000006 -0.17023224585711 35 1
0
5
1
-1
170
connections
0.249999625
step
0.09999985
link
1.999997
enable
0.22160598338
bias
0.3999994
node
0.55401495845
disable
0.3999994
done
5
170 1000003 -0.24909207434309 36 1
28 1000004 0.085757011627552 65 0
170 1000004 1.8975798821986 67 1
32 1000006 -0.17023224585711 35 1
19 1000006 -0.23310037537767 66 1
7
2
3
7
173
connections
0.24999925000056
step
0.105263
link
2.4554605934908
enable
0.19999940000045
bias
0.3999988000009
node
0.61386514837271
disable
0.3999988000009
done
16
170 171 0.95052475164037 18 0
173 171 0.95052475164037 84 1
170 173 1 83 1
170 1000001 1.1422468765831 17 1
171 1000001 1.260407943083 19 0
99 1000001 1.1180150761437 81 1
156 1000001 1.9458151955626 71 1
148 1000002 -1.1371004850307 70 1
170 1000002 1.2954432421339 42 0
159 1000002 -0.31078110711997 72 1
132 1000003 0.45135903497421 15 0
13 1000004 0.70650349436933 80 1
113 1000004 -1.1816156498917 82 1
55 1000004 -1.5178301095309 40 1
130 1000005 -1.9385967589343 16 0
151 1000006 -1.3401288486282 41 1
7
174
connections
0.23749928750053
step
0.11080299169
link
2.3326875638163
enable
0.21052536842247
bias
0.37999886000085
node
0.58317189095407
disable
0.42105073684495
done
20
170 171 0.95052475164037 18 0
173 171 0.95052475164037 84 1
170 173 1 83 1
62 173 -0.83932004760887 137 1
55 174 1 139 1
99 1000001 1.1180150761437 81 1
170 1000001 1.1422468765831 17 1
171 1000001 1.260407943083 19 0
156 1000001 1.9458151955626 71 1
165 1000002 1.2280037842952 138 1
159 1000002 -0.31078110711997 72 1
148 1000002 -1.1371004850307 70 1
170 1000002 1.2954432421339 42 0
132 1000003 0.45135903497421 15 0
13 1000004 0.70650349436933 80 1
174 1000004 -1.5178301095309 140 1
55 1000004 -1.5178301095309 40 1
113 1000004 -1.1816156498917 82 1
130 1000005 -1.9385967589343 16 0
151 1000006 -1.3401288486282 41 1
4
173
connections
0.23749928750053
step
0.11080299169
link
2.3326875638163
enable
0.18999943000043
bias
0.37999886000085
node
0.64617287113157
disable
0.42105073684495
done
19
170 171 0.95052475164037 18 0
173 171 0.95052475164037 84 1
170 173 1 83 1
1000001 173 -1.8308053834651 146 1
171 1000001 1.260407943083 19 0
170 1000001 1.1422468765831 17 1
156 1000001 1.9458151955626 71 1
99 1000001 1.1180150761437 81 1
170 1000002 1.2954432421339 42 0
159 1000002 -0.31078110711997 72 1
148 1000002 -1.1371004850307 70 1
132 1000003 0.45135903497421 15 0
55 1000004 -1.5178301095309 40 1
13 1000004 0.70650349436933 80 1
113 1000004 -1.1816156498917 82 1
111 1000005 0.37250892666402 145 1
130 1000005 -1.9385967589343 16 0
151 1000006 -1.3401288486282 41 1
15 1000006 1.9986571855831 144 1
0
0
1
-1
171
connections
0.249999625
step
0.09999985
link
1.805
enable
0.22160598338
bias
0.3999994
node
0.55401495845
disable
0.3999994
done
6
27 171 1 135 1
170 1000003 -0.24909207434309 36 1
27 1000005 1.2010254219184 134 0
171 1000005 1.2010254219184 136 1
32 1000006 -0.17023224585711 35 1
154 1000006 1.7811212500381 133 0
0
0
1
0
170
connections
0.277007479225
step
0.09999985
link
1.999997
enable
0.22160598338
bias
0.44321196676
node
0.49999925
disable
0.44321196676
done
5
1000003 1000002 -1.3870662556841 21 1
75 1000002 -1.9143040253914 141 1
122 1000004 -0.29377117221595 20 1
8 1000005 -0.92294076357311 142 1
170 1000006 0.025818659016694 143 1
