8
20000
3
20000
3
3
20000
172
connections
0.26315710526375
step
0.11080299169
link
1.89999715
enable
0.189999715
bias
0.421051368422
node
0.4749992875
disable
0.421051368422
done
11
7 171 1 24 0
172 171 1 41 1
7 172 1 40 1
1000003 1000002 -1.3870662556841 21 1
84 1000003 -0.52876369518113 22 1
118 1000003 -0.029847102267525 37 1
122 1000004 -0.29377117221595 20 0
7 1000005 0.65193639942625 23 0
170 1000005 0.42512283700064 39 1
171 1000005 0.65193639942625 25 1
88 1000006 0.03704947050386 38 0
0
173
connections
0.24999925000056
step
0.11663455314264
link
1.8049972925
enable
0.18049972925
bias
0.3999988000009
node
0.451249323125
disable
0.44321130194205
done
13
7 171 1 24 0
172 171 1 41 1
118 171 0.14191106906339 71 1
7 172 1 40 1
10 1000001 -0.96005127109592 72 1
1000003 1000002 -1.3870662556841 21 1
118 1000003 -0.029847102267525 37 1
84 1000003 -0.52876369518113 22 1
122 1000004 -0.29377117221595 20 0
7 1000005 0.65193639942625 23 0
171 1000005 0.65193639942625 25 0
170 1000005 0.43051014896084 39 1
88 1000006 0.03704947050386 38 1
0
173
connections
0.26315671052809
step
0.11080282548551
link
1.8999943000043
enable
0.18999943000043
bias
0.42105073684495
node
0.47499857500107
disable
0.42105073684495
done
16
7 171 1.0407509033456 24 0
172 171 0.82799461794088 41 1
7 172 0.89993693627913 40 1
61 1000001 0.43208105716117 73 1
170 1000001 -2.0322257132754 65 1
1000003 1000002 0.59053315836055 21 1
118 1000003 -0.044979480698498 37 1
84 1000003 -0.585806844176 22 1
1000006 1000003 0.34318977893925 63 1
69 1000004 -0.96886853101466 64 1
122 1000004 -0.25964131847208 20 0
170 1000005 -0.14630573442793 39 1
171 1000005 -0.39405555184855 25 1
7 1000005 0.57181087832639 23 0
88 1000006 -0.0071167852921013 38 1
1000005 1000006 -1.3964659566027 74 1
0
6
1
0
170
connections
0.277007479225
step
0.095
link
1.805
enable
0.22160598338
bias
0.3999994
node
0.49999925
disable
0.3999994
done
4
80 1000001 0.39130832850124 31 1
151 1000002 0.49909970397046 32 0
1000003 1000002 -1.4040298165838 21 1
122 1000004 -0.2694376964629 20 0
0
0
1
0
171
connections
0.29158638285661
step
0.09025
link
1.89999715
enable
0.210525684211
bias
0.421051368422
node
0.5263142105275
disable
0.421051368422
done
8
80 1000001 0.39130832850124 31 1
151 1000002 0.49909970397046 32 0
1000003 1000002 -1.4040298165838 21 0
122 1000004 -0.2694376964629 20 0
141 1000002 1.9556871242409 75 1
111 1000006 0.36518448438978 76 1
1000003 171 1 77 1
171 1000002 -1.4040298165838 78 1
