0
0
50
0
0
1
0
170
connections
0.2375
step
0.105263
link
1.9
enable
0.210526
bias
0.421052
node
0.475
disable
0.38
done
3
170 1000003 -1.3364055299539 9 1
91 1000004 -1.9400616473891 8 1
132 1000004 1.4357737968078 7 0
0
0
1
0
170
connections
0.2375
step
0.095
link
2.10526
enable
0.210526
bias
0.421052
node
0.526315
disable
0.38
done
2
62 1000003 0.43073824274422 10 1
142 1000005 -0.79219946897794 11 1
0
0
1
0
170
connections
0.2375
step
0.095
link
1.9
enable
0.210526
bias
0.38
node
0.526315
disable
0.421052
done
3
108 1000001 -0.93514816736351 12 1
148 1000003 -0.49653614917447 13 0
170 1000003 -1.9648426770837 14 1
0
0
1
0
171
connections
0.2631575
step
0.105263
link
2.10526
enable
0.19
bias
0.38
node
0.526315
disable
0.38
done
5
170 171 1 18 1
171 1000001 1.2115237891781 19 1
170 1000001 1.2115237891781 17 0
132 1000003 0.3961912900174 15 0
130 1000005 0.28962065492721 16 1
0
0
1
0
170
connections
0.2631575
step
0.095
link
1.9
enable
0.210526
bias
0.421052
node
0.475
disable
0.421052
done
2
1000003 1000002 -1.3870662556841 21 1
122 1000004 -0.29377117221595 20 0
0
0
1
0
170
connections
0.2631575
step
0.095
link
1.9
enable
0.210526
bias
0.421052
node
0.475
disable
0.38
done
2
134 1000002 -0.098818933683279 22 1
65 1000006 -1.8596148564104 23 0
0
0
1
0
171
connections
0.2631575
step
0.105263
link
1.9
enable
0.19
bias
0.38
node
0.526315
disable
0.38
done
4
35 171 1 26 1
171 1000002 1.3577684865871 27 1
35 1000002 1.3577684865871 25 1
1000005 1000004 0.95675527207251 24 1
0
0
1
0
170
connections
0.2375
step
0.105263
link
1.9
enable
0.210526
bias
0.421052
node
0.526315
disable
0.38
done
2
20 1000002 -0.74373607593005 28 1
170 1000003 0.93234046449171 29 1
0
0
1
0
171
connections
0.2631575
step
0.095
link
1.9
enable
0.19
bias
0.38
node
0.526315
disable
0.421052
done
5
133 171 1 33 1
133 1000002 0.17377239295633 31 0
171 1000002 0.17377239295633 34 1
98 1000003 -1.5449079866939 30 1
170 1000004 0.7848750267037 32 1
0
0
1
0
170
connections
0.2631575
step
0.105263
link
1.9
enable
0.210526
bias
0.421052
node
0.526315
disable
0.421052
done
2
170 1000003 -0.24909207434309 36 1
32 1000006 -0.17023224585711 35 1
0
0
1
0
171
connections
0.2375
step
0.095
link
2.10526
enable
0.19
bias
0.38
node
0.526315
disable
0.421052
done
5
106 171 1 40 1
110 1000002 0.26300851466414 38 1
106 1000005 1.4191717276528 37 0
170 1000005 1.6203497421186 39 1
171 1000005 1.4191717276528 41 1
0
0
1
0
170
connections
0.2631575
step
0.095
link
1.9
enable
0.19
bias
0.421052
node
0.526315
disable
0.421052
done
1
27 1000005 1.4709311197241 42 1
0
0
1
0
171
connections
0.2631575
step
0.095
link
2.10526
enable
0.19
bias
0.38
node
0.475
disable
0.421052
done
4
28 171 1 45 1
113 1000002 0.18036439100314 44 0
28 1000004 -1.6826075014496 43 0
171 1000004 -1.6826075014496 46 1
0
0
1
0
171
connections
0.2631575
step
0.095
link
2.10526
enable
0.210526
bias
0.421052
node
0.526315
disable
0.38
done
5
170 171 1 50 1
12 1000002 0.098330637531663 47 1
169 1000003 1.5025482955412 48 1
170 1000005 -1.0916470839564 49 0
171 1000005 -1.0916470839564 51 1
0
0
1
0
170
connections
0.2375
step
0.095
link
1.9
enable
0.19
bias
0.421052
node
0.526315
disable
0.38
done
2
107 1000001 -1.9764397106845 52 1
18 1000005 1.4529862361522 53 1
0
0
1
0
170
connections
0.2631575
step
0.105263
link
1.9
enable
0.210526
bias
0.421052
node
0.475
disable
0.38
done
2
168 1000005 -1.8886684774316 54 1
10 1000005 -1.4734946745201 55 1
0
0
1
0
170
connections
0.2631575
step
0.095
link
1.9
enable
0.210526
bias
0.421052
node
0.475
disable
0.38
done
2
142 1000002 0.10614337595752 57 0
61 1000004 -0.52974028748436 56 1
0
0
1
0
170
connections
0.2375
step
0.095
link
1.9
enable
0.210526
bias
0.38
node
0.475
disable
0.421052
done
2
40 1000004 -1.557481612598 58 1
24 1000004 1.1524399548326 59 1
0
0
1
0
171
connections
0.2375
step
0.105263
link
1.9
enable
0.210526
bias
0.38
node
0.475
disable
0.421052
done
5
15 171 1 63 1
15 1000005 -0.29279457991272 60 0
171 1000005 -0.29279457991272 64 1
46 1000006 -1.0689413129063 61 1
170 1000006 -1.679555650502 62 1
0
0
1
0
171
connections
0.2375
step
0.095
link
2.10526
enable
0.210526
bias
0.421052
node
0.526315
disable
0.421052
done
4
43 171 1 67 1
1 1000005 1.8192083498642 65 1
43 1000005 -0.97946104312265 66 1
171 1000005 -0.97946104312265 68 1
0
0
1
0
171
connections
0.2631575
step
0.105263
link
1.9
enable
0.19
bias
0.38
node
0.475
disable
0.38
done
4
122 171 1 71 1
171 1000002 0.12054811243019 72 1
122 1000002 0.12054811243019 70 0
151 1000003 1.2442396313364 69 1
0
0
1
0
171
connections
0.2375
step
0.105263
link
2.10526
enable
0.210526
bias
0.38
node
0.526315
disable
0.421052
done
5
170 171 1 76 1
163 1000001 0.77816095461898 74 1
171 1000005 1.6091189306314 77 0
170 1000005 1.6091189306314 75 0
26 1000006 0.47993408001953 73 1
0
0
1
0
170
connections
0.2375
step
0.105263
link
2.10526
enable
0.210526
bias
0.38
node
0.475
disable
0.38
done
2
72 1000004 1.9704580828272 78 1
45 1000004 -1.0092471083712 79 0
0
0
1
0
171
connections
0.2631575
step
0.105263
link
2.10526
enable
0.19
bias
0.421052
node
0.526315
disable
0.38
done
5
95 171 1 83 0
171 1000004 -0.41218298898282 84 1
170 1000004 -1.7188634907071 82 1
95 1000004 -0.41218298898282 81 1
75 1000006 0.16229743339335 80 1
0
0
1
0
170
connections
0.2375
step
0.105263
link
2.10526
enable
0.19
bias
0.421052
node
0.475
disable
0.421052
done
2
168 1000006 -0.4331797235023 85 0
33 1000006 0.29779961546678 86 1
0
0
1
0
171
connections
0.2375
step
0.105263
link
2.10526
enable
0.210526
bias
0.421052
node
0.475
disable
0.38
done
5
132 171 1 90 1
171 1000002 0.95773186437574 91 1
170 1000002 1.6445204016236 89 0
132 1000002 0.95773186437574 88 1
69 1000005 -0.58577227088229 87 1
0
0
1
0
170
connections
0.2631575
step
0.095
link
2.10526
enable
0.19
bias
0.38
node
0.475
disable
0.38
done
2
119 1000002 -1.2051759392071 93 0
123 1000003 -0.42060609759819 92 1
0
0
1
0
171
connections
0.2375
step
0.105263
link
1.9
enable
0.210526
bias
0.421052
node
0.526315
disable
0.421052
done
5
11 171 1 97 1
170 1000001 -1.9633777886288 96 1
69 1000003 1.2391125217444 94 1
11 1000004 1.137913144322 95 0
171 1000004 1.137913144322 98 1
0
0
1
0
170
connections
0.2375
step
0.095
link
2.10526
enable
0.210526
bias
0.421052
node
0.526315
disable
0.38
done
4
108 1000001 -1.9255348368786 100 1
69 1000004 -0.86312448500015 99 1
170 1000005 1.2334971160009 102 1
81 1000006 1.7470625934629 101 1
0
0
1
0
171
connections
0.2375
step
0.105263
link
1.9
enable
0.210526
bias
0.421052
node
0.526315
disable
0.421052
done
5
136 171 1 106 1
136 1000001 1.4794763023774 104 0
171 1000001 1.4794763023774 107 1
2 1000004 -0.63374736777856 103 1
170 1000005 1.5757927182836 105 1
0
0
1
0
171
connections
0.2631575
step
0.095
link
2.10526
enable
0.210526
bias
0.421052
node
0.526315
disable
0.421052
done
5
139 171 1 111 1
109 1000004 -0.99740592669454 108 1
171 1000004 0.85555589465011 112 1
139 1000004 0.85555589465011 109 0
170 1000006 -1.5014496292001 110 1
0
0
1
0
170
connections
0.2375
step
0.105263
link
2.10526
enable
0.19
bias
0.421052
node
0.526315
disable
0.38
done
3
170 1000004 -1.908444471572 115 1
138 1000004 0.55293435468612 114 1
120 1000006 0.22663045136876 113 0
0
0
1
0
170
connections
0.2375
step
0.105263
link
1.9
enable
0.19
bias
0.38
node
0.475
disable
0.421052
done
2
10 1000001 -0.96005127109592 117 0
116 1000006 0.14191106906339 116 1
0
0
1
0
171
connections
0.2631575
step
0.105263
link
2.10526
enable
0.210526
bias
0.38
node
0.526315
disable
0.421052
done
4
135 1000006 1.6332895901364 118 1
92 1000001 -1.5694448683126 119 1
135 171 1 120 1
171 1000006 1.6332895901364 121 1
0
0
1
0
170
connections
0.2375
step
0.095
link
1.9
enable
0.210526
bias
0.421052
node
0.475
disable
0.38
done
3
4 1000006 0.59053315836055 122 1
161 1000005 -0.27314065981017 123 1
170 1000001 0.61604663228248 124 1
0
0
1
0
170
connections
0.2375
step
0.105263
link
2.10526
enable
0.210526
bias
0.38
node
0.475
disable
0.38
done
2
85 1000005 -1.5899533066805 125 1
134 1000003 -0.17438276314585 126 1
0
0
1
0
170
connections
0.2631575
step
0.105263
link
1.9
enable
0.210526
bias
0.38
node
0.526315
disable
0.421052
done
2
87 1000006 0.67928098391675 127 1
110 1000001 1.1950437940611 128 1
0
0
1
0
171
connections
0.2631575
step
0.105263
link
2.10526
enable
0.210526
bias
0.38
node
0.475
disable
0.421052
done
6
45 1000004 0.92196417126988 129 0
111 1000003 0.56538590655232 130 1
98 1000005 -0.21466719565416 131 0
170 1000003 0.40363780632954 132 1
45 171 1 133 1
171 1000004 0.92196417126988 134 1
0
0
1
0
170
connections
0.2631575
step
0.095
link
1.9
enable
0.19
bias
0.421052
node
0.475
disable
0.38
done
2
77 1000003 -0.64204840235603 135 1
23 1000002 0.93319498275704 136 1
0
0
1
0
170
connections
0.2631575
step
0.105263
link
2.10526
enable
0.19
bias
0.38
node
0.475
disable
0.421052
done
3
20 1000006 1.0455030976287 137 1
74 1000006 -1.7289956358531 138 1
170 1000005 -1.5265968810083 139 1
0
0
1
0
170
connections
0.2631575
step
0.105263
link
2.10526
enable
0.19
bias
0.421052
node
0.475
disable
0.421052
done
3
31 1000001 -1.2751243629261 140 1
35 1000006 -1.2389904477065 141 1
170 1000004 -1.8150578325755 142 1
0
0
1
0
170
connections
0.2375
step
0.095
link
1.9
enable
0.210526
bias
0.38
node
0.475
disable
0.421052
done
2
17 1000006 1.575304422132 143 1
11 1000001 0.52815332499161 144 1
0
0
1
0
171
connections
0.2631575
step
0.095
link
2.10526
enable
0.19
bias
0.421052
node
0.526315
disable
0.421052
done
5
98 1000006 1.5021820734275 145 1
54 1000001 -0.072450941496017 146 0
115 1000003 1.0743125705741 147 1
98 171 1 148 1
171 1000006 1.5021820734275 149 1
0
0
1
0
170
connections
0.2631575
step
0.105263
link
1.9
enable
0.210526
bias
0.421052
node
0.475
disable
0.38
done
2
18 1000003 -1.4279610583819 150 1
170 1000002 -1.8134708700827 151 1
0
0
1
0
170
connections
0.2375
step
0.095
link
1.9
enable
0.19
bias
0.421052
node
0.526315
disable
0.421052
done
2
8 1000004 -1.2649922177801 152 1
80 1000004 1.577867976928 153 1
0
0
1
0
170
connections
0.2631575
step
0.105263
link
2.10526
enable
0.210526
bias
0.421052
node
0.475
disable
0.38
done
3
1000004 1000002 0.86642048402356 154 1
114 1000002 0.94369335001679 155 1
170 1000001 0.59932248908963 156 0
0
0
1
0
171
connections
0.2375
step
0.095
link
1.9
enable
0.19
bias
0.38
node
0.526315
disable
0.421052
done
4
160 1000004 -1.871578112125 157 1
41 1000005 1.2255623035371 158 0
41 171 1 159 1
171 1000005 1.2255623035371 160 1
0
0
1
0
171
connections
0.2631575
step
0.095
link
2.10526
enable
0.19
bias
0.38
node
0.475
disable
0.421052
done
5
58 1000006 -1.1940672017579 161 0
23 1000006 1.5757927182836 162 1
170 1000005 0.49616992706076 163 0
58 171 1 164 1
171 1000006 -1.1940672017579 165 1
0
0
1
0
171
connections
0.2375
step
0.105263
link
2.10526
enable
0.210526
bias
0.421052
node
0.526315
disable
0.38
done
4
24 1000005 -1.9196752830592 166 1
132 1000001 1.6085085604419 167 1
132 171 1 168 1
171 1000001 1.6085085604419 169 1
0
0
1
0
171
connections
0.2631575
step
0.105263
link
1.9
enable
0.210526
bias
0.421052
node
0.526315
disable
0.38
done
5
132 1000001 -1.9420148319956 170 1
111 1000001 -0.46552934354686 171 1
170 1000005 1.5355082857753 172 0
170 171 1 173 1
171 1000005 1.5355082857753 174 1
