5
10
38
0
5
1
0
170
connections
0.2631575
step
0.095
link
1.9
enable
0.210526
bias
0.421052
node
0.475
disable
0.38
done
2
134 1000002 -0.098818933683279 22 1
65 1000006 -1.8596148564104 23 0
0
5
1
0
171
connections
0.2631575
step
0.105263
link
1.9
enable
0.19
bias
0.38
node
0.526315
disable
0.38
done
4
35 171 1 26 1
171 1000002 1.3577684865871 27 1
35 1000002 1.3577684865871 25 1
1000005 1000004 0.95675527207251 24 1
0
5
1
0
170
connections
0.2375
step
0.105263
link
1.9
enable
0.210526
bias
0.421052
node
0.526315
disable
0.38
done
2
20 1000002 -0.74373607593005 28 1
170 1000003 0.93234046449171 29 1
0
5
1
0
171
connections
0.2631575
step
0.095
link
1.9
enable
0.19
bias
0.38
node
0.526315
disable
0.421052
done
5
133 171 1 33 1
133 1000002 0.17377239295633 31 0
171 1000002 0.17377239295633 34 1
98 1000003 -1.5449079866939 30 1
170 1000004 0.7848750267037 32 1
0
5
1
0
170
connections
0.2631575
step
0.105263
link
1.9
enable
0.210526
bias
0.421052
node
0.526315
disable
0.421052
done
2
170 1000003 -0.24909207434309 36 1
32 1000006 -0.17023224585711 35 1
0
5
2
0
171
connections
0.2375
step
0.095
link
2.10526
enable
0.19
bias
0.38
node
0.526315
disable
0.421052
done
5
106 171 1 40 1
110 1000002 0.26300851466414 38 1
106 1000005 1.4191717276528 37 0
170 1000005 1.6203497421186 39 1
171 1000005 1.4191717276528 41 1
0
171
connections
0.225625
step
0.09999985
link
1.999997
enable
0.1805
bias
0.3999994
node
0.55401495845
disable
0.44321196676
done
7
106 171 1.0598070333094 40 1
165 171 0.15900143436995 571 1
110 1000002 0.31752975006104 38 1
83 1000002 0.17047639393292 570 1
106 1000005 1.4031464823649 37 0
171 1000005 1.370180437878 41 1
170 1000005 1.6570665057939 39 1
0
5
1
0
170
connections
0.2631575
step
0.095
link
1.9
enable
0.19
bias
0.421052
node
0.526315
disable
0.421052
done
1
27 1000005 1.4709311197241 42 1
0
5
2
0
171
connections
0.2631575
step
0.095
link
2.10526
enable
0.19
bias
0.38
node
0.475
disable
0.421052
done
4
28 171 1 45 1
113 1000002 0.18036439100314 44 0
28 1000004 -1.6826075014496 43 0
171 1000004 -1.6826075014496 46 1
0
171
connections
0.277007479225
step
0.09999985
link
1.999997
enable
0.1805
bias
0.3999994
node
0.49999925
disable
0.44321196676
done
6
28 171 0.97644890156407 45 1
113 1000002 1.5705435346538 44 0
28 1000004 -1.7638140815043 43 0
171 1000004 -1.6065890602237 46 1
46 1000005 -1.2686544389172 521 1
118 1000006 0.022156437879574 522 1
0
5
2
0
171
connections
0.2631575
step
0.095
link
2.10526
enable
0.210526
bias
0.421052
node
0.526315
disable
0.38
done
5
170 171 1 50 1
12 1000002 0.098330637531663 47 1
169 1000003 1.5025482955412 48 1
170 1000005 -1.0916470839564 49 0
171 1000005 -1.0916470839564 51 1
0
171
connections
0.249999625
step
0.09025
link
1.999997
enable
0.1999997
bias
0.44321196676
node
0.55401495845
disable
0.361
done
7
170 171 1 50 1
99 171 0.70992156743065 523 1
21 1000001 -0.420850245674 524 1
12 1000002 0.098330637531663 47 0
169 1000003 1.5025482955412 48 1
171 1000005 -1.0916470839564 51 1
170 1000005 -1.0916470839564 49 0
0
5
1
0
170
connections
0.2375
step
0.095
link
1.9
enable
0.19
bias
0.421052
node
0.526315
disable
0.38
done
2
107 1000001 -1.9764397106845 52 1
18 1000005 1.4529862361522 53 1
0
5
1
0
170
connections
0.2631575
step
0.105263
link
1.9
enable
0.210526
bias
0.421052
node
0.475
disable
0.38
done
2
168 1000005 -1.8886684774316 54 1
10 1000005 -1.4734946745201 55 1
0
5
1
0
170
connections
0.2631575
step
0.095
link
1.9
enable
0.210526
bias
0.421052
node
0.475
disable
0.38
done
2
142 1000002 0.10614337595752 57 0
61 1000004 -0.52974028748436 56 1
0
5
1
0
170
connections
0.2375
step
0.095
link
1.9
enable
0.210526
bias
0.38
node
0.475
disable
0.421052
done
2
40 1000004 -1.557481612598 58 1
24 1000004 1.1524399548326 59 1
0
5
2
0
171
connections
0.2375
step
0.105263
link
1.9
enable
0.210526
bias
0.38
node
0.475
disable
0.421052
done
5
15 171 1 63 1
15 1000005 -0.29279457991272 60 0
171 1000005 -0.29279457991272 64 1
46 1000006 -1.0689413129063 61 1
170 1000006 -1.679555650502 62 1
0
171
connections
0.249999625
step
0.11080299169
link
1.999997
enable
0.1999997
bias
0.3999994
node
0.45125
disable
0.44321196676
done
7
15 171 1.0421712121758 63 1
32 1000001 -0.19025238807337 537 1
95 1000003 -0.77498702963347 538 1
171 1000005 -0.26868756591211 64 1
15 1000005 -0.37168933985776 60 0
170 1000006 -1.5402691732536 62 1
46 1000006 -1.1183422622028 61 1
0
5
1
0
171
connections
0.2375
step
0.095
link
2.10526
enable
0.210526
bias
0.421052
node
0.526315
disable
0.421052
done
4
43 171 1 67 1
1 1000005 1.8192083498642 65 1
43 1000005 -0.97946104312265 66 1
171 1000005 -0.97946104312265 68 1
0
4
2
0
172
connections
0.249999625
step
0.095
link
1.805
enable
0.22160598338
bias
0.44321196676
node
0.49999925
disable
0.361
done
10
170 171 1 173 1
171 172 1 217 1
111 1000001 -0.46552934354686 171 1
132 1000001 -1.9420148319956 170 1
75 1000002 1.1070284127323 214 1
170 1000002 -0.66890469069491 216 1
27 1000004 -1.6506241035188 215 1
170 1000005 1.5355082857753 172 1
171 1000005 1.5355082857753 174 0
172 1000005 1.5355082857753 218 1
0
173
connections
0.23749964375
step
0.09999985
link
1.71475
enable
0.23326910628529
bias
0.46653821257058
node
0.4749992875
disable
0.34295
done
14
170 171 1 173 1
171 172 1 217 0
173 172 1 546 1
171 173 1 545 1
111 1000001 -0.46552934354686 171 1
132 1000001 -1.9420148319956 170 1
170 1000002 -0.66890469069491 216 1
75 1000002 1.1070284127323 214 1
170 1000004 1.3499557481613 544 1
22 1000004 1.1319315164647 543 1
27 1000004 -1.6506241035188 215 1
170 1000005 1.5355082857753 172 1
172 1000005 1.5355082857753 218 1
171 1000005 1.5355082857753 174 1
0
3
2
0
171
connections
0.249999625
step
0.11080299169
link
1.999997
enable
0.22160598338
bias
0.3999994
node
0.49999925
disable
0.3999994
done
7
10 171 1 287 1
170 1000002 -1.0264595477157 286 1
114 1000003 -0.94576860866115 284 1
140 1000004 -0.85189367351299 285 1
168 1000005 -1.8886684774316 54 1
10 1000005 -1.4734946745201 55 0
171 1000005 -1.4734946745201 288 0
0
171
connections
0.26315710526375
step
0.11663455314264
link
2.10525684211
enable
0.23326910628529
bias
0.421051368422
node
0.5263142105275
disable
0.37999943
done
10
10 171 1 287 1
104 1000002 -1.9813226722007 567 1
170 1000002 -1.0264595477157 286 1
114 1000003 -0.94576860866115 284 1
36 1000003 -1.407452620014 568 1
140 1000004 -0.85189367351299 285 1
10 1000005 -1.4734946745201 55 0
168 1000005 -1.8886684774316 54 1
171 1000005 -1.4734946745201 288 1
170 1000006 -0.87777336954863 569 1
0
2
3
0
172
connections
0.249999625
step
0.09999985
link
1.999997
enable
0.22160598338
bias
0.3999994
node
0.55401495845
disable
0.3999994
done
9
43 171 1 67 1
171 172 1 379 1
80 1000004 0.30878627887814 377 1
43 1000005 -0.97946104312265 66 1
1 1000005 1.8192083498642 65 1
172 1000005 -0.97946104312265 380 1
171 1000005 -0.97946104312265 68 0
170 1000006 1.5395367290262 378 1
68 1000006 -0.38935514389477 376 1
0
172
connections
0.23749964375
step
0.1052628421055
link
2.10525684211
enable
0.210525684211
bias
0.37999943
node
0.58317276571322
disable
0.421051368422
done
11
43 171 1 67 1
66 171 -0.89230018005921 547 1
1000002 171 -0.38764610736412 548 0
171 172 1 379 1
80 1000004 0.30878627887814 377 1
1 1000005 1.8192083498642 65 1
172 1000005 -0.97946104312265 380 1
43 1000005 -0.97946104312265 66 1
171 1000005 -0.97946104312265 68 0
68 1000006 -0.38935514389477 376 1
170 1000006 1.5395367290262 378 1
0
172
connections
0.26315710526375
step
0.1052628421055
link
1.89999715
enable
0.23326910628529
bias
0.421051368422
node
0.5263142105275
disable
0.37999943
done
11
43 171 1 67 1
48 171 0.45796075319681 553 1
56 172 0.91207617419965 554 1
171 172 1 379 1
80 1000004 0.30878627887814 377 1
1 1000005 1.8192083498642 65 1
172 1000005 -0.97946104312265 380 1
43 1000005 -0.97946104312265 66 1
171 1000005 -0.97946104312265 68 0
68 1000006 -0.38935514389477 376 1
170 1000006 1.5395367290262 378 1
0
2
2
0
171
connections
0.23749964375
step
0.1052628421055
link
1.71475
enable
0.171475
bias
0.421051368422
node
0.5263142105275
disable
0.37999943
done
8
27 171 1 383 0
98 1000002 -0.16425061799982 335 1
153 1000004 0.62166203802606 381 1
170 1000004 1.3063753166295 337 1
59 1000005 -1.2881862849818 382 1
27 1000005 1.4709311197241 42 0
171 1000005 1.4709311197241 384 1
37 1000006 -1.3793755912961 336 1
0
171
connections
0.24999925000056
step
0.099999700000225
link
1.8049972925
enable
0.16290125
bias
0.3999988000009
node
0.55401412742756
disable
0.3999988000009
done
10
27 171 1 383 0
95 1000001 -0.3595690786462 558 1
98 1000002 -0.16425061799982 335 1
170 1000004 1.3063753166295 337 1
153 1000004 0.62166203802606 381 1
171 1000005 1.4709311197241 384 1
6 1000005 -0.9747001556444 557 1
59 1000005 -1.2881862849818 382 1
27 1000005 1.4709311197241 42 0
37 1000006 -1.3793755912961 336 0
0
1
2
0
170
connections
0.277007479225
step
0.09999985
link
1.999997
enable
0.1999997
bias
0.3999994
node
0.49999925
disable
0.3999994
done
5
142 1000002 0.10614337595752 57 1
170 1000003 1.996215704825 453 0
49 1000004 -1.2326425977355 452 1
61 1000004 -0.52974028748436 56 1
118 1000006 0.45735038300729 451 1
0
171
connections
0.26315710526375
step
0.1052628421055
link
1.89999715
enable
0.189999715
bias
0.37999943
node
0.5263142105275
disable
0.421051368422
done
8
61 171 1 582 1
142 1000002 0.054535125021367 57 1
170 1000003 2.0683901569745 453 0
49 1000004 -1.1414889021044 452 1
171 1000004 -0.47098108935967 583 1
61 1000004 -0.47098108935967 56 0
89 1000006 -1.0810266426588 581 1
118 1000006 0.42304446879957 451 0
0
1
1
0
171
connections
0.225625
step
0.09999985
link
1.999997
enable
0.22160598338
bias
0.361
node
0.45125
disable
0.44321196676
done
6
24 171 1 456 1
84 1000001 -1.9125949888607 454 1
40 1000004 -1.557481612598 58 1
171 1000004 1.1524399548326 457 1
24 1000004 1.1524399548326 59 0
83 1000006 0.48152104251228 455 1
0
1
1
0
172
connections
0.225625
step
0.09999985
link
1.805
enable
0.22160598338
bias
0.3999994
node
0.45125
disable
0.3999994
done
10
15 171 1 63 1
162 171 -0.65767387920774 459 0
172 171 -0.65767387920774 462 1
162 172 1 461 1
170 1000003 -1.7916196172979 460 1
171 1000005 -0.29279457991272 64 1
69 1000005 1.0751670888394 458 1
15 1000005 -0.29279457991272 60 0
46 1000006 -1.0689413129063 61 1
170 1000006 -1.679555650502 62 1
0
1
2
10
171
connections
0.249999625
step
0.09999985
link
1.999997
enable
0.1999997
bias
0.44321196676
node
0.49999925
disable
0.3999994
done
7
60 171 1 494 1
4 1000001 1.2787865840632 491 1
1000003 1000002 -1.3870662556841 21 1
60 1000003 -1.4970549638356 492 0
171 1000003 -1.4970549638356 495 1
122 1000004 -0.29377117221595 20 0
170 1000005 -1.4003723258156 493 1
10
172
connections
0.23749964375
step
0.0949998575
link
1.89999715
enable
0.210525684211
bias
0.421051368422
node
0.4749992875
disable
0.421051368422
done
12
60 171 0.9169682632239 494 0
170 171 1.8607135227515 564 1
172 171 0.9169682632239 566 1
60 172 1 565 1
4 1000001 1.3517115212164 491 1
167 1000001 0.35224463637196 562 1
75 1000001 -1.4335764641255 563 1
1000003 1000002 -1.396439544032 21 1
171 1000003 -1.4496144697936 495 1
60 1000003 -1.4135361523788 492 0
122 1000004 -1.7451094088565 20 0
170 1000005 -1.4790493830066 493 1
0
1
2
0
171
connections
0.277007479225
step
0.09025
link
1.999997
enable
0.1999997
bias
0.3999994
node
0.55401495845
disable
0.44321196676
done
5
109 171 1 498 0
109 1000002 -1.616077150792 497 1
27 1000005 1.4709311197241 42 1
109 1000006 0.1697439497055 496 0
171 1000006 0.1697439497055 499 1
0
171
connections
0.29158638285661
step
0.0857375
link
1.89999715
enable
0.210525684211
bias
0.421051368422
node
0.5263142105275
disable
0.421051368422
done
7
109 171 1 498 0
35 171 -0.44611957152013 549 1
68 1000001 -1.3620410779138 550 1
109 1000002 -1.616077150792 497 1
27 1000005 1.4709311197241 42 1
171 1000006 0.1697439497055 499 1
109 1000006 0.1697439497055 496 0
0
0
1
0
171
connections
0.277007479225
step
0.09025
link
1.805
enable
0.22160598338
bias
0.44321196676
node
0.49999925
disable
0.3999994
done
7
134 171 1 517 1
41 1000001 0.83236182744835 515 1
170 1000002 0.56489761040071 514 1
134 1000002 -0.098818933683279 22 0
171 1000002 -0.098818933683279 518 1
65 1000006 -1.8596148564104 23 1
170 1000006 1.8500930814539 516 1
0
0
1
0
170
connections
0.249999625
step
0.11080299169
link
1.999997
enable
0.22160598338
bias
0.3999994
node
0.49999925
disable
0.3999994
done
4
20 1000002 -0.74373607593005 28 1
170 1000003 0.93234046449171 29 1
28 1000005 -0.83846552934355 520 1
78 1000006 0.47468489638966 519 1
0
0
1
0
170
connections
0.249999625
step
0.105263
link
1.805
enable
0.1805
bias
0.44321196676
node
0.55401495845
disable
0.3999994
done
4
107 1000001 -1.9764397106845 52 1
170 1000002 0.84493545335246 526 1
141 1000005 -1.8174993133335 525 1
18 1000005 1.4529862361522 53 1
0
0
1
0
171
connections
0.277007479225
step
0.11080299169
link
1.999997
enable
0.1999997
bias
0.44321196676
node
0.49999925
disable
0.3999994
done
6
10 171 1 529 0
80 1000004 1.3680227057711 528 1
47 1000004 0.14264351329081 527 1
168 1000005 -1.8886684774316 54 1
10 1000005 -1.4734946745201 55 0
171 1000005 -1.4734946745201 530 1
0
0
1
0
171
connections
0.277007479225
step
0.095
link
1.805
enable
0.1999997
bias
0.3999994
node
0.49999925
disable
0.361
done
4
72 1000001 1.7246009704886 531 1
142 1000002 0.16233390301218 57 1
61 1000004 -0.4458966338084 56 1
31 1000004 -0.77230140079958 532 1
0
0
1
0
171
connections
0.225625
step
0.105263
link
1.805
enable
0.22160598338
bias
0.361
node
0.49999925
disable
0.44321196676
done
6
123 171 1 535 1
130 1000003 0.88778344065676 534 1
40 1000004 -1.557481612598 58 1
123 1000004 -0.71126438184759 533 0
24 1000004 1.1524399548326 59 1
171 1000004 -0.71126438184759 536 1
0
0
1
0
172
connections
0.225625
step
0.095
link
2.2160598338
enable
0.22160598338
bias
0.3999994
node
0.55401495845
disable
0.3999994
done
8
43 171 1 67 1
110 171 -1.0943327127903 539 1
1 172 1 541 1
171 1000005 -0.97946104312265 68 1
1 1000005 1.8192083498642 65 0
43 1000005 -0.97946104312265 66 1
172 1000005 1.8192083498642 542 1
118 1000006 0.50532547990356 540 1
0
0
1
0
170
connections
0.249999625
step
0.09025
link
1.805
enable
0.22160598338
bias
0.3999994
node
0.45125
disable
0.44321196676
done
4
7 1000003 0.87264625995666 552 1
130 1000004 -0.10357982116153 551 1
24 1000004 1.1887333063753 59 1
40 1000004 -1.5340067522202 58 1
0
0
1
0
170
connections
0.225625
step
0.095
link
1.999997
enable
0.1999997
bias
0.3999994
node
0.49999925
disable
0.3999994
done
4
107 1000001 -1.9764397106845 52 1
18 1000005 1.4529862361522 53 1
161 1000006 0.70259712515641 555 1
149 1000006 0.65852839747307 556 1
0
0
1
0
170
connections
0.249999625
step
0.105263
link
1.999997
enable
0.1999997
bias
0.44321196676
node
0.49999925
disable
0.3999994
done
5
134 1000002 -0.098818933683279 22 1
170 1000002 0.64473403118992 561 0
1000003 1000003 1.8266548661763 560 1
7 1000003 0.075746940519425 559 1
65 1000006 -1.8596148564104 23 0
0
0
1
0
170
connections
0.249999625
step
0.095
link
1.999997
enable
0.22160598338
bias
0.3999994
node
0.45125
disable
0.3999994
done
4
40 1000004 -1.557481612598 58 1
24 1000004 1.1524399548326 59 1
92 1000006 -1.4515213476974 572 1
150 1000006 0.33271279030732 573 1
0
0
1
0
170
connections
0.277007479225
step
0.095
link
1.999997
enable
0.1999997
bias
0.3999994
node
0.55401495845
disable
0.44321196676
done
4
60 1000001 0.067690054017762 575 1
170 1000003 -0.24909207434309 36 1
9 1000005 -0.5249794000061 574 1
32 1000006 -0.17023224585711 35 1
0
0
1
0
172
connections
0.225625
step
0.09025
link
1.999997
enable
0.1999997
bias
0.44321196676
node
0.49999925
disable
0.3999994
done
9
43 171 1 67 1
170 171 -0.38471633045442 578 1
142 172 1 579 1
76 1000004 0.9042634357738 577 1
142 1000004 -1.7980895413068 576 0
172 1000004 -1.7980895413068 580 0
171 1000005 -0.97946104312265 68 1
1 1000005 1.8192083498642 65 1
43 1000005 -0.97946104312265 66 1
0
0
1
0
171
connections
0.249999625
step
0.09025
link
1.805
enable
0.1999997
bias
0.3999994
node
0.45125
disable
0.3999994
done
6
62 171 1 586 1
142 1000002 0.13721458326975 57 0
61 1000004 -0.46164584032716 56 1
170 1000006 0.22846156193732 585 0
62 1000006 1.46592608417 584 0
171 1000006 1.46592608417 587 1
