4
0
234
0
4
2
0
170
connections
0.665
step
0.285
link
1.9
enable
0.210526
bias
0.38
node
0.475
disable
0.421052
done
3
70 1000002 0.74654377880184 23 1
86 1000002 0.92513809625538 24 1
170 1000004 -1.8712118900113 25 1
0
170
connections
0.63175
step
0.285
link
1.999997
enable
0.1999997
bias
0.3999994
node
0.45125
disable
0.44321196676
done
5
170 1000001 -0.076113162633137 2511 1
86 1000002 1.0841943113498 24 1
70 1000002 0.91346278267769 23 1
122 1000003 -0.2064882351146 2510 1
170 1000004 -1.4932706686605 25 1
0
4
1
0
170
connections
0.665
step
0.315789
link
2.10526
enable
0.19
bias
0.38
node
0.475
disable
0.421052
done
4
17 1000001 -1.6443983275857 26 0
14 1000001 1.8326364940336 28 1
64 1000001 -0.57502975554674 27 1
170 1000006 0.42268135624256 29 1
0
4
1
0
170
connections
0.665
step
0.285
link
1.9
enable
0.210526
bias
0.421052
node
0.526315
disable
0.38
done
2
91 1000004 -0.33600878933073 31 1
170 1000005 0.93600268562883 30 1
0
4
1
0
170
connections
0.665
step
0.315789
link
2.10526
enable
0.210526
bias
0.38
node
0.526315
disable
0.421052
done
3
62 1000001 1.4003723258156 33 0
154 1000005 1.4767906735435 32 1
170 1000005 -1.7691579943236 34 1
0
4
1
0
170
connections
0.736841
step
0.285
link
1.9
enable
0.210526
bias
0.38
node
0.526315
disable
0.38
done
2
79 1000004 0.90316476943266 35 0
30 1000004 1.5176854762413 36 1
0
4
1
0
171
connections
0.665
step
0.315789
link
2.10526
enable
0.210526
bias
0.421052
node
0.526315
disable
0.421052
done
4
122 171 1 39 1
122 1000001 -0.39436017944884 37 0
171 1000001 -0.39436017944884 40 1
98 1000002 1.6373180333872 38 0
0
4
1
0
171
connections
0.665
step
0.315789
link
2.10526
enable
0.19
bias
0.421052
node
0.475
disable
0.38
done
5
115 171 1 44 1
170 1000001 -1.8607135227515 43 1
171 1000004 -1.5431989501633 45 1
115 1000004 -1.5431989501633 42 0
79 1000006 -1.3892635883663 41 0
0
4
1
0
170
connections
0.736841
step
0.315789
link
1.9
enable
0.210526
bias
0.38
node
0.475
disable
0.421052
done
3
170 1000002 -1.4297921689505 48 1
124 1000002 1.0383007293924 47 1
165 1000004 1.4550614947966 46 1
0
4
1
0
170
connections
0.665
step
0.285
link
1.9
enable
0.19
bias
0.38
node
0.475
disable
0.421052
done
2
59 1000002 1.8542435987426 50 1
66 1000005 -1.9981688894314 49 1
0
4
1
0
171
connections
0.736841
step
0.315789
link
2.10526
enable
0.210526
bias
0.38
node
0.526315
disable
0.421052
done
5
170 171 1 54 1
171 1000002 -0.93710135196997 55 1
170 1000002 -0.93710135196997 53 0
131 1000003 -0.47871333964049 52 1
53 1000006 -1.7260658589434 51 1
0
4
1
0
170
connections
0.665
step
0.315789
link
2.10526
enable
0.19
bias
0.38
node
0.475
disable
0.38
done
2
75 1000002 0.92538224433119 57 0
57 1000004 -0.50068666646321 56 1
0
4
1
0
170
connections
0.736841
step
0.315789
link
2.10526
enable
0.19
bias
0.38
node
0.475
disable
0.421052
done
2
25 1000003 0.5707571642201 58 1
89 1000006 1.8736533707694 59 1
0
4
1
0
170
connections
0.665
step
0.315789
link
2.10526
enable
0.19
bias
0.38
node
0.526315
disable
0.38
done
3
9 1000001 0.69856868190558 60 1
160 1000003 -1.0939664906766 61 1
170 1000006 1.1617175817133 62 1
0
4
1
0
170
connections
0.665
step
0.285
link
1.9
enable
0.210526
bias
0.38
node
0.475
disable
0.38
done
2
26 1000002 -0.33564256721702 63 1
41 1000006 -0.53340250862148 64 1
0
4
2
0
171
connections
0.736841
step
0.315789
link
2.10526
enable
0.19
bias
0.421052
node
0.475
disable
0.38
done
6
81 171 1 69 1
27 1000001 0.37336344492935 67 1
170 1000002 -0.66914883877071 68 1
94 1000003 0.21185949278237 65 1
81 1000004 -0.22687459944456 66 0
171 1000004 -0.22687459944456 70 1
0
172
connections
0.69999895
step
0.33240897507
link
2.2160598338
enable
0.1999997
bias
0.3999994
node
0.49999925
disable
0.3999994
done
10
81 171 1.0158357618972 69 1
27 1000001 0.48768324045728 67 1
170 1000002 -0.60772312558218 68 0
94 1000003 -0.011900532948362 65 1
81 1000004 0.055014135876647 66 0
171 1000004 -0.11083021741918 70 1
76 171 1.2067629016999 2536 1
49 1000006 -0.59309671315653 2537 1
170 172 1 2538 1
172 1000002 -0.60772312558218 2539 1
0
4
1
0
171
connections
0.736841
step
0.285
link
2.10526
enable
0.19
bias
0.38
node
0.526315
disable
0.421052
done
4
92 171 1 73 1
43 1000004 -0.97140415662099 72 1
92 1000004 1.2680440687277 71 0
171 1000004 1.2680440687277 74 0
0
4
1
0
170
connections
0.665
step
0.315789
link
1.9
enable
0.19
bias
0.38
node
0.526315
disable
0.38
done
2
120 1000001 -0.65865047151097 75 1
29 1000003 -0.12750633259072 76 0
0
4
1
0
171
connections
0.665
step
0.285
link
1.9
enable
0.19
bias
0.421052
node
0.475
disable
0.38
done
5
168 171 1 80 1
168 1000003 1.0059511093478 78 0
171 1000003 1.0059511093478 81 1
23 1000003 0.89950254829554 77 0
170 1000005 -1.9324930570391 79 1
0
4
2
0
171
connections
0.665
step
0.285
link
1.9
enable
0.19
bias
0.421052
node
0.475
disable
0.38
done
5
42 171 1 85 1
145 1000004 -0.83626819666128 83 1
171 1000004 0.39106418042543 86 1
42 1000004 0.39106418042543 82 1
170 1000005 -0.54585406048769 84 1
0
171
connections
0.6649990025
step
0.285
link
1.89999715
enable
0.210525684211
bias
0.421051368422
node
0.4749992875
disable
0.421051368422
done
9
42 171 1.2287084337901 85 1
56 171 -0.48323007904294 2041 1
133 1000001 -0.63191625721 2040 1
145 1000004 -0.72421519363994 83 1
171 1000004 0.63000206762902 86 1
42 1000004 0.45109405041658 82 1
170 1000005 -0.42715769676809 84 1
18 1000001 -1.8676717429121 2552 1
49 171 -0.93026520584735 2553 1
0
4
2
0
171
connections
0.736841
step
0.315789
link
1.9
enable
0.210526
bias
0.421052
node
0.526315
disable
0.421052
done
5
158 171 1 90 1
158 1000003 0.053041169469283 88 0
171 1000003 0.053041169469283 91 1
57 1000004 1.9665517136143 87 1
170 1000005 -0.3964354380932 89 1
0
172
connections
0.77562094183
step
0.285
link
1.805
enable
0.1999997
bias
0.44321196676
node
0.49999925
disable
0.44321196676
done
8
158 171 1 90 1
158 1000003 0.053041169469283 88 0
171 1000003 0.053041169469283 91 0
57 1000004 1.9665517136143 87 1
170 1000005 -0.3964354380932 89 0
1000001 1000002 0.97274697103793 2554 1
171 172 1 2555 1
172 1000003 0.053041169469283 2556 1
0
4
1
0
171
connections
0.736841
step
0.315789
link
2.10526
enable
0.210526
bias
0.38
node
0.475
disable
0.421052
done
5
75 171 1 95 1
45 1000001 1.3635059663686 93 1
171 1000003 -0.83944212164678 96 1
75 1000003 -0.83944212164678 92 0
163 1000004 1.3736381115146 94 1
0
4
1
0
170
connections
0.736841
step
0.285
link
1.9
enable
0.210526
bias
0.38
node
0.475
disable
0.421052
done
2
61 1000002 1.767326883755 97 1
56 1000006 1.4680013428144 98 1
0
4
1
0
170
connections
0.736841
step
0.315789
link
2.10526
enable
0.210526
bias
0.421052
node
0.475
disable
0.38
done
2
106 1000003 0.35224463637196 100 1
1000003 1000006 -0.093447676015503 99 1
0
4
1
0
170
connections
0.736841
step
0.315789
link
1.9
enable
0.210526
bias
0.38
node
0.475
disable
0.38
done
3
170 1000003 1.7894222846156 103 0
1000006 1000003 -1.0967741935484 102 1
126 1000004 1.3936582537309 101 1
0
4
2
0
171
connections
0.665
step
0.315789
link
1.9
enable
0.210526
bias
0.38
node
0.526315
disable
0.38
done
5
145 171 1 107 0
40 1000003 1.1227759636219 105 1
171 1000003 0.40534684286019 108 1
145 1000003 0.40534684286019 104 0
170 1000005 -1.1086153752251 106 1
0
171
connections
0.63175
step
0.315789
link
1.805
enable
0.22160598338
bias
0.361
node
0.55401495845
disable
0.361
done
7
145 171 0.92449089587085 107 0
40 1000003 1.3006343575854 105 1
171 1000003 0.52642161952574 108 1
145 1000003 0.52738536048463 104 1
170 1000005 -1.4099675356609 106 1
2 1000001 0.58748130741295 2571 1
80 1000005 -0.41523483993042 2572 1
0
4
3
0
171
connections
0.736841
step
0.285
link
1.9
enable
0.210526
bias
0.421052
node
0.475
disable
0.421052
done
5
10 171 1 112 1
10 1000001 0.49409466841639 110 0
171 1000001 0.49409466841639 113 1
170 1000004 -1.7132480849635 111 1
80 1000005 1.2967314676351 109 1
0
171
connections
0.69999895
step
0.27075
link
1.805
enable
0.1999997
bias
0.44321196676
node
0.49999925
disable
0.44321196676
done
7
10 171 1 112 1
10 1000001 0.49409466841639 110 0
171 1000001 0.49409466841639 113 1
170 1000004 -1.7132480849635 111 1
80 1000005 1.2967314676351 109 1
95 1000004 -0.11420026245918 2573 0
157 1000006 -1.1864986114078 2574 1
0
171
connections
0.69999895
step
0.27075
link
1.805
enable
0.22160598338
bias
0.3999994
node
0.49999925
disable
0.44321196676
done
7
10 171 1 112 1
10 1000001 0.49409466841639 110 1
171 1000001 0.49409466841639 113 1
170 1000004 -1.7132480849635 111 1
80 1000005 1.2967314676351 109 1
75 1000003 1.060396130253 2770 1
59 1000002 1.7560960722678 2771 1
0
4
1
0
171
connections
0.665
step
0.285
link
1.9
enable
0.19
bias
0.421052
node
0.475
disable
0.38
done
4
53 171 1 116 1
87 1000004 -1.271462141789 115 1
53 1000006 0.075258644367809 114 0
171 1000006 0.075258644367809 117 1
0
4
1
0
170
connections
0.736841
step
0.315789
link
1.9
enable
0.19
bias
0.38
node
0.526315
disable
0.421052
done
3
170 1000001 -1.0748008667257 120 1
125 1000004 0.092715231788079 119 1
49 1000004 -0.049623096407971 118 0
0
4
1
0
171
connections
0.736841
step
0.285
link
2.10526
enable
0.19
bias
0.421052
node
0.475
disable
0.38
done
4
42 171 1 123 1
171 1000004 -0.53230384228034 124 1
42 1000004 -0.53230384228034 121 0
94 1000005 0.62080751976074 122 1
0
4
1
0
170
connections
0.736841
step
0.285
link
2.10526
enable
0.19
bias
0.38
node
0.526315
disable
0.38
done
4
170 1000001 -0.11371196630757 128 1
131 1000001 -0.8829004791406 127 1
4 1000003 0.80391857661672 126 1
32 1000004 -0.98373363444929 125 1
0
4
1
0
170
connections
0.665
step
0.285
link
1.9
enable
0.19
bias
0.38
node
0.526315
disable
0.38
done
2
103 1000001 -0.82296212652974 129 1
156 1000003 -0.39533677175207 130 1
0
4
1
0
170
connections
0.736841
step
0.315789
link
1.9
enable
0.210526
bias
0.38
node
0.475
disable
0.38
done
2
125 1000002 -1.0368358409375 131 1
130 1000003 0.47749259926145 132 0
0
4
1
0
170
connections
0.736841
step
0.285
link
1.9
enable
0.19
bias
0.421052
node
0.475
disable
0.38
done
2
119 1000002 1.8480178228095 133 0
1000006 1000005 -0.41364787743767 134 1
0
4
1
0
171
connections
0.736841
step
0.315789
link
1.9
enable
0.19
bias
0.421052
node
0.526315
disable
0.421052
done
4
116 171 1 137 1
116 1000001 -0.76558732871487 136 1
171 1000001 -0.76558732871487 138 1
3 1000005 -1.9395733512375 135 1
0
4
1
0
171
connections
0.665
step
0.315789
link
2.10526
enable
0.210526
bias
0.38
node
0.475
disable
0.421052
done
4
1000001 171 1 141 1
65 1000001 1.71520126957 139 1
1000001 1000002 -0.57673879207739 140 0
171 1000002 -0.57673879207739 142 1
0
4
1
0
170
connections
0.736841
step
0.315789
link
1.9
enable
0.210526
bias
0.38
node
0.526315
disable
0.421052
done
3
170 1000001 1.1426740318003 145 1
72 1000006 1.7648854029969 144 1
52 1000006 0.89889217810602 143 1
0
4
1
0
171
connections
0.736841
step
0.285
link
1.9
enable
0.19
bias
0.421052
node
0.526315
disable
0.38
done
3
88 171 1 147 0
88 1000001 -1.0466017639698 146 0
171 1000001 -1.0466017639698 148 1
0
4
2
0
170
connections
0.665
step
0.315789
link
1.9
enable
0.210526
bias
0.38
node
0.526315
disable
0.38
done
2
129 1000006 -1.4874111148412 149 1
16 1000006 -0.8155156102176 150 1
0
170
connections
0.63175
step
0.315789
link
1.805
enable
0.22160598338
bias
0.3999994
node
0.55401495845
disable
0.361
done
3
129 1000006 -1.6402507935118 149 1
16 1000006 -1.0023175202795 150 0
133 1000002 -0.28998687704093 2971 1
0
4
1
0
171
connections
0.736841
step
0.315789
link
2.10526
enable
0.210526
bias
0.421052
node
0.475
disable
0.38
done
5
170 171 1 154 1
159 1000003 0.38801232947783 152 1
170 1000003 0.65608691671499 153 0
171 1000003 0.65608691671499 155 1
76 1000006 0.36066774498733 151 1
0
4
1
0
170
connections
0.665
step
0.315789
link
2.10526
enable
0.210526
bias
0.38
node
0.526315
disable
0.38
done
2
133 1000001 -0.9748222296823 157 1
118 1000003 1.4664143803217 156 0
0
4
1
0
170
connections
0.736841
step
0.315789
link
2.10526
enable
0.210526
bias
0.38
node
0.475
disable
0.421052
done
2
69 1000001 -0.96298104800562 159 1
67 1000002 0.56367687002167 158 1
0
4
2
0
170
connections
0.736841
step
0.315789
link
2.10526
enable
0.19
bias
0.38
node
0.475
disable
0.421052
done
3
67 1000001 -1.397320474868 160 1
143 1000001 -0.47627185888241 161 1
170 1000001 -0.81405072176275 162 1
0
170
connections
0.69999895
step
0.315789
link
1.999997
enable
0.1999997
bias
0.361
node
0.45125
disable
0.44321196676
done
5
67 1000001 -1.397320474868 160 1
143 1000001 -0.47627185888241 161 1
170 1000001 -0.81405072176275 162 1
63 1000002 1.5535752433851 2960 1
62 1000003 -0.82613605151524 2961 1
0
4
1
0
170
connections
0.736841
step
0.285
link
1.9
enable
0.210526
bias
0.421052
node
0.475
disable
0.38
done
2
90 1000002 0.75289162877285 164 0
93 1000006 -0.13531907101657 163 1
0
4
1
0
170
connections
0.736841
step
0.285
link
1.9
enable
0.19
bias
0.38
node
0.475
disable
0.38
done
2
95 1000001 -1.8049256874294 165 1
170 1000001 -1.9973143711661 166 1
0
4
3
0
170
connections
0.736841
step
0.315789
link
2.10526
enable
0.210526
bias
0.38
node
0.475
disable
0.421052
done
3
170 1000001 -1.3636280404065 168 1
170 1000002 1.3600878933073 169 1
166 1000005 1.3520310068056 167 0
0
170
connections
0.69999895
step
0.29999955
link
1.999997
enable
0.1999997
bias
0.3999994
node
0.49999925
disable
0.44321196676
done
5
170 1000001 -1.5033690338343 168 1
170 1000002 1.5427866762368 169 1
166 1000005 1.2338633381146 167 0
115 1000002 -1.1832026123844 2823 1
50 1000003 -1.6895657216102 2824 1
0
170
connections
0.69999895
step
0.29999955
link
2.2160598338
enable
0.22160598338
bias
0.3999994
node
0.45125
disable
0.44321196676
done
5
170 1000001 -1.3715109595798 168 1
170 1000002 1.5999721735145 169 1
166 1000005 1.6348913875927 167 0
18 1000003 -1.352885525071 3015 1
7 1000004 0.58943449201941 3016 1
0
4
1
0
170
connections
0.736841
step
0.315789
link
1.9
enable
0.19
bias
0.38
node
0.526315
disable
0.421052
done
2
118 1000003 -1.0304879909665 170 1
127 1000006 1.6422009949034 171 0
0
4
1
0
170
connections
0.736841
step
0.285
link
2.10526
enable
0.210526
bias
0.421052
node
0.526315
disable
0.421052
done
3
170 1000001 -1.874141666921 174 1
20 1000005 -1.8192083498642 173 1
81 1000005 -0.81746879482406 172 1
0
4
1
0
170
connections
0.736841
step
0.315789
link
1.9
enable
0.210526
bias
0.38
node
0.526315
disable
0.421052
done
2
111 1000003 1.5799432355724 175 1
80 1000005 1.5136570329905 176 0
0
4
1
0
171
connections
0.665
step
0.315789
link
2.10526
enable
0.210526
bias
0.38
node
0.526315
disable
0.421052
done
5
170 171 1 180 1
171 1000001 1.9508041627247 181 1
170 1000001 1.9508041627247 179 1
158 1000001 -0.3993652150029 177 1
66 1000002 1.77111117893 178 1
0
4
1
0
171
connections
0.736841
step
0.285
link
2.10526
enable
0.210526
bias
0.38
node
0.526315
disable
0.38
done
5
114 171 1 185 1
13 1000005 -0.80098879970702 182 1
114 1000006 0.65303506576739 183 0
170 1000006 -0.37836848048341 184 0
171 1000006 0.65303506576739 186 1
0
4
1
0
170
connections
0.736841
step
0.285
link
1.9
enable
0.19
bias
0.38
node
0.475
disable
0.421052
done
2
123 1000003 0.3535874507889 187 1
23 1000006 -1.6380504776147 188 1
0
4
1
0
170
connections
0.665
step
0.285
link
1.9
enable
0.210526
bias
0.38
node
0.526315
disable
0.421052
done
3
79 1000001 -1.0429395428327 190 1
170 1000004 1.8732871486557 191 1
88 1000006 -1.8210394604328 189 0
0
4
1
0
170
connections
0.665
step
0.315789
link
1.9
enable
0.210526
bias
0.38
node
0.526315
disable
0.38
done
2
51 1000002 1.087130344554 193 1
68 1000006 0.8738670003357 192 0
0
4
1
0
170
connections
0.665
step
0.315789
link
2.10526
enable
0.19
bias
0.421052
node
0.526315
disable
0.38
done
3
38 1000001 -0.68233283486435 194 1
30 1000001 1.477401043733 195 1
170 1000005 0.120792260506 196 1
0
4
1
0
171
connections
0.736841
step
0.285
link
1.9
enable
0.210526
bias
0.421052
node
0.526315
disable
0.38
done
3
29 171 1 198 1
29 1000004 -0.95870845667898 197 1
171 1000004 -0.95870845667898 199 0
0
4
1
0
171
connections
0.665
step
0.315789
link
1.9
enable
0.210526
bias
0.38
node
0.475
disable
0.38
done
4
54 171 1 202 1
44 1000002 1.2822046571245 200 1
54 1000005 -0.58516190069277 201 0
171 1000005 -0.58516190069277 203 1
0
4
2
0
171
connections
0.736841
step
0.285
link
1.9
enable
0.210526
bias
0.38
node
0.526315
disable
0.38
done
4
112 171 1 206 1
29 1000004 -1.9971922971282 205 1
112 1000005 1.9857173375652 204 1
171 1000005 1.9857173375652 207 1
0
171
connections
0.69999895
step
0.27075
link
1.805
enable
0.22160598338
bias
0.3999994
node
0.55401495845
disable
0.361
done
6
112 171 1.0786213644826 206 1
29 1000004 -1.7930576876125 205 1
112 1000005 2.0759563203833 204 1
171 1000005 2.1634437620167 207 1
50 1000003 1.2474135563219 2858 1
152 1000004 0.82198553422651 2859 1
0
4
1
0
171
connections
0.736841
step
0.285
link
2.10526
enable
0.19
bias
0.421052
node
0.526315
disable
0.38
done
4
170 171 1 210 1
171 1000002 0.027283547471542 211 0
170 1000002 0.027283547471542 208 0
24 1000004 -0.49372844630268 209 1
0
4
2
0
170
connections
0.665
step
0.285
link
1.9
enable
0.210526
bias
0.421052
node
0.526315
disable
0.38
done
2
10 1000002 0.301339762566 212 1
54 1000003 0.89657277138585 213 1
0
170
connections
0.63175
step
0.27075
link
1.805
enable
0.22160598338
bias
0.3999994
node
0.49999925
disable
0.361
done
3
10 1000002 -0.79610583819086 212 1
54 1000003 0.83841031373028 213 0
38 1000003 -0.64522232734153 2825 1
0
4
1
0
170
connections
0.665
step
0.315789
link
1.9
enable
0.210526
bias
0.421052
node
0.526315
disable
0.421052
done
1
81 1000003 1.9193090609455 214 1
0
4
2
0
171
connections
0.665
step
0.285
link
1.9
enable
0.19
bias
0.421052
node
0.475
disable
0.38
done
4
65 171 1 217 1
65 1000003 -0.70796838282418 216 0
171 1000003 -0.70796838282418 218 0
76 1000006 -0.0073854792931913 215 1
0
171
connections
0.69999895
step
0.29999955
link
1.805
enable
0.1999997
bias
0.44321196676
node
0.49999925
disable
0.3999994
done
6
65 171 1 217 1
65 1000003 -0.70796838282418 216 0
171 1000003 -0.70796838282418 218 0
76 1000006 -0.0073854792931913 215 1
89 1000004 -1.9642323068941 2583 1
114 1000005 1.0677205725272 2584 1
0
4
1
0
170
connections
0.736841
step
0.285
link
2.10526
enable
0.19
bias
0.421052
node
0.526315
disable
0.38
done
3
138 1000001 0.27607043671987 220 1
3 1000002 -0.38288521988586 219 1
170 1000003 0.95699942014832 221 1
0
4
3
0
171
connections
0.736841
step
0.315789
link
2.10526
enable
0.19
bias
0.421052
node
0.475
disable
0.38
done
5
170 171 1 225 1
1000006 1000001 0.54560991241188 223 1
170 1000002 -1.510483108005 224 0
171 1000002 -1.510483108005 226 1
91 1000006 0.57161168248543 222 1
0
172
connections
0.77562094183
step
0.29999955
link
1.999997
enable
0.1999997
bias
0.44321196676
node
0.45125
disable
0.3999994
done
7
170 171 0.91195118038423 225 1
1000006 1000001 0.97872859889523 223 0
170 1000002 0.8738670003357 224 1
171 1000002 -1.474767349939 226 1
91 1000006 0.87146474385968 222 1
68 1000001 1.2175054170354 2589 1
140 1000005 -0.4972685934019 2590 1
0
171
connections
0.77562094183
step
0.33240897507
link
2.2160598338
enable
0.1805
bias
0.44321196676
node
0.49999925
disable
0.3999994
done
8
170 171 0.80273773857124 225 1
1000006 1000001 0.52595977096742 223 1
170 1000002 -1.1950765268746 224 1
171 1000002 -1.3200583248073 226 1
91 1000006 0.89659479098994 222 1
98 1000006 0.010803552354503 3017 1
16 171 0.29999694814905 3018 1
48 1000005 -1.2876979888302 3019 1
0
4
1
0
170
connections
0.665
step
0.285
link
2.10526
enable
0.19
bias
0.38
node
0.475
disable
0.38
done
2
149 1000001 1.8015076143681 228 1
149 1000003 -1.3079622791223 227 1
0
4
2
0
171
connections
0.665
step
0.315789
link
2.10526
enable
0.210526
bias
0.421052
node
0.475
disable
0.421052
done
4
1 171 1 231 1
60 1000003 0.94698934904019 229 1
1 1000006 -0.87423322244942 230 0
171 1000006 -0.87423322244942 232 0
0
171
connections
0.63175
step
0.29999955
link
1.999997
enable
0.22160598338
bias
0.44321196676
node
0.49999925
disable
0.3999994
done
7
1 171 1.008029407799 231 1
60 1000003 0.88862278721732 229 1
1 1000006 -0.64264386067537 230 0
171 1000006 -0.62834290858638 232 0
83 1000006 1.8383739738151 2597 1
123 1000002 -0.5707571642201 2598 1
170 1000003 -1.9533677175207 2599 1
0
4
1
0
170
connections
0.665
step
0.315789
link
2.10526
enable
0.19
bias
0.421052
node
0.526315
disable
0.421052
done
3
4 1000002 -1.2118900112918 233 1
124 1000003 1.7302163762322 234 1
170 1000004 -1.3570360423597 235 1
0
4
2
0
171
connections
0.736841
step
0.285
link
2.10526
enable
0.210526
bias
0.421052
node
0.475
disable
0.421052
done
4
158 171 1 238 1
92 1000002 -1.3663136692404 236 0
158 1000003 -1.5599230933561 237 1
171 1000003 -1.5599230933561 239 1
0
171
connections
0.77562094183
step
0.29999955
link
2.2160598338
enable
0.22160598338
bias
0.3999994
node
0.45125
disable
0.3999994
done
6
158 171 1.0011810645451 238 0
92 1000002 -1.636008384788 236 0
158 1000003 -1.6385783298456 237 1
171 1000003 -1.7295111442808 239 1
117 1000003 -0.17865535447249 2605 1
134 1000003 -1.445661793878 2606 1
0
4
2
0
170
connections
0.736841
step
0.315789
link
2.10526
enable
0.210526
bias
0.421052
node
0.526315
disable
0.38
done
4
69 1000001 1.3141880550554 240 0
45 1000003 -1.8536332285531 242 1
170 1000004 -0.37458418530839 243 1
1 1000006 1.3928037354656 241 1
0
171
connections
0.69999895
step
0.33240897507
link
2.2160598338
enable
0.1999997
bias
0.44321196676
node
0.49999925
disable
0.361
done
6
69 1000001 1.3141880550554 240 0
45 1000003 -1.8536332285531 242 1
170 1000004 -0.37458418530839 243 1
1 1000006 1.3928037354656 241 1
92 1000004 1.9322489089633 2607 0
48 1000002 0.1850032044435 2608 1
0
4
1
0
170
connections
0.736841
step
0.285
link
2.10526
enable
0.19
bias
0.38
node
0.526315
disable
0.38
done
2
2 1000003 1.5043794061098 244 1
91 1000006 1.4565263832514 245 1
0
4
2
0
171
connections
0.665
step
0.285
link
1.9
enable
0.19
bias
0.421052
node
0.526315
disable
0.421052
done
5
170 171 1 249 1
171 1000003 0.14557329020051 250 1
170 1000003 0.14557329020051 248 0
1000003 1000004 0.88973662526322 246 1
48 1000006 0.076113162633137 247 1
0
171
connections
0.63175
step
0.27075
link
1.999997
enable
0.1999997
bias
0.44321196676
node
0.49999925
disable
0.3999994
done
7
170 171 1.0200540253914 249 1
171 1000003 0.19638177892392 250 1
170 1000003 -0.098520638142033 248 0
1000003 1000004 0.68284221167638 246 1
48 1000006 0.19512351603748 247 1
49 1000004 -1.6456190679647 2614 1
149 1000006 -0.53926206244087 2615 1
0
4
2
0
171
connections
0.736841
step
0.315789
link
2.10526
enable
0.210526
bias
0.421052
node
0.475
disable
0.421052
done
4
61 171 1 253 1
171 1000001 1.6317026276437 254 1
61 1000001 1.6317026276437 251 0
108 1000002 1.4145329142125 252 1
0
171
connections
0.77562094183
step
0.315789
link
2.2160598338
enable
0.1999997
bias
0.3999994
node
0.45125
disable
0.3999994
done
7
61 171 0.9216574974517 253 1
171 1000001 1.5030142974029 254 1
61 1000001 1.572287997528 251 0
108 1000002 1.5127477553331 252 1
108 1000006 0.74422437208167 2767 1
1 1000004 1.7884456923124 2768 1
170 1000002 -0.13898129215369 2769 1
0
4
2
0
171
connections
0.665
step
0.285
link
2.10526
enable
0.19
bias
0.421052
node
0.475
disable
0.38
done
4
90 171 1 257 1
90 1000002 -1.7205725272378 256 0
171 1000002 -1.7205725272378 258 0
151 1000006 -1.5195165868099 255 1
0
171
connections
0.69999895
step
0.315789
link
1.999997
enable
0.1999997
bias
0.3999994
node
0.45125
disable
0.361
done
7
90 171 0.99918082018494 257 1
90 1000002 -1.7000159325846 256 0
171 1000002 -1.7069741423078 258 0
151 1000006 -1.317873065981 255 1
39 1000002 0.17242957853938 2621 1
1000002 1000006 1.6747947630238 2622 1
170 1000005 -0.20282601397748 2623 1
0
4
2
0
171
connections
0.665
step
0.285
link
2.10526
enable
0.210526
bias
0.38
node
0.526315
disable
0.421052
done
4
145 171 1 261 1
145 1000001 1.2111575670644 260 1
171 1000001 1.2111575670644 262 1
6 1000002 1.5678579058199 259 1
0
171
connections
0.63175
step
0.29999955
link
1.999997
enable
0.22160598338
bias
0.3999994
node
0.49999925
disable
0.3999994
done
6
145 171 0.97647942002777 261 1
145 1000001 1.2620165868175 260 1
171 1000001 1.0775141626835 262 1
6 1000002 1.6324350718711 259 1
6 1000005 1.8060243537706 2624 1
54 1000006 0.20001831110569 2625 1
0
4
2
0
171
connections
0.736841
step
0.315789
link
1.9
enable
0.210526
bias
0.38
node
0.526315
disable
0.421052
done
4
98 171 1 265 1
156 1000001 0.85567796868801 263 0
98 1000003 -1.9482406079287 264 0
171 1000003 -1.9482406079287 266 1
0
172
connections
0.77562094183
step
0.315789
link
1.805
enable
0.22160598338
bias
0.361
node
0.49999925
disable
0.44321196676
done
7
98 171 1.2461490783105 265 1
156 1000001 0.9840193521836 263 0
98 1000003 -1.9939508416089 264 0
171 1000003 -1.7099749306619 266 1
1000006 1000005 -1.6132694479202 2626 1
84 1000004 0.063539536729026 2627 1
170 1000001 1.1318094424268 2628 1
0
4
2
0
170
connections
0.665
step
0.285
link
2.10526
enable
0.19
bias
0.421052
node
0.475
disable
0.421052
done
3
170 1000004 1.1243629261147 269 1
30 1000006 1.2476577043977 268 1
67 1000006 1.7293618579669 267 1
0
170
connections
0.69999895
step
0.29999955
link
1.999997
enable
0.1805
bias
0.44321196676
node
0.49999925
disable
0.3999994
done
5
170 1000004 1.0326518908551 269 1
30 1000006 1.4241307207327 268 1
67 1000006 1.6971068936842 267 1
132 1000004 -0.72041993469039 2629 1
55 1000002 1.724112674337 2630 1
0
4
2
0
171
connections
0.665
step
0.285
link
1.9
enable
0.210526
bias
0.38
node
0.475
disable
0.38
done
4
79 171 1 272 1
171 1000001 1.5394146549883 273 1
79 1000001 1.5394146549883 270 1
170 1000005 0.034607989745781 271 1
0
171
connections
0.69999895
step
0.27075
link
1.999997
enable
0.1999997
bias
0.3999994
node
0.49999925
disable
0.361
done
6
79 171 1.0991575596484 272 1
171 1000001 1.7777698382214 273 1
79 1000001 1.4082124565874 270 1
170 1000005 -0.078337405011139 271 1
163 1000002 0.3413800469985 2631 1
18 1000002 -0.52546769615772 2632 1
0
4
3
0
171
connections
0.736841
step
0.285
link
1.9
enable
0.210526
bias
0.421052
node
0.526315
disable
0.421052
done
5
116 171 1 277 1
170 1000001 1.8503372295297 276 1
116 1000003 -1.6794335764641 275 1
171 1000003 -1.6794335764641 278 1
48 1000005 -0.72737815485092 274 1
0
172
connections
0.77562094183
step
0.29999955
link
1.999997
enable
0.22160598338
bias
0.44321196676
node
0.55401495845
disable
0.44321196676
done
9
116 171 0.97748652932981 277 1
170 1000001 1.6884581425352 276 1
116 1000003 -1.6135960947279 275 1
171 1000003 -0.96823023163549 278 1
48 1000005 -0.89489705393689 274 1
65 171 1.0737022003845 2633 1
40 1000002 -1.4157536545915 2634 0
40 172 1 2635 1
172 1000002 -1.4157536545915 2636 1
0
171
connections
0.69999895
step
0.27075
link
1.805
enable
0.22160598338
bias
0.3999994
node
0.55401495845
disable
0.3999994
done
7
116 171 1.1018400753807 277 1
170 1000001 1.7256420102542 276 1
116 1000003 -1.9060267113254 275 1
171 1000003 -1.4811656163213 278 1
48 1000005 1.1857661671804 274 1
16 1000005 1.4256416516617 2951 1
3 1000004 1.2509537034211 2952 0
0
4
1
0
170
connections
0.736841
step
0.315789
link
2.10526
enable
0.19
bias
0.38
node
0.475
disable
0.421052
done
2
137 1000004 -0.81795709097568 279 1
162 1000004 -1.496444593646 280 0
0
4
2
0
171
connections
0.736841
step
0.315789
link
2.10526
enable
0.19
bias
0.38
node
0.526315
disable
0.421052
done
5
76 171 1 284 1
76 1000002 0.3319803460799 281 0
171 1000002 0.3319803460799 285 1
170 1000004 -0.53254799035615 283 1
146 1000005 -1.6141239661855 282 1
0
171
connections
0.77562094183
step
0.29999955
link
2.2160598338
enable
0.1999997
bias
0.3999994
node
0.55401495845
disable
0.44321196676
done
8
76 171 0.80331155331126 284 1
76 1000002 0.59870866695608 281 0
171 1000002 0.060802433196509 285 1
170 1000004 -0.29163828976867 283 1
146 1000005 -1.4121985511261 282 1
27 1000006 0.42329172643208 2641 1
165 1000001 -1.6905423139134 2642 1
170 1000002 -0.55354472487564 2643 0
0
4
1
0
170
connections
0.736841
step
0.285
link
1.9
enable
0.19
bias
0.38
node
0.475
disable
0.38
done
2
152 1000002 1.2554704428236 287 1
143 1000003 1.2453382976775 286 1
0
4
2
0
171
connections
0.665
step
0.285
link
1.9
enable
0.210526
bias
0.38
node
0.526315
disable
0.421052
done
4
92 171 1 290 1
171 1000001 1.3737601855525 291 1
92 1000001 1.3737601855525 288 0
1000005 1000002 -0.1362956633198 289 1
0
172
connections
0.69999895
step
0.29999955
link
1.805
enable
0.22160598338
bias
0.361
node
0.49999925
disable
0.3999994
done
7
92 171 1.2803883852275 290 1
171 1000001 1.5157351305231 291 1
92 1000001 1.3365612301508 288 1
1000005 1000002 -0.078441811687063 289 1
47 1000006 -1.5555284279916 2790 1
39 1000006 1.9160130619221 2791 1
170 1000001 0.71907712027345 2792 1
0
4
2
0
171
connections
0.665
step
0.285
link
1.9
enable
0.19
bias
0.421052
node
0.526315
disable
0.421052
done
4
109 171 1 294 1
128 1000001 0.48091067232276 293 1
109 1000002 1.8397167882321 292 0
171 1000002 1.8397167882321 295 1
0
171
connections
0.69999895
step
0.315789
link
1.805
enable
0.1805
bias
0.44321196676
node
0.55401495845
disable
0.3999994
done
6
109 171 1.1749478962676 294 1
128 1000001 0.63843413205359 293 1
109 1000002 1.5696091096835 292 0
171 1000002 2.0762091821345 295 1
167 1000002 -1.2266609698782 2655 1
30 1000004 -0.31257057405316 2656 1
0
4
1
0
170
connections
0.736841
step
0.315789
link
2.10526
enable
0.19
bias
0.421052
node
0.526315
disable
0.38
done
2
1000001 1000004 0.77095858638264 297 1
12 1000005 0.127140110477 296 1
0
4
3
0
171
connections
0.665
step
0.285
link
2.10526
enable
0.210526
bias
0.421052
node
0.526315
disable
0.421052
done
4
102 171 1 300 1
171 1000001 1.8265327921384 301 1
102 1000001 1.8265327921384 298 0
106 1000005 1.8824427014985 299 1
0
171
connections
0.69999895
step
0.29999955
link
1.999997
enable
0.1999997
bias
0.44321196676
node
0.55401495845
disable
0.3999994
done
6
102 171 1.2646591690374 300 1
171 1000001 2.0084258876263 301 0
102 1000001 2.1021053637944 298 0
106 1000005 1.8135838918561 299 1
67 1000004 -0.11822870571001 2659 1
118 1000003 0.29572435682241 2660 1
0
171
connections
0.69999895
step
0.27075
link
2.2160598338
enable
0.1999997
bias
0.3999994
node
0.55401495845
disable
0.3999994
done
6
102 171 0.98293713950011 300 1
171 1000001 1.9775535676138 301 0
102 1000001 1.9350988570818 298 0
106 1000005 2.0324058275094 299 1
29 1000005 1.4535966063417 3009 1
119 1000006 0.69246498001038 3010 1
0
4
1
0
170
connections
0.665
step
0.285
link
1.9
enable
0.210526
bias
0.38
node
0.526315
disable
0.421052
done
2
51 1000001 1.2406994842372 303 1
94 1000003 1.178685872982 302 1
0
4
2
0
171
connections
0.736841
step
0.285
link
2.10526
enable
0.210526
bias
0.38
node
0.475
disable
0.421052
done
4
146 171 1 306 0
93 1000004 0.49262977996155 304 1
146 1000006 0.9656666768395 305 0
171 1000006 0.9656666768395 307 1
0
172
connections
0.77562094183
step
0.315789
link
1.999997
enable
0.22160598338
bias
0.361
node
0.45125
disable
0.3999994
done
6
146 171 0.9773039004181 306 0
93 1000004 0.4125910933256 304 1
146 1000006 0.66965364131596 305 0
171 1000006 0.67985002066103 307 1
69 171 -0.93356120487075 2663 1
5 1000003 0.79256569109165 2664 1
0
4
1
0
170
connections
0.736841
step
0.285
link
2.10526
enable
0.19
bias
0.421052
node
0.526315
disable
0.38
done
2
133 1000003 -1.5529648731956 309 1
90 1000006 0.25727103488266 308 1
0
4
1
0
170
connections
0.665
step
0.315789
link
2.10526
enable
0.210526
bias
0.38
node
0.475
disable
0.421052
done
2
158 1000006 0.0044557023834955 310 1
27 1000006 1.0600299081393 311 0
0
4
4
0
171
connections
0.665
step
0.285
link
1.9
enable
0.19
bias
0.421052
node
0.526315
disable
0.421052
done
5
7 171 1 315 1
7 1000001 -1.7059236426893 312 0
171 1000001 -1.7059236426893 316 1
61 1000004 -1.390972624897 313 1
170 1000005 -1.5776238288522 314 1
0
171
connections
0.69999895
step
0.29999955
link
1.999997
enable
0.1805
bias
0.3999994
node
0.49999925
disable
0.3999994
done
7
7 171 -0.64754173406171 315 1
7 1000001 -1.9897178884655 312 0
171 1000001 -1.6442061535524 316 1
61 1000004 -1.213748854355 313 1
170 1000005 -1.7105714122608 314 1
57 1000006 -0.22577593310343 2672 1
70 1000003 1.591906491287 2673 1
0
171
connections
0.63175
step
0.29999955
link
1.805
enable
0.1999997
bias
0.3999994
node
0.55401495845
disable
0.3999994
done
7
7 171 0.85547981515702 315 1
7 1000001 -1.6586169721107 312 0
171 1000001 -1.7505752069262 316 1
61 1000004 -1.4892939593936 313 0
170 1000005 -1.7348152798227 314 1
106 1000003 1.5580919827876 2834 1
73 1000002 0.64082766197699 2835 1
0
172
connections
0.69999895
step
0.315789
link
1.999997
enable
0.1805
bias
0.3999994
node
0.49999925
disable
0.3999994
done
9
7 171 0.88393667632069 315 1
7 1000001 -1.6993605667592 312 0
171 1000001 -1.4747125492416 316 1
61 1000004 -1.3910208119449 313 1
170 1000005 -1.4430566787622 314 1
129 171 -0.61311685537278 2871 0
122 1000003 -1.2225104525895 2872 1
129 172 1 2873 1
172 171 -0.61311685537278 2874 1
0
4
2
0
171
connections
0.665
step
0.285
link
2.10526
enable
0.210526
bias
0.421052
node
0.475
disable
0.38
done
4
31 171 1 319 1
31 1000004 -1.1983397930845 318 0
133 1000004 0.26117740409558 317 1
171 1000004 -1.1983397930845 320 1
0
171
connections
0.69999895
step
0.29999955
link
2.2160598338
enable
0.22160598338
bias
0.3999994
node
0.45125
disable
0.3999994
done
7
31 171 1 319 1
31 1000004 -1.1983397930845 318 0
133 1000004 0.26117740409558 317 1
171 1000004 -1.1983397930845 320 1
152 1000001 -1.8732871486557 2864 1
76 1000003 1.3716849269082 2865 1
170 1000001 -0.25019074068422 2866 1
0
4
1
0
170
connections
0.736841
step
0.285
link
2.10526
enable
0.210526
bias
0.38
node
0.526315
disable
0.421052
done
2
162 1000006 1.665639210181 321 1
129 1000006 0.39460432752464 322 1
0
4
2
0
171
connections
0.736841
step
0.285
link
1.9
enable
0.19
bias
0.421052
node
0.475
disable
0.38
done
4
1000006 171 1 325 1
76 1000003 -1.051484725486 324 1
1000006 1000004 1.9459212012085 323 0
171 1000004 1.9459212012085 326 1
0
171
connections
0.69999895
step
0.27075
link
1.805
enable
0.1805
bias
0.3999994
node
0.49999925
disable
0.3999994
done
5
1000006 171 0.90771182134465 325 1
76 1000003 -1.242216933195 324 0
1000006 1000004 1.8600450224311 323 0
171 1000004 1.764592158269 326 1
147 1000003 0.78328806421094 2680 1
0
4
1
0
170
connections
0.665
step
0.315789
link
2.10526
enable
0.210526
bias
0.421052
node
0.526315
disable
0.421052
done
3
82 1000001 1.3542283394879 327 1
170 1000003 -0.44062623981445 329 1
68 1000004 0.23456526383251 328 1
0
4
2
0
171
connections
0.665
step
0.315789
link
1.9
enable
0.210526
bias
0.38
node
0.526315
disable
0.421052
done
4
56 171 1 332 1
35 1000003 1.5367290261544 330 1
56 1000004 -1.872798852504 331 0
171 1000004 -1.872798852504 333 1
0
171
connections
0.69999895
step
0.29999955
link
1.999997
enable
0.1999997
bias
0.361
node
0.49999925
disable
0.44321196676
done
7
56 171 1 332 1
35 1000003 1.5367290261544 330 1
56 1000004 -1.872798852504 331 0
171 1000004 -1.872798852504 333 1
85 1000003 -0.38752403332621 2683 1
56 1000002 -1.5004730368969 2684 1
170 171 -0.52021851252785 2685 1
0
4
1
0
171
connections
0.665
step
0.285
link
1.9
enable
0.19
bias
0.421052
node
0.475
disable
0.38
done
4
25 171 1 336 1
115 1000002 0.21442304757836 335 1
25 1000006 0.062318796349986 334 0
171 1000006 0.062318796349986 337 1
0
4
2
0
170
connections
0.665
step
0.315789
link
1.9
enable
0.210526
bias
0.421052
node
0.475
disable
0.38
done
3
170 1000003 0.43159276100955 340 1
58 1000005 0.82088686788537 339 0
93 1000005 -1.3937803277688 338 1
0
170
connections
0.69999895
step
0.285
link
1.999997
enable
0.22160598338
bias
0.44321196676
node
0.49999925
disable
0.361
done
5
170 1000003 0.68999496444594 340 1
58 1000005 0.67433805352947 339 1
93 1000005 -1.3946588030641 338 0
2 1000005 0.90487380596332 2690 1
163 1000004 -1.7722098452712 2691 1
0
4
1
0
170
connections
0.665
step
0.285
link
1.9
enable
0.19
bias
0.38
node
0.475
disable
0.38
done
2
170 1000004 0.27668080690939 342 1
137 1000006 -1.8864711447493 341 1
0
4
2
0
171
connections
0.736841
step
0.285
link
2.10526
enable
0.19
bias
0.38
node
0.526315
disable
0.38
done
4
16 171 1 345 0
16 1000002 0.64827417828913 344 0
171 1000002 0.64827417828913 346 1
1000001 1000004 -0.76937162388989 343 1
0
172
connections
0.77562094183
step
0.29999955
link
1.999997
enable
0.1999997
bias
0.3999994
node
0.49999925
disable
0.3999994
done
6
16 171 1 345 0
16 1000002 0.64827417828913 344 0
171 1000002 0.64827417828913 346 1
1000001 1000004 -0.76937162388989 343 1
94 1000006 1.7408368175298 2697 1
77 171 1.408795434431 2698 1
0
4
2
0
171
connections
0.736841
step
0.315789
link
2.10526
enable
0.210526
bias
0.421052
node
0.475
disable
0.421052
done
4
1000004 171 1 349 1
107 1000001 1.7836848048341 347 1
1000004 1000005 -0.38581499679556 348 0
171 1000005 -0.38581499679556 350 1
0
171
connections
0.77562094183
step
0.33240897507
link
1.999997
enable
0.22160598338
bias
0.44321196676
node
0.49999925
disable
0.44321196676
done
6
1000004 171 0.74355398782939 349 1
107 1000001 1.7095580193232 347 1
1000004 1000005 -0.26031582291357 348 0
171 1000005 -0.65981121273432 350 1
144 1000003 -0.83736686300241 2908 1
31 1000001 0.383983886227 2909 0
0
4
1
0
170
connections
0.736841
step
0.315789
link
2.10526
enable
0.210526
bias
0.38
node
0.475
disable
0.38
done
2
100 1000001 -0.9563890499588 352 1
151 1000004 1.4033021027253 351 0
0
4
1
0
171
connections
0.736841
step
0.315789
link
1.9
enable
0.19
bias
0.421052
node
0.475
disable
0.421052
done
3
125 171 1 354 1
125 1000006 1.088351084933 353 0
171 1000006 1.088351084933 355 0
0
4
1
0
170
connections
0.736841
step
0.285
link
1.9
enable
0.210526
bias
0.421052
node
0.526315
disable
0.421052
done
2
117 1000001 0.61763359477523 357 1
166 1000005 0.061342204046754 356 1
0
4
1
0
170
connections
0.736841
step
0.315789
link
2.10526
enable
0.210526
bias
0.38
node
0.526315
disable
0.38
done
3
110 1000003 1.3118686483352 358 1
170 1000004 -1.79149754326 360 1
144 1000006 0.16327402569658 359 0
0
4
1
0
170
connections
0.736841
step
0.315789
link
2.10526
enable
0.210526
bias
0.421052
node
0.475
disable
0.38
done
3
170 1000001 1.5014496292001 363 0
127 1000004 0.40668965727714 362 1
24 1000005 0.26422925504318 361 1
0
4
1
0
170
connections
0.665
step
0.315789
link
1.9
enable
0.19
bias
0.38
node
0.475
disable
0.38
done
2
118 1000002 1.511703848384 364 1
3 1000005 -1.7706228827784 365 1
0
4
2
0
171
connections
0.665
step
0.285
link
1.9
enable
0.210526
bias
0.38
node
0.475
disable
0.38
done
4
53 171 1 368 0
53 1000003 0.63240455336161 367 1
171 1000003 0.63240455336161 369 1
105 1000005 -0.48603778191473 366 1
0
171
connections
0.63175
step
0.29999955
link
1.999997
enable
0.22160598338
bias
0.3999994
node
0.49999925
disable
0.3999994
done
7
53 171 1 368 1
53 1000003 0.63240455336161 367 0
171 1000003 0.63240455336161 369 1
105 1000005 -0.48603778191473 366 1
119 1000003 -1.8564409314249 2894 1
118 1000001 0.58345286416211 2895 1
170 1000003 1.0402539139988 2896 1
0
4
2
0
170
connections
0.736841
step
0.285
link
2.10526
enable
0.19
bias
0.38
node
0.526315
disable
0.38
done
4
65 1000002 0.63362529374065 371 1
1000002 1000003 -0.92074343089084 370 1
74 1000005 1.5927610095523 372 1
170 1000006 -1.4031800286874 373 1
0
170
connections
0.69999895
step
0.315789
link
1.999997
enable
0.1999997
bias
0.3999994
node
0.55401495845
disable
0.361
done
6
65 1000002 0.45644151844844 371 1
1000002 1000003 -1.0689186033204 370 1
74 1000005 1.4968976963713 372 1
170 1000006 -1.4042497811518 373 1
159 1000004 0.59602649006623 2809 1
160 1000006 1.143040253914 2810 1
0
4
2
0
171
connections
0.736841
step
0.315789
link
1.9
enable
0.19
bias
0.421052
node
0.475
disable
0.421052
done
4
86 171 1 376 1
86 1000002 -0.97824030274361 375 0
171 1000002 -0.97824030274361 377 1
24 1000006 -1.6379284035768 374 1
0
172
connections
0.69999895
step
0.33240897507
link
1.805
enable
0.1805
bias
0.44321196676
node
0.45125
disable
0.3999994
done
6
86 171 1.1164095885778 376 1
86 1000002 -1.232454497094 375 0
171 1000002 -0.91902611812239 377 1
24 1000006 -1.930326971906 374 0
150 1000001 -1.2618182927946 2732 1
68 1000001 -0.91854609820856 2733 1
0
4
3
0
170
connections
0.736841
step
0.315789
link
1.9
enable
0.210526
bias
0.421052
node
0.475
disable
0.38
done
3
170 1000005 -1.3901181066317 380 1
109 1000006 -1.9777825251015 379 1
39 1000006 0.51899777214881 378 1
0
170
connections
0.69999895
step
0.285
link
1.805
enable
0.22160598338
bias
0.3999994
node
0.45125
disable
0.361
done
4
170 1000005 -1.4850543229469 380 1
109 1000006 -2.2237990966521 379 1
39 1000006 0.48385006256294 378 1
158 1000006 -1.240943632313 2734 1
0
170
connections
0.77562094183
step
0.29999955
link
1.999997
enable
0.22160598338
bias
0.44321196676
node
0.45125
disable
0.3999994
done
5
170 1000005 -1.6650497905499 380 1
109 1000006 -1.7836942515198 379 1
39 1000006 0.63299338960082 378 1
103 1000004 1.9374980925932 2772 1
102 1000001 1.2404553361614 2773 1
0
4
3
0
171
connections
0.736841
step
0.315789
link
2.10526
enable
0.19
bias
0.421052
node
0.526315
disable
0.38
done
4
123 171 1 383 1
161 1000005 0.27607043671987 382 0
123 1000006 -1.4500564592425 381 0
171 1000006 -1.4500564592425 384 1
0
171
connections
0.77562094183
step
0.285
link
2.2160598338
enable
0.1999997
bias
0.3999994
node
0.49999925
disable
0.361
done
7
123 171 1.2456338694418 383 1
161 1000005 0.49223624378185 382 0
123 1000006 -1.1883838923307 381 0
171 1000006 -1.4525701162755 384 1
156 1000003 -1.9332255012665 2735 1
15 171 0.10492263557848 2736 1
170 1000006 -0.80379650257881 2737 1
0
171
connections
0.77562094183
step
0.33240897507
link
2.2160598338
enable
0.1999997
bias
0.44321196676
node
0.49999925
disable
0.3999994
done
6
123 171 1.0267513799634 383 1
161 1000005 0.37821668050111 382 0
123 1000006 -1.7555821742052 381 0
171 1000006 -1.3310498462921 384 0
109 1000002 0.35370952482681 2953 1
7 1000002 1.5557725760674 2954 1
0
4
2
0
170
connections
0.665
step
0.285
link
1.9
enable
0.210526
bias
0.421052
node
0.475
disable
0.38
done
3
170 1000001 -1.1440168462172 387 1
94 1000002 -1.8870815149388 386 1
8 1000005 -0.81991027558214 385 0
0
171
connections
0.69999895
step
0.27075
link
1.805
enable
0.1999997
bias
0.44321196676
node
0.49999925
disable
0.3999994
done
4
170 1000001 -1.1689790261544 387 0
94 1000002 -1.9231324884793 386 1
8 1000005 -1.150608844264 385 1
158 1000001 -1.5920285653249 2738 1
0
4
1
0
170
connections
0.665
step
0.315789
link
2.10526
enable
0.210526
bias
0.421052
node
0.475
disable
0.38
done
2
37 1000001 -1.0838343455306 389 0
45 1000004 -0.37873470259713 388 1
0
2
2
0
171
connections
0.63175
step
0.315789
link
1.805
enable
0.1999997
bias
0.3999994
node
0.45125
disable
0.3999994
done
6
93 171 1 1684 1
2 1000001 -1.7636646626179 1683 1
170 1000003 0.49389861400189 340 1
93 1000005 -1.3945224083071 338 0
58 1000005 0.83639345991394 339 0
171 1000005 -1.3945224083071 1685 1
0
171
connections
0.6001625
step
0.33240897507
link
1.71475
enable
0.189999715
bias
0.421051368422
node
0.4286875
disable
0.421051368422
done
7
93 171 1.2244498603297 1684 1
2 1000001 -1.592697272962 1683 1
170 1000003 0.54852742746519 340 1
93 1000005 -1.1047005750977 338 0
58 1000005 0.7507829572553 339 0
171 1000005 -1.3246360766546 1685 1
3 1000005 0.075991088595233 2742 1
0
2
2
0
170
connections
0.69999895
step
0.27075
link
1.999997
enable
0.1999997
bias
0.361
node
0.45125
disable
0.361
done
4
1 1000003 0.47260963774529 1687 1
170 1000004 0.43733610797449 342 1
126 1000005 1.4500564592425 1686 1
137 1000006 -1.9527312311167 341 1
0
170
connections
0.7368398947385
step
0.285
link
2.10525684211
enable
0.189999715
bias
0.37999943
node
0.4749992875
disable
0.37999943
done
7
1 1000003 0.47260963774529 1687 1
170 1000004 0.43733610797449 342 1
126 1000005 1.4500564592425 1686 1
137 1000006 -1.9527312311167 341 1
98 1000002 1.0914029358806 2764 1
13 1000006 -1.1475569933164 2765 1
170 1000003 -0.94161809137242 2766 0
0
2
1
0
171
connections
0.69999895
step
0.29999955
link
2.2160598338
enable
0.1805
bias
0.3999994
node
0.49999925
disable
0.361
done
8
16 171 1.1244329320368 345 0
171 1000002 0.63570362309183 346 0
16 1000002 0.34981275885952 344 0
31 1000004 1.6595355082858 1690 1
1000001 1000004 -0.71860415952788 343 1
153 1000004 -1.5954466383862 1688 1
89 1000006 0.31623279519028 1689 1
170 1000006 -1.5926389355144 1691 1
0
2
1
0
172
connections
0.77562094183
step
0.33240897507
link
2.2160598338
enable
0.1999997
bias
0.3999994
node
0.45125
disable
0.3999994
done
8
1000004 171 1.1902421799215 349 1
1 172 1 1694 1
111 1000001 -1.5234229560228 1693 1
107 1000001 1.8956916255302 347 0
1 1000002 -0.38605914487136 1692 1
172 1000002 -0.38605914487136 1695 1
1000004 1000005 -0.47308921819291 348 0
171 1000005 -0.57834986229602 350 1
0
1
2
0
172
connections
0.6649990025
step
0.315789
link
2.10525684211
enable
0.210525684211
bias
0.37999943
node
0.4749992875
disable
0.37999943
done
10
146 171 1.2208166653356 306 0
93 172 1 2178 1
158 1000002 0.5280312509537 1656 1
94 1000003 -1.4642170476394 2176 1
93 1000004 0.73155513791467 304 0
172 1000004 0.73155513791467 2179 1
9 1000006 0.63199667809076 1657 0
119 1000006 0.61116367076632 2177 1
171 1000006 1.0793018551729 307 1
146 1000006 1.2487005309992 305 0
0
173
connections
0.69999790000157
step
0.29999955
link
1.9999940000045
enable
0.22160565097102
bias
0.3609994585
node
0.451249323125
disable
0.3999988000009
done
13
146 171 1.4665055573382 306 0
93 172 0.9686789007065 2178 1
158 1000002 0.68441701448256 1656 1
94 1000003 -1.5718037877148 2176 1
93 1000004 1.5241554002503 304 0
172 1000004 0.99985821151769 2179 1
9 1000006 0.86111404430525 1657 0
119 1000006 0.61628161712851 2177 1
171 1000006 1.0921287654653 307 1
146 1000006 1.5266535428236 305 0
113 172 0.4667500839259 2910 1
87 1000003 1.1478011413923 2911 1
170 1000003 -1.1109347819452 2912 1
0
1
1
0
171
connections
0.69999895
step
0.285
link
2.2160598338
enable
0.1805
bias
0.3999994
node
0.55401495845
disable
0.361
done
6
31 171 1 2182 1
168 1000002 -1.0445265053255 2181 1
133 1000003 -1.4513487655263 309 1
31 1000005 -1.2239753410443 2180 1
171 1000005 -1.2239753410443 2183 1
90 1000006 0.0018260750144961 308 1
0
1
2
0
170
connections
0.63175
step
0.33240897507
link
2.2160598338
enable
0.22160598338
bias
0.3999994
node
0.49999925
disable
0.3999994
done
4
64 1000002 0.39851069673757 2185 1
107 1000004 1.8425244911039 2184 1
27 1000006 0.92675995039233 311 0
158 1000006 -0.044552988023413 310 1
0
170
connections
0.6001625
step
0.34990365942793
link
2.10525684211
enable
0.23326910628529
bias
0.421051368422
node
0.4749992875
disable
0.37999943
done
6
64 1000002 0.39851069673757 2185 1
107 1000004 1.8425244911039 2184 1
27 1000006 0.92675995039233 311 0
158 1000006 -0.044552988023413 310 1
43 1000004 1.8116397595141 2965 1
74 1000004 -1.6223029267251 2966 1
0
1
2
0
172
connections
0.6649990025
step
0.285
link
1.89999715
enable
0.189999715
bias
0.421051368422
node
0.5263142105275
disable
0.421051368422
done
10
7 171 0.74165041810358 315 0
157 171 0.81832331308939 2186 1
172 171 0.74165041810358 2189 1
7 172 1 2188 1
171 1000001 -1.3586230048524 316 1
7 1000001 -1.7686272087771 312 0
96 1000003 -1.8977019562365 2187 1
61 1000004 -1.1471865977966 313 1
106 1000005 -1.3865875728629 1666 0
170 1000005 -1.1869210715049 314 1
0
172
connections
0.631749052375
step
0.29999955
link
1.9999940000045
enable
0.18049972925
bias
0.44321130194205
node
0.55401412742756
disable
0.3999988000009
done
12
7 171 0.91960663177435 315 0
157 171 1.0665757560427 2186 1
172 171 0.79952258081454 2189 1
7 172 0.93141585653096 2188 1
171 1000001 -1.5461376013535 316 1
7 1000001 -1.6241436460906 312 1
96 1000003 -2.0704028904584 2187 1
61 1000004 -0.85170988411664 313 1
106 1000005 -1.1620113540468 1666 0
170 1000005 -1.0539734880963 314 1
23 1000003 -1.9748527481918 2836 1
51 1000006 -1.0529496139409 2837 0
0
1
1
0
170
connections
0.77562094183
step
0.27075
link
1.999997
enable
0.22160598338
bias
0.3999994
node
0.55401495845
disable
0.3999994
done
5
147 1000003 0.92306283761101 2193 1
129 1000006 0.39460432752464 322 1
162 1000006 1.665639210181 321 1
107 1000006 0.82259590441603 2194 1
170 1000006 0.62398144474624 2195 1
0
1
2
0
171
connections
0.63175
step
0.315789
link
1.999997
enable
0.22160598338
bias
0.3999994
node
0.49999925
disable
0.44321196676
done
7
41 171 1 2200 1
82 1000001 1.3542283394879 327 0
170 1000003 -0.44062623981445 329 1
171 1000004 -1.3500778221992 2201 1
41 1000004 -1.3500778221992 2198 0
68 1000004 0.23456526383251 328 1
112 1000006 1.2316660054323 2199 1
0
172
connections
0.6649990025
step
0.285
link
1.89999715
enable
0.23326910628529
bias
0.421051368422
node
0.5263142105275
disable
0.421051368422
done
12
41 171 1.0662857448042 2200 1
82 1000001 1.4718135624256 327 0
170 1000003 -0.60742347483749 329 1
171 1000004 -1.1508900723289 2201 1
41 1000004 -1.6312160100101 2198 0
68 1000004 0.26592074343089 328 1
112 1000006 1.0508305612354 2199 0
109 1000003 -0.77071443830683 2955 1
71 1000004 1.2317880794702 2956 1
170 1000004 -1.7523117770928 2957 1
170 172 1 2958 1
172 1000003 -0.60742347483749 2959 1
0
1
2
0
173
connections
0.6649990025
step
0.34990365942793
link
1.89999715
enable
0.210525684211
bias
0.421051368422
node
0.5263142105275
disable
0.46653821257058
done
10
56 171 1.4791100802637 332 1
173 171 1.4791100802637 2205 1
47 171 0.56587420270394 1680 1
8 171 -0.82198553422651 1679 1
107 171 -1.5901974547563 2202 1
56 173 1 2204 1
35 1000003 1.5367290261544 330 1
56 1000004 -1.872798852504 331 1
1 1000004 0.3259987182226 2203 1
171 1000004 -1.872798852504 333 1
0
174
connections
0.631749052375
step
0.36831908902363
link
1.8049972925
enable
0.22160565097102
bias
0.44321130194205
node
0.55401412742756
disable
0.49109211869817
done
14
56 171 1.4791100802637 332 1
173 171 1.4791100802637 2205 1
47 171 0.56587420270394 1680 1
8 171 -0.82198553422651 1679 1
107 171 -1.5901974547563 2202 1
56 173 1 2204 1
35 1000003 1.5367290261544 330 1
56 1000004 -1.872798852504 331 1
1 1000004 0.3259987182226 2203 1
171 1000004 -1.872798852504 333 1
169 1000001 1.3854792931913 2860 1
170 1000006 1.4495681630909 2861 1
173 174 1 2862 1
174 171 1.4791100802637 2863 1
0
1
1
0
171
connections
0.77562094183
step
0.29999955
link
1.999997
enable
0.1999997
bias
0.361
node
0.45125
disable
0.361
done
7
100 171 1 2225 1
23 1000001 1.6277962584307 2223 1
171 1000001 -0.86037491131779 2226 1
100 1000001 -0.86037491131779 352 0
151 1000004 1.1946015887249 351 0
170 1000004 1.5576036866359 2224 1
50 1000005 -0.75728629413739 2222 1
0
1
1
0
172
connections
0.69999895
step
0.29999955
link
1.999997
enable
0.1805
bias
0.3999994
node
0.49999925
disable
0.3999994
done
7
125 171 1 354 0
172 171 1 2230 1
125 172 1 2229 1
110 1000004 0.57441938535722 2227 1
60 1000005 0.65877254554888 2228 1
125 1000006 1.088351084933 353 0
171 1000006 1.088351084933 355 0
0
1
2
0
170
connections
0.77562094183
step
0.27075
link
1.805
enable
0.22160598338
bias
0.44321196676
node
0.49999925
disable
0.3999994
done
4
117 1000001 0.59881900234993 357 1
125 1000005 -0.63924069948424 2232 1
166 1000005 0.23737296670431 356 1
1 1000006 1.4654377880184 2231 1
0
171
connections
0.81644187199851
step
0.2849995725
link
1.71475
enable
0.210525684211
bias
0.421051368422
node
0.4749992875
disable
0.421051368422
done
7
117 1000001 0.58898183335376 357 0
125 1000005 -0.53487625139843 2232 1
166 1000005 0.29229933470679 356 1
1 1000006 1.5352025382556 2231 1
82 1000002 0.53498947111423 2787 1
117 171 1 2788 1
171 1000001 0.58898183335376 2789 1
0
1
1
0
171
connections
0.69999895
step
0.33240897507
link
2.2160598338
enable
0.22160598338
bias
0.44321196676
node
0.45125
disable
0.361
done
8
24 171 1 2238 1
119 1000001 1.8367870113224 2236 1
170 1000001 1.5014496292001 363 0
127 1000004 0.40668965727714 362 1
96 1000004 -0.44758445997497 2235 1
170 1000004 -0.34015930661946 2237 1
24 1000005 0.26422925504318 361 0
171 1000005 0.26422925504318 2239 1
0
1
1
0
170
connections
0.63175
step
0.29999955
link
1.999997
enable
0.1999997
bias
0.361
node
0.45125
disable
0.361
done
4
118 1000002 1.7059569216697 364 1
3 1000005 -1.8427959975784 365 1
93 1000005 1.8814661091952 2240 1
77 1000006 -1.7905209509568 2241 1
0
1
1
0
171
connections
0.69999895
step
0.285
link
2.2160598338
enable
0.1805
bias
0.3999994
node
0.55401495845
disable
0.3999994
done
9
1000002 171 1 2248 1
166 1000002 -0.69771416364025 2245 1
65 1000002 0.41486861781671 371 1
128 1000002 0.77791680654317 2246 0
170 1000003 0.54145939512314 2247 1
1000002 1000003 -0.71539765617847 370 0
171 1000003 -0.71539765617847 2249 1
74 1000005 1.4064981536302 372 1
170 1000006 -1.4912450025941 373 1
0
1
2
0
171
connections
0.77562094183
step
0.33240897507
link
1.805
enable
0.1999997
bias
0.44321196676
node
0.49999925
disable
0.361
done
7
82 171 1 2254 1
82 1000003 -1.6093630787072 2252 0
171 1000003 -1.6093630787072 2255 1
136 1000005 -1.8992889187292 2253 0
170 1000005 -1.16063651158 380 1
39 1000006 0.35012017554276 378 1
109 1000006 -2.261192954391 379 1
0
172
connections
0.81644187199851
step
0.315789
link
1.89999715
enable
0.189999715
bias
0.46653821257058
node
0.4749992875
disable
0.37999943
done
12
82 171 1.2131120382397 2254 1
82 1000003 -1.3347836421094 2252 0
171 1000003 -1.7350445371563 2255 1
136 1000005 -2.1755067149571 2253 0
170 1000005 -1.1224049077408 380 1
39 1000006 0.62897862199804 378 0
109 1000006 -2.2672356102033 379 1
122 1000001 -0.53852961821345 2927 1
140 1000004 0.66487624744408 2928 0
170 1000006 1.3941465498825 2929 1
39 172 1 2930 1
172 1000006 0.62897862199804 2931 1
0
1
2
0
171
connections
0.69999895
step
0.29999955
link
1.805
enable
0.22160598338
bias
0.3999994
node
0.45125
disable
0.3999994
done
7
94 171 1 2258 1
170 1000001 -0.96977778142491 387 1
94 1000002 -1.8826410784707 386 0
171 1000002 -1.8826410784707 2259 1
37 1000002 0.78353221228675 2257 1
25 1000004 0.15887936033204 2256 1
8 1000005 -0.86128415681783 385 0
0
172
connections
0.6649990025
step
0.3157885263165
link
1.89999715
enable
0.23326910628529
bias
0.37999943
node
0.4749992875
disable
0.421051368422
done
10
94 171 0.74245988986615 2258 1
170 1000001 -0.9378683661402 387 1
94 1000002 -2.1442674441409 386 0
171 1000002 -0.46076845606861 2259 0
37 1000002 0.76968327548092 2257 1
25 1000004 0.1795515728919 2256 1
8 1000005 -0.9610215590472 385 0
159 1000006 1.8752403332621 2793 1
171 172 1 2794 1
172 1000002 -0.46076845606861 2795 1
0
1
1
0
171
connections
0.69999895
step
0.29999955
link
1.999997
enable
0.1999997
bias
0.44321196676
node
0.49999925
disable
0.3999994
done
6
170 1000001 1.5014496292001 363 0
127 1000004 0.40668965727714 362 1
170 1000004 0.59968871120334 2273 1
9 1000004 -1.496566667684 2271 1
70 1000005 0.76790673543504 2272 1
24 1000005 0.26422925504318 361 1
0
1
1
0
171
connections
0.77562094183
step
0.285
link
1.999997
enable
0.22160598338
bias
0.3999994
node
0.49999925
disable
0.3999994
done
6
1000003 171 1 2276 1
106 1000003 0.53501098666341 100 1
67 1000005 -1.0181585131382 2274 1
1000005 1000005 -1.3616748558 2275 1
1000003 1000006 -1.3619190038759 99 0
171 1000006 -1.3619190038759 2277 1
0
1
2
0
170
connections
0.77562094183
step
0.27075
link
1.999997
enable
0.1999997
bias
0.3999994
node
0.49999925
disable
0.44321196676
done
4
117 1000001 0.49280616931669 357 1
135 1000001 -1.8112735374004 2279 1
96 1000001 1.0986053041169 2278 1
166 1000005 0.25380961790826 356 1
0
170
connections
0.81644187199851
step
0.285
link
2.10525684211
enable
0.210525684211
bias
0.37999943
node
0.4749992875
disable
0.421051368422
done
6
117 1000001 0.23043778038881 357 1
135 1000001 -1.5551501510666 2279 1
96 1000001 1.0731121250038 2278 1
166 1000005 0.066346469008454 356 1
113 1000003 -1.2692648091067 2906 1
162 1000005 -1.9035615100558 2907 1
0
1
1
0
172
connections
0.69999895
step
0.27075
link
1.999997
enable
0.1999997
bias
0.44321196676
node
0.55401495845
disable
0.3999994
done
9
170 171 1.0213265099033 21 1
170 172 1 2288 1
172 1000001 0.67049165318766 2289 1
170 1000001 0.67049165318766 2287 0
170 1000002 -0.65814503158666 20 0
171 1000002 -0.77451952421644 22 1
85 1000003 -1.1779224143193 19 1
170 1000003 0.084536271248512 2286 1
170 1000006 0.0086062196722314 2285 1
0
1
1
0
170
connections
0.77562094183
step
0.27075
link
1.999997
enable
0.1999997
bias
0.361
node
0.49999925
disable
0.3999994
done
4
150 1000001 -0.48115482039857 2290 1
61 1000002 1.9478461638234 97 1
132 1000003 -0.78731650746178 2291 1
56 1000006 -0.7389751884518 98 1
0
1
1
0
171
connections
0.63175
step
0.29999955
link
1.999997
enable
0.22160598338
bias
0.3999994
node
0.45125
disable
0.44321196676
done
7
170 171 1 2295 1
170 1000002 1.6320688497574 2294 0
171 1000002 1.6320688497574 2296 1
29 1000004 0.4574724570452 2292 0
112 1000005 1.0219428083132 2293 1
27 1000006 0.95665471605426 311 0
158 1000006 0.96993926816614 310 1
0
1
2
0
171
connections
0.77562094183
step
0.285
link
2.2160598338
enable
0.1999997
bias
0.3999994
node
0.49999925
disable
0.44321196676
done
6
137 171 1 2299 1
85 1000003 -1.4828943754387 2297 1
171 1000004 -1.1467024750511 2300 1
137 1000004 -1.1467024750511 279 0
162 1000004 -1.3287601855525 280 0
28 1000005 1.9414044618061 2298 1
0
171
connections
0.81644187199851
step
0.27075
link
2.10525684211
enable
0.189999715
bias
0.37999943
node
0.5263142105275
disable
0.421051368422
done
8
137 171 1.0601290246284 2299 1
85 1000003 -1.4741109271523 2297 1
171 1000004 -1.0611733375042 2300 0
137 1000004 -1.2223492004151 279 0
162 1000004 -1.1778220389416 280 0
28 1000005 2.0512595370342 2298 1
2 1000002 1.1696523941771 2851 1
147 1000001 1.984740745262 2852 1
0
1
1
0
171
connections
0.6649990025
step
0.315789
link
1.89999715
enable
0.210525684211
bias
0.34295
node
0.4749992875
disable
0.37999943
done
8
134 171 1 2303 1
118 1000002 1.3519361263351 364 0
47 1000003 -1.8740195928831 2301 1
4 1000005 0.745078890347 2302 1
3 1000005 -2.0869424802899 365 1
133 1000006 -0.18878749961852 1716 1
134 1000006 0.29718924527726 1715 0
171 1000006 0.29718924527726 2304 1
0
1
1
0
170
connections
0.69999895
step
0.33240897507
link
1.999997
enable
0.1999997
bias
0.361
node
0.55401495845
disable
0.3999994
done
6
62 1000001 1.5810785568689 33 0
170 1000002 0.60042115543077 2307 1
86 1000004 1.9602038636433 2306 1
154 1000005 1.6215240591853 32 1
110 1000005 0.1087069307535 2305 1
170 1000005 -0.25275429548021 34 1
0
1
2
0
170
connections
0.69999895
step
0.29999955
link
1.999997
enable
0.1805
bias
0.3999994
node
0.49999925
disable
0.361
done
5
170 1000002 -1.3941465498825 2310 1
56 1000003 1.6568498794519 2308 1
170 1000004 0.15495791444899 342 1
36 1000004 -0.56843775749992 2309 1
137 1000006 -2.1845114093799 341 1
0
171
connections
0.7368398947385
step
0.2849995725
link
2.10525684211
enable
0.171475
bias
0.421051368422
node
0.4749992875
disable
0.37999943
done
9
170 1000002 -1.3941465498825 2310 1
56 1000003 1.6568498794519 2308 0
170 1000004 0.15495791444899 342 0
36 1000004 -0.56843775749992 2309 1
137 1000006 -2.1845114093799 341 1
55 1000003 1.4483474227119 2838 1
144 1000001 -0.74959562974944 2839 1
56 171 1 2840 1
171 1000003 1.6568498794519 2841 1
0
1
2
0
171
connections
0.63175
step
0.29999955
link
1.999997
enable
0.1999997
bias
0.44321196676
node
0.55401495845
disable
0.3999994
done
7
145 171 1 2328 1
170 1000002 -0.99301126133 2327 1
10 1000002 0.2433394223075 212 1
108 1000003 -1.3963438825648 2325 1
54 1000003 0.80154743096866 213 1
145 1000005 0.90585039826655 2326 0
171 1000005 0.90585039826655 2329 1
0
172
connections
0.6649990025
step
0.3157885263165
link
1.89999715
enable
0.210525684211
bias
0.421051368422
node
0.5263142105275
disable
0.37999943
done
11
145 171 1.1405228584314 2328 1
170 1000002 -0.73076810237134 2327 1
10 1000002 0.39020368673626 212 1
108 1000003 -1.2922118281549 2325 0
54 1000003 0.9486429928806 213 1
145 1000005 1.1152035327364 2326 0
171 1000005 0.58565019684439 2329 1
51 1000006 -0.26825769829402 2811 0
112 1000006 -1.6495254371776 2812 1
108 172 1 2813 1
172 1000003 -1.2922118281549 2814 1
0
1
2
0
171
connections
0.63175
step
0.29999955
link
1.999997
enable
0.1805
bias
0.44321196676
node
0.49999925
disable
0.44321196676
done
8
170 171 1 2500 1
1 1000002 -0.21393475142674 2498 1
170 1000004 1.0885556126576 269 1
67 1000004 1.6713766899625 2497 1
171 1000005 -0.051576281014435 2501 1
170 1000005 -0.051576281014435 2499 0
67 1000006 1.6166663270684 267 1
30 1000006 1.2924740683386 268 1
0
172
connections
0.6649990025
step
0.3157885263165
link
1.89999715
enable
0.189999715
bias
0.421051368422
node
0.5263142105275
disable
0.421051368422
done
13
170 171 1 2500 1
1 1000002 -0.21393475142674 2498 1
170 1000004 1.0885556126576 269 1
67 1000004 1.6713766899625 2497 1
171 1000005 -0.051576281014435 2501 1
170 1000005 -0.051576281014435 2499 0
67 1000006 1.6166663270684 267 1
30 1000006 1.2924740683386 268 1
71 1000006 1.8544877468184 2987 0
82 1000006 -1.5374614703818 2988 1
170 1000003 -1.1025116733299 2989 0
170 172 1 2990 1
172 1000003 -1.1025116733299 2991 1
0
1
1
0
170
connections
0.69999895
step
0.29999955
link
1.999997
enable
0.1805
bias
0.3999994
node
0.45125
disable
0.361
done
4
11 1000001 -0.014465773491623 2507 0
170 1000004 0.094879266812647 342 1
136 1000006 -0.074526200140385 2506 1
137 1000006 -1.7037174285852 341 1
0
0
1
0
171
connections
0.63175
step
0.33240897507
link
2.2160598338
enable
0.1805
bias
0.3999994
node
0.45125
disable
0.3999994
done
9
17 1000001 -1.84267505166 26 0
64 1000001 -0.72221814079075 27 0
14 1000001 1.7579416094412 28 1
170 1000006 0.39465175334579 29 1
155 1000001 0.63655507065035 2512 1
122 1000002 -0.15082247383038 2513 1
170 1000001 0.014954069643239 2514 1
64 171 1 2515 0
171 1000001 -0.72221814079075 2516 1
0
0
1
0
170
connections
0.69999895
step
0.29999955
link
1.805
enable
0.22160598338
bias
0.44321196676
node
0.49999925
disable
0.3999994
done
5
91 1000004 -0.53110417221442 31 1
170 1000005 1.0941280015885 30 1
53 1000006 0.48469496749779 2517 0
13 1000006 -0.8705710013123 2518 1
170 1000002 -1.2090823084201 2519 1
0
0
1
0
171
connections
0.63175
step
0.33240897507
link
1.999997
enable
0.22160598338
bias
0.361
node
0.49999925
disable
0.44321196676
done
8
62 1000001 1.7187208486182 33 0
154 1000005 1.3585956307095 32 1
170 1000005 -0.42670979949339 34 1
86 1000005 -1.6197393719291 2520 0
51 1000004 1.9827875606555 2521 1
170 1000003 1.4346751304666 2522 0
170 171 1 2523 1
171 1000003 1.4346751304666 2524 1
0
0
1
0
170
connections
0.77562094183
step
0.29999955
link
1.999997
enable
0.1999997
bias
0.3999994
node
0.55401495845
disable
0.3999994
done
4
79 1000004 0.80786476284219 35 0
30 1000004 1.5787437665624 36 1
32 1000006 1.5215918454543 2525 1
147 1000003 1.4263740958892 2526 1
0
0
1
0
172
connections
0.63175
step
0.285
link
1.999997
enable
0.22160598338
bias
0.44321196676
node
0.49999925
disable
0.44321196676
done
9
122 171 1 39 0
171 1000001 -0.39436017944884 40 1
122 1000001 -0.39436017944884 37 0
98 1000002 1.6373180333872 38 0
138 171 1.7568285164953 2527 1
140 1000001 0.37153233436079 2528 1
170 171 1.6513565477462 2529 1
122 172 1 2530 1
172 171 1 2531 1
0
0
1
0
171
connections
0.63175
step
0.285
link
1.999997
enable
0.1999997
bias
0.361
node
0.49999925
disable
0.3999994
done
6
26 1000002 -0.33564256721702 63 1
41 1000006 -0.53340250862148 64 1
167 1000005 0.036561174352244 2532 1
91 1000002 0.36787011322367 2533 0
91 171 1 2534 1
171 1000002 0.36787011322367 2535 1
0
0
1
0
172
connections
0.77562094183
step
0.29999955
link
2.2160598338
enable
0.1999997
bias
0.3999994
node
0.49999925
disable
0.3999994
done
10
92 171 1.1535292353267 73 1
43 1000004 -1.0483198406796 72 1
92 1000004 1.4736316994308 71 1
171 1000004 0.99192216472518 74 0
1000004 1000003 -0.1087069307535 2540 0
1000004 1000005 -0.9136631366924 2541 1
89 1000005 -0.39814447462386 2542 1
170 1000004 1.2343516342662 2543 1
1000004 172 1 2544 1
172 1000003 -0.1087069307535 2545 1
0
0
1
0
170
connections
0.63175
step
0.29999955
link
1.999997
enable
0.1999997
bias
0.3999994
node
0.55401495845
disable
0.3999994
done
4
120 1000001 -0.87033569126102 75 1
29 1000003 -0.020267503001495 76 0
64 1000006 0.95846430860317 2546 1
99 1000004 -0.61568041016877 2547 1
0
0
1
0
173
connections
0.6649990025
step
0.3157885263165
link
2.10525684211
enable
0.189999715
bias
0.421051368422
node
0.4749992875
disable
0.37999943
done
12
168 171 -0.25946836756493 80 1
170 1000002 0.40732958896338 2039 1
23 1000003 1.0370185394455 77 0
168 1000003 1.2890495913739 78 0
82 1000003 0.70012029263397 2037 1
171 1000003 0.76265506922025 81 1
170 1000005 -1.8752180177649 79 1
28 1000006 1.337622585808 2038 1
1000001 1000004 0.5127719962157 2548 1
110 171 1.1729483932005 2549 0
110 173 1 2550 1
173 171 1.1729483932005 2551 1
0
0
1
0
172
connections
0.77562094183
step
0.33240897507
link
1.999997
enable
0.1999997
bias
0.361
node
0.49999925
disable
0.3999994
done
10
75 171 1.1589561519325 95 1
45 1000001 -1.8876918851283 93 1
171 1000003 -0.55195355252209 96 1
75 1000003 -0.67880196172266 92 0
163 1000004 1.392841889395 94 1
73 1000002 1.1465804010132 2557 1
136 1000002 1.8088320566424 2558 1
170 1000004 0.89877010406812 2559 1
45 172 1 2560 1
172 1000001 -1.8876918851283 2561 1
0
0
1
0
170
connections
0.69999895
step
0.285
link
1.999997
enable
0.22160598338
bias
0.361
node
0.45125
disable
0.3999994
done
4
61 1000002 2.0136043885617 97 0
56 1000006 1.3213133640553 98 1
91 1000002 1.8834192938017 2562 1
158 1000003 -0.82686849574267 2563 1
0
0
1
0
170
connections
0.69999895
step
0.33240897507
link
2.2160598338
enable
0.22160598338
bias
0.3999994
node
0.45125
disable
0.3999994
done
5
106 1000003 0.83236182744835 100 1
1000003 1000006 0.18446436573512 99 1
140 1000005 -1.494003112888 2564 0
82 1000001 0.55635242774743 2565 1
170 1000002 -0.11090426343577 2566 1
0
0
1
0
171
connections
0.69999895
step
0.33240897507
link
1.999997
enable
0.1999997
bias
0.3999994
node
0.45125
disable
0.361
done
7
170 1000003 1.7894222846156 103 0
1000006 1000003 -1.0967741935484 102 1
126 1000004 1.3936582537309 101 1
145 1000004 -0.57197790459914 2567 0
162 1000004 -0.69881282998138 2568 1
145 171 1 2569 1
171 1000004 -0.57197790459914 2570 1
0
0
1
0
170
connections
0.77562094183
step
0.29999955
link
1.805
enable
0.1805
bias
0.3999994
node
0.55401495845
disable
0.3999994
done
6
170 1000001 -1.4582354197821 120 1
125 1000004 0.39073718534043 119 1
49 1000004 0.038590522911771 118 1
108 1000004 -0.12506485183264 2575 1
66 1000004 -0.33002716147343 2576 1
170 1000002 0.895107882931 2577 1
0
0
1
0
171
connections
0.63175
step
0.33240897507
link
1.999997
enable
0.1999997
bias
0.3999994
node
0.55401495845
disable
0.3999994
done
6
81 1000003 1.9193090609455 214 1
22 1000002 -1.5176854762413 2578 0
95 1000005 1.3873104037599 2579 0
170 1000004 1.1275368511002 2580 1
95 171 1 2581 1
171 1000005 1.3873104037599 2582 1
0
0
1
0
171
connections
0.69999895
step
0.27075
link
2.2160598338
enable
0.1999997
bias
0.44321196676
node
0.55401495845
disable
0.361
done
7
138 1000001 0.097435094759972 220 1
3 1000002 -0.33576197851497 219 1
170 1000003 0.72962957396161 221 0
26 1000006 -1.969481490524 2585 1
119 1000001 0.27643665883358 2586 1
170 171 1 2587 1
171 1000003 0.72962957396161 2588 1
0
0
1
0
171
connections
0.69999895
step
0.27075
link
2.2160598338
enable
0.1805
bias
0.361
node
0.49999925
disable
0.3999994
done
8
149 1000001 1.7302732703635 228 0
149 1000003 -1.4642547761467 227 1
40 1000002 1.8651081881161 2591 1
119 1000001 -0.77925962096011 2592 1
108 1000002 0.97897274697104 2593 0
170 1000002 1.9816888943144 2594 1
149 171 1 2595 1
171 1000001 1.7302732703635 2596 1
0
0
1
0
171
connections
0.69999895
step
0.29999955
link
2.2160598338
enable
0.1805
bias
0.3999994
node
0.49999925
disable
0.44321196676
done
8
4 1000002 -1.2408764481124 233 1
124 1000003 1.9742023379604 234 1
170 1000004 -1.6015164031999 235 0
72 1000006 1.8613238929411 2600 1
146 1000005 -1.1602526932585 2601 1
170 1000001 -0.24811548203986 2602 0
170 171 1 2603 1
171 1000004 -1.6015164031999 2604 1
0
0
1
0
171
connections
0.77562094183
step
0.29999955
link
2.2160598338
enable
0.1805
bias
0.361
node
0.49999925
disable
0.361
done
7
2 1000003 1.478551630282 244 1
91 1000006 1.2179238785195 245 1
114 1000004 -1.0026551103244 2609 1
74 1000001 1.4617755668813 2610 1
170 1000003 0.98983733634449 2611 1
2 171 1 2612 1
171 1000003 1.478551630282 2613 1
0
0
1
0
172
connections
0.77562094183
step
0.315789
link
1.999997
enable
0.22160598338
bias
0.44321196676
node
0.45125
disable
0.3999994
done
9
61 171 1.0830648332469 253 1
171 1000001 1.3480833008515 254 1
61 1000001 1.9072458052004 251 0
108 1000002 1.6484617571642 252 1
129 1000005 -0.83736686300241 2616 1
1000006 1000003 1.0737022003845 2617 1
170 1000001 1.0979949339274 2618 1
1000006 172 1 2619 1
172 1000003 1.0737022003845 2620 1
0
0
1
0
170
connections
0.69999895
step
0.29999955
link
2.2160598338
enable
0.1805
bias
0.361
node
0.45125
disable
0.44321196676
done
4
137 1000004 -0.63580764039277 279 1
162 1000004 -1.5182805544221 280 0
6 1000006 0.5462202826014 2637 1
127 1000002 -0.30866420484024 2638 1
0
0
1
0
171
connections
0.77562094183
step
0.33240897507
link
1.999997
enable
0.1999997
bias
0.3999994
node
0.45125
disable
0.3999994
done
4
137 1000004 -0.95305308148464 279 1
162 1000004 -1.7056978035453 280 0
150 1000004 1.3971984008301 2639 1
88 1000002 1.5883663441878 2640 1
0
0
1
0
172
connections
0.77562094183
step
0.29999955
link
2.2160598338
enable
0.1999997
bias
0.3999994
node
0.55401495845
disable
0.3999994
done
10
76 171 0.83936606632435 284 1
76 1000002 0.43561189325999 281 0
171 1000002 0.25695070307779 285 1
170 1000004 -0.47507867136601 283 1
146 1000005 -1.3290662560121 282 1
85 1000002 1.7646412549211 2644 0
42 1000005 -1.6269417401654 2645 0
144 1000004 -1.9810785241249 2646 1
85 172 1 2647 1
172 1000002 1.7646412549211 2648 1
0
0
1
0
170
connections
0.77562094183
step
0.29999955
link
1.805
enable
0.1999997
bias
0.3999994
node
0.49999925
disable
0.3999994
done
4
152 1000002 1.4511700912885 287 1
143 1000003 1.5363104861156 286 1
127 1000004 1.7349772637104 2649 1
19 1000003 1.0621051667837 2650 1
0
0
1
0
172
connections
0.69999895
step
0.27075
link
1.805
enable
0.22160598338
bias
0.361
node
0.55401495845
disable
0.3999994
done
8
92 171 1 290 1
171 1000001 1.2442242194891 291 1
92 1000001 1.606156041139 288 1
1000005 1000002 -0.20273796807764 289 0
43 1000006 -0.26569414349803 2651 0
33 1000001 -1.9112521744438 2652 1
43 172 1 2653 1
172 1000006 -0.26569414349803 2654 1
0
0
1
0
170
connections
0.77562094183
step
0.29999955
link
1.999997
enable
0.1805
bias
0.3999994
node
0.49999925
disable
0.3999994
done
4
1000001 1000004 0.77095858638264 297 1
12 1000005 0.127140110477 296 1
84 1000004 -1.8843958861049 2657 1
59 1000004 -1.8502151554918 2658 1
0
0
1
0
170
connections
0.63175
step
0.27075
link
1.999997
enable
0.22160598338
bias
0.3999994
node
0.49999925
disable
0.3999994
done
4
51 1000001 1.2406994842372 303 1
94 1000003 1.178685872982 302 1
1000005 1000003 -1.9053926206244 2661 1
40 1000005 -1.5724967192602 2662 1
0
0
1
0
170
connections
0.69999895
step
0.29999955
link
1.999997
enable
0.1999997
bias
0.3999994
node
0.55401495845
disable
0.3999994
done
5
133 1000003 -1.2905579667791 309 1
90 1000006 0.50255708316446 308 1
83 1000006 0.67891476180303 2665 1
131 1000004 -0.83773308511612 2666 1
170 1000006 -1.0063173314615 2667 1
0
0
1
0
171
connections
0.63175
step
0.33240897507
link
2.2160598338
enable
0.1999997
bias
0.361
node
0.49999925
disable
0.3999994
done
6
158 1000006 0.23446481801087 310 0
27 1000006 1.2476141959294 311 0
159 1000005 0.13275551622059 2668 1
95 1000006 -0.34601886043886 2669 1
158 171 1 2670 1
171 1000006 0.23446481801087 2671 1
0
0
1
0
172
connections
0.7368398947385
step
0.315789
link
2.10525684211
enable
0.23326910628529
bias
0.37999943
node
0.4749992875
disable
0.421051368422
done
10
31 171 0.78788735618152 319 1
32 1000003 0.43208105716117 2191 1
90 1000003 0.67806024353771 2190 1
31 1000004 -1.2857437360759 318 0
171 1000004 -1.2614247566149 320 1
133 1000004 0.35225180822169 317 0
170 1000006 -1.219336527604 2192 1
97 1000003 -1.7569505905332 2674 1
52 171 0.84102908413953 2675 1
170 1000001 -0.72579119235817 2676 1
0
0
1
0
170
connections
0.77562094183
step
0.29999955
link
2.2160598338
enable
0.1999997
bias
0.3999994
node
0.49999925
disable
0.3999994
done
5
162 1000006 1.3675440123157 321 1
129 1000006 0.4853448756386 322 1
132 1000006 1.1191137424848 2677 1
88 1000006 -1.3245643482772 2678 1
52 1000006 -0.37934507278665 2679 1
0
0
1
0
170
connections
0.69999895
step
0.285
link
2.2160598338
enable
0.1999997
bias
0.3999994
node
0.55401495845
disable
0.44321196676
done
5
82 1000001 1.1435595263527 327 1
170 1000003 -0.40239951780755 329 1
68 1000004 -1.6968901638844 328 1
162 1000006 -0.92184209723197 2681 1
139 1000005 -0.26288644062624 2682 1
0
0
1
0
172
connections
0.69999895
step
0.285
link
1.805
enable
0.1805
bias
0.44321196676
node
0.49999925
disable
0.3999994
done
8
25 171 1 336 1
115 1000002 0.21442304757836 335 0
25 1000006 0.062318796349986 334 0
171 1000006 0.062318796349986 337 1
66 1000005 -0.32343516342662 2686 1
95 1000001 1.6215704824976 2687 1
115 172 1 2688 1
172 1000002 0.21442304757836 2689 1
0
0
1
0
171
connections
0.69999895
step
0.29999955
link
1.999997
enable
0.1805
bias
0.3999994
node
0.49999925
disable
0.3999994
done
7
170 1000004 0.27668080690939 342 1
137 1000006 -1.8864711447493 341 0
8 1000003 -1.9536118655965 2692 1
66 1000004 0.41962950529496 2693 1
170 1000001 1.3609424115726 2694 1
137 171 1 2695 1
171 1000006 -1.8864711447493 2696 1
0
0
1
0
172
connections
0.81644187199851
step
0.315789
link
1.89999715
enable
0.210525684211
bias
0.421051368422
node
0.4749992875
disable
0.421051368422
done
9
1000004 171 0.820021375927 349 1
133 171 -0.63655507065035 2220 1
107 1000001 1.6169479815363 347 1
85 1000004 -0.35746529670095 2221 1
171 1000005 -0.49270350654622 350 1
1000004 1000005 -0.49707889049959 348 1
135 1000003 0.095889156773583 2699 1
89 171 1.1651356547746 2700 1
170 1000002 1.4512771996216 2701 1
0
0
1
0
170
connections
0.77562094183
step
0.33240897507
link
2.2160598338
enable
0.22160598338
bias
0.361
node
0.45125
disable
0.3999994
done
5
100 1000001 -0.9563890499588 352 1
151 1000004 1.4033021027253 351 0
38 1000004 -0.31452375865963 2702 1
133 1000003 0.78609576708274 2703 1
170 1000003 1.776238288522 2704 1
0
0
1
0
172
connections
0.69999895
step
0.33240897507
link
1.999997
enable
0.1805
bias
0.3999994
node
0.49999925
disable
0.3999994
done
7
125 171 0.96115622530158 354 0
125 1000006 1.2947435101718 353 0
171 1000006 0.86678229851668 355 1
15 1000001 -1.5318460646382 2705 1
45 1000003 -1.7034821619312 2706 1
125 172 1 2707 1
172 171 0.96115622530158 2708 1
0
0
1
0
171
connections
0.77562094183
step
0.27075
link
1.999997
enable
0.1999997
bias
0.44321196676
node
0.55401495845
disable
0.44321196676
done
7
117 1000001 0.61763359477523 357 1
166 1000005 0.061342204046754 356 0
68 1000006 1.2239753410443 2709 1
39 1000003 1.0752891628773 2710 1
170 1000002 -0.40595721304971 2711 1
166 171 1 2712 1
171 1000005 0.061342204046754 2713 1
0
0
1
0
171
connections
0.77562094183
step
0.29999955
link
1.999997
enable
0.22160598338
bias
0.3999994
node
0.49999925
disable
0.3999994
done
7
110 1000003 1.0605765663976 358 1
170 1000004 -1.9313667142354 360 0
144 1000006 -0.78353221228675 359 1
25 1000004 -1.9393292031617 2714 1
163 1000001 -1.1790520950957 2715 1
170 171 1 2716 1
171 1000004 -1.9313667142354 2717 1
0
0
1
0
170
connections
0.77562094183
step
0.29999955
link
1.999997
enable
0.1999997
bias
0.3999994
node
0.49999925
disable
0.361
done
6
170 1000001 1.5014496292001 363 0
127 1000004 0.40668965727714 362 1
24 1000005 0.26422925504318 361 1
123 1000002 -0.79647206030457 2718 1
163 1000004 -0.12421033356731 2719 1
170 1000004 -0.9808038575396 2720 1
0
0
1
0
171
connections
0.63175
step
0.33240897507
link
1.805
enable
0.1805
bias
0.3999994
node
0.45125
disable
0.3999994
done
6
118 1000002 1.511703848384 364 1
3 1000005 -1.7706228827784 365 0
51 1000005 0.4911648915067 2721 1
50 1000002 1.2016357921079 2722 0
50 171 1 2723 1
171 1000002 1.2016357921079 2724 1
0
0
1
0
172
connections
0.6649990025
step
0.2572125
link
1.89999715
enable
0.23326910628529
bias
0.421051368422
node
0.4749992875
disable
0.37999943
done
10
53 171 0.91469106837672 368 0
12 171 -0.80233161412397 2242 1
53 1000003 1.0347001186407 367 0
170 1000003 -1.0308811017945 2244 1
171 1000003 0.97624584833827 369 0
78 1000005 1.7855882820368 2243 1
105 1000005 -0.41522773712882 366 1
73 1000004 -1.6596575823237 2725 1
99 1000001 1.4711752677999 2726 1
170 1000004 -1.3218787194433 2727 1
0
0
1
0
171
connections
0.69999895
step
0.27075
link
1.999997
enable
0.1805
bias
0.3999994
node
0.55401495845
disable
0.361
done
8
65 1000002 0.63362529374065 371 0
1000002 1000003 -0.92074343089084 370 1
74 1000005 1.5927610095523 372 1
170 1000006 -1.4031800286874 373 1
35 1000002 1.4258857997375 2728 1
130 1000004 -1.1995605334635 2729 1
65 171 1 2730 1
171 1000002 0.63362529374065 2731 1
0
0
1
0
170
connections
0.63175
step
0.29999955
link
2.2160598338
enable
0.22160598338
bias
0.44321196676
node
0.45125
disable
0.361
done
5
37 1000001 -1.0838343455306 389 0
45 1000004 -0.37873470259713 388 1
39 1000001 -0.95358134708701 2739 1
69 1000002 -1.7178868984039 2740 0
68 1000002 -0.87655262916959 2741 1
0
0
1
0
170
connections
0.6649990025
step
0.315789
link
2.10525684211
enable
0.210525684211
bias
0.37999943
node
0.4286875
disable
0.34295
done
7
1 1000003 1.9660634174627 1687 1
170 1000004 0.51326925812555 342 1
126 1000005 -0.14020203253273 1686 1
137 1000006 -2.1111220577105 341 0
85 1000001 1.4913174840541 2743 1
153 1000006 1.2631611072115 2744 1
129 1000004 0.55952635273293 2745 1
0
0
1
0
171
connections
0.6649990025
step
0.2849995725
link
2.10525684211
enable
0.171475
bias
0.37999943
node
0.4749992875
disable
0.34295
done
8
11 1000001 -0.014465773491623 2507 0
170 1000004 0.094879266812647 342 1
136 1000006 -0.074526200140385 2506 1
137 1000006 -1.7037174285852 341 1
38 1000001 -0.29194006164739 2746 1
29 1000006 0.20429090243233 2747 1
29 171 1 2748 1
171 1000006 0.20429090243233 2749 1
0
0
1
0
171
connections
0.6649990025
step
0.2849995725
link
2.10525684211
enable
0.171475
bias
0.37999943
node
0.4749992875
disable
0.34295
done
10
11 1000001 0.18564364038537 2507 0
170 1000004 0.085824896410337 342 1
136 1000006 0.13784705837374 2506 1
137 1000006 -1.4560138602015 341 1
126 1000002 1.5472273934141 2750 0
50 1000002 -0.534012878811 2751 1
134 1000003 0.50862147892697 2752 1
170 1000003 -0.8616595965453 2753 1
126 171 1 2754 1
171 1000002 1.5472273934141 2755 1
0
0
1
0
171
connections
0.63175
step
0.33240897507
link
1.999997
enable
0.22160598338
bias
0.3999994
node
0.55401495845
disable
0.361
done
7
129 1000006 -1.4691812211005 149 1
16 1000006 -0.52794588408126 150 0
4 1000005 -1.7303384502701 2756 1
166 1000002 0.16925565355388 2757 1
170 1000004 -0.26435132908109 2758 1
16 171 1 2759 1
171 1000006 -0.52794588408126 2760 1
0
0
1
0
171
connections
0.63175
step
0.27075
link
1.805
enable
0.22160598338
bias
0.3999994
node
0.49999925
disable
0.361
done
5
91 1000004 -0.33600878933073 31 1
170 1000005 0.93600268562883 30 1
133 1000006 1.1744132816553 2761 1
133 171 1 2762 1
171 1000006 1.1744132816553 2763 1
0
0
1
0
171
connections
0.69999895
step
0.315789
link
2.2160598338
enable
0.1999997
bias
0.361
node
0.55401495845
disable
0.44321196676
done
7
62 1000001 1.6465021293069 33 0
154 1000005 1.2089766984771 32 1
170 1000005 -1.7162197034516 34 1
86 1000004 -1.3010040589618 2774 0
69 1000003 -1.2588885158849 2775 1
86 171 1 2776 1
171 1000004 -1.3010040589618 2777 1
0
0
1
0
171
connections
0.69999895
step
0.315789
link
1.805
enable
0.1999997
bias
0.44321196676
node
0.55401495845
disable
0.3999994
done
6
81 1000003 0.39228492080447 214 1
148 1000001 0.15216528824732 2778 1
18 1000002 0.3228247932371 2779 1
170 1000004 1.3697317423017 2780 1
81 171 1 2781 1
171 1000003 0.39228492080447 2782 1
0
0
1
0
171
connections
0.69999895
step
0.285
link
1.805
enable
0.1805
bias
0.361
node
0.45125
disable
0.3999994
done
6
118 1000002 1.4091135898923 364 1
3 1000005 -1.7887751396222 365 1
8 1000005 -0.97311319315165 2783 1
131 1000004 0.11651966917936 2784 0
131 171 1 2785 1
171 1000004 0.11651966917936 2786 1
0
0
1
0
171
connections
0.69999895
step
0.315789
link
1.805
enable
0.22160598338
bias
0.44321196676
node
0.49999925
disable
0.3999994
done
4
81 1000003 0.37141026032289 214 1
130 1000002 0.82589190343944 2796 0
130 171 1 2797 1
171 1000002 0.82589190343944 2798 1
0
0
1
0
171
connections
0.69999895
step
0.27075
link
2.2160598338
enable
0.1999997
bias
0.3999994
node
0.55401495845
disable
0.3999994
done
10
65 1000002 0.73941502883999 371 1
1000002 1000003 -0.71579905850398 370 0
74 1000005 1.3929065752129 372 1
170 1000006 0.3259987182226 373 1
157 1000002 0.7820673238319 2799 1
121 1000001 1.4400463881344 2800 1
140 1000003 -1.0306100650044 2801 0
170 1000001 -0.78524124881741 2802 1
1000002 171 1 2803 1
171 1000003 -0.71579905850398 2804 1
0
0
1
0
171
connections
0.77562094183
step
0.29999955
link
1.805
enable
0.1999997
bias
0.361
node
0.49999925
disable
0.44321196676
done
6
123 1000003 0.37483745706198 187 1
23 1000006 -1.3776944119587 188 1
135 1000006 0.59627063814203 2805 0
160 1000004 0.068910794396801 2806 1
135 171 1 2807 1
171 1000006 0.59627063814203 2808 1
0
0
1
0
171
connections
0.69999895
step
0.315789
link
1.805
enable
0.1999997
bias
0.361
node
0.55401495845
disable
0.44321196676
done
7
56 171 1.1325240192572 332 1
35 1000003 -0.87728507339702 330 1
56 1000004 -1.8167958653829 331 0
171 1000004 -1.7215011593677 333 1
25 1000003 1.0243842890713 2815 1
89 171 -0.50910977507859 2816 1
170 1000002 1.8104190191351 2817 1
0
0
1
0
172
connections
0.69999895
step
0.29999955
link
1.805
enable
0.1999997
bias
0.361
node
0.45125
disable
0.361
done
9
53 171 0.74288499518876 368 1
53 1000003 0.41753320600146 367 1
171 1000003 0.34615662310404 369 1
105 1000005 -0.27340038609729 366 0
96 171 -0.97799615466781 2818 1
58 1000006 -0.6963713492233 2819 1
170 1000001 -0.64094973601489 2820 1
105 172 1 2821 1
172 1000005 -0.27340038609729 2822 1
0
0
1
0
171
connections
0.77562094183
step
0.29999955
link
1.999997
enable
0.1999997
bias
0.361
node
0.55401495845
disable
0.361
done
7
110 1000003 1.5590956709082 358 1
170 1000004 -1.5239635349422 360 1
144 1000006 0.0049106657200841 359 1
1 1000005 1.5567491683706 2826 1
125 1000001 0.668782616657 2827 0
125 171 1 2828 1
171 1000001 0.668782616657 2829 1
0
0
1
0
172
connections
0.69999895
step
0.27075
link
1.805
enable
0.1999997
bias
0.3999994
node
0.55401495845
disable
0.3999994
done
7
29 171 1 198 1
29 1000004 -0.95870845667898 197 0
171 1000004 -0.95870845667898 199 0
144 1000001 -0.37665944395276 2830 0
45 1000002 -1.600817896054 2831 1
144 172 1 2832 1
172 1000001 -0.37665944395276 2833 1
0
0
1
0
171
connections
0.63175
step
0.315789
link
1.805
enable
0.1805
bias
0.3999994
node
0.45125
disable
0.44321196676
done
7
59 1000002 1.8542435987426 50 1
66 1000005 -1.9981688894314 49 1
47 1000001 0.42805261391034 2842 0
147 1000002 0.013855403302103 2843 1
170 1000006 1.1233863338115 2844 1
47 171 1 2845 1
171 1000001 0.42805261391034 2846 1
0
0
1
0
171
connections
0.69999895
step
0.315789
link
1.999997
enable
0.1999997
bias
0.3999994
node
0.49999925
disable
0.44321196676
done
7
170 1000004 1.2447823589282 269 0
30 1000006 1.0311725728019 268 1
67 1000006 1.8170333729972 267 1
23 1000003 -0.23798333689383 2847 1
25 1000006 -0.2188177129429 2848 1
170 171 1 2849 1
171 1000004 1.2447823589282 2850 1
0
0
1
0
171
connections
0.63175
step
0.33240897507
link
2.2160598338
enable
0.1999997
bias
0.44321196676
node
0.55401495845
disable
0.3999994
done
8
4 1000002 -1.0395632416909 233 1
124 1000003 1.9088531034885 234 0
170 1000004 -1.4955812058636 235 1
26 1000006 1.9558091982788 2853 1
166 1000005 0.322946867275 2854 1
170 1000005 -1.1204565569018 2855 1
124 171 1 2856 1
171 1000003 1.9088531034885 2857 1
0
0
1
0
171
connections
0.6649990025
step
0.34990365942793
link
2.3326910628529
enable
0.210525684211
bias
0.37999943
node
0.4749992875
disable
0.421051368422
done
8
64 1000002 0.52296905882847 2185 1
107 1000004 2.0187737632026 2184 1
27 1000006 0.77537031509737 311 0
158 1000006 0.10348358629372 310 1
170 1000005 -0.033997619556261 2867 1
103 1000001 1.697378460036 2868 0
103 171 1 2869 1
171 1000001 1.697378460036 2870 1
0
0
1
0
172
connections
0.77562094183
step
0.29999955
link
1.999997
enable
0.1805
bias
0.44321196676
node
0.45125
disable
0.3999994
done
8
42 171 -1.8873256630146 123 1
171 1000004 -0.72955993239387 124 1
42 1000004 -0.73701254122898 121 0
94 1000005 0.81269846395611 122 1
1000004 1000006 0.20087282937101 2875 1
128 1000003 -0.36652729880673 2876 0
128 172 1 2877 1
172 1000003 -0.36652729880673 2878 1
0
0
1
0
172
connections
0.63175
step
0.315789
link
1.805
enable
0.1999997
bias
0.44321196676
node
0.49999925
disable
0.44321196676
done
9
109 171 1 294 1
128 1000001 0.48091067232276 293 0
109 1000002 1.8397167882321 292 0
171 1000002 1.8397167882321 295 1
152 1000001 1.766106143376 2879 1
59 1000002 -0.49848933378094 2880 1
170 1000001 -1.7678151799066 2881 1
171 172 1 2882 1
172 1000002 1.8397167882321 2883 1
0
0
1
0
171
connections
0.63175
step
0.27075
link
1.805
enable
0.22160598338
bias
0.3999994
node
0.49999925
disable
0.3999994
done
7
26 1000002 -0.11544490646077 63 1
41 1000006 -0.66999628437147 64 1
2 1000002 0.028504287850581 2884 0
55 1000006 0.09027375103 2885 1
170 1000003 1.2195806756798 2886 1
2 171 1 2887 1
171 1000002 0.028504287850581 2888 1
0
0
1
0
171
connections
0.69999895
step
0.33240897507
link
1.999997
enable
0.22160598338
bias
0.3999994
node
0.49999925
disable
0.3999994
done
7
69 1000001 -1.0439250224947 159 1
67 1000002 0.41364798937009 158 1
101 1000006 -1.7735526596881 2889 0
120 1000002 -0.071108127079073 2890 0
170 1000005 1.6407361064486 2891 1
120 171 1 2892 1
171 1000002 -0.071108127079073 2893 1
0
0
1
0
170
connections
0.69999895
step
0.27075
link
1.805
enable
0.1999997
bias
0.3999994
node
0.49999925
disable
0.3999994
done
4
59 1000002 2.0236410336619 50 1
66 1000005 -2.0943075731681 49 1
71 1000004 0.2311471907712 2897 0
148 1000003 -0.54756309701834 2898 1
0
0
1
0
171
connections
0.69999895
step
0.29999955
link
2.2160598338
enable
0.1999997
bias
0.44321196676
node
0.55401495845
disable
0.44321196676
done
8
170 1000001 -1.808743651062 174 1
20 1000005 -1.8884700032273 173 1
81 1000005 -0.61413342674184 172 1
135 1000006 0.66658528397473 2899 0
21 1000006 1.0058290353099 2900 1
170 1000003 -0.41621143223365 2901 0
170 171 1 2902 1
171 1000003 -0.41621143223365 2903 1
0
0
1
0
170
connections
0.69999895
step
0.29999955
link
1.999997
enable
0.22160598338
bias
0.44321196676
node
0.49999925
disable
0.3999994
done
3
81 1000003 1.7199838189932 214 1
107 1000001 -0.46467482528153 2904 1
100 1000005 1.1740470595416 2905 1
0
0
1
0
172
connections
0.69999895
step
0.285
link
2.2160598338
enable
0.1999997
bias
0.3999994
node
0.45125
disable
0.361
done
8
31 171 1 319 1
31 1000004 -1.1983397930845 318 0
133 1000004 0.26117740409558 317 1
171 1000004 -1.1983397930845 320 0
56 1000003 -0.57649464400159 2913 1
71 1000004 -1.9693594164861 2914 1
171 172 1 2915 1
172 1000004 -1.1983397930845 2916 1
0
0
1
0
171
connections
0.77562094183
step
0.33240897507
link
1.999997
enable
0.1999997
bias
0.3999994
node
0.45125
disable
0.3999994
done
7
170 1000001 -1.1675771355327 168 1
170 1000002 1.3901058429894 169 1
166 1000005 1.270518933235 167 0
6 1000006 -1.5132908108768 2917 0
122 1000001 0.087466048158208 2918 0
6 171 1 2919 1
171 1000006 -1.5132908108768 2920 1
0
0
1
0
171
connections
0.77562094183
step
0.27075
link
2.2160598338
enable
0.1999997
bias
0.3999994
node
0.55401495845
disable
0.3999994
done
6
2 1000003 1.3473597750786 244 1
91 1000006 1.3960172658467 245 0
33 1000003 -0.81600390636921 2921 1
52 1000004 0.50410473952452 2922 1
91 171 1 2923 1
171 1000006 1.3960172658467 2924 1
0
0
1
0
170
connections
0.63175
step
0.285
link
1.999997
enable
0.22160598338
bias
0.3999994
node
0.49999925
disable
0.361
done
4
37 1000001 -1.0838343455306 389 0
45 1000004 -0.37873470259713 388 0
139 1000005 0.95565660573138 2925 1
131 1000005 0.18951994384594 2926 1
0
0
1
0
172
connections
0.69999895
step
0.315789
link
2.2160598338
enable
0.22160598338
bias
0.3999994
node
0.49999925
disable
0.3999994
done
10
170 171 1 54 1
171 1000002 -0.93710135196997 55 1
170 1000002 -0.93710135196997 53 0
131 1000003 -0.47871333964049 52 1
53 1000006 -1.7260658589434 51 1
3 1000002 -1.8636432996612 2932 1
80 1000004 0.39484847560045 2933 1
170 1000006 0.45088045899838 2934 0
170 172 1 2935 1
172 1000006 0.45088045899838 2936 1
0
0
1
0
170
connections
0.69999895
step
0.29999955
link
2.2160598338
enable
0.22160598338
bias
0.3999994
node
0.49999925
disable
0.3999994
done
4
133 1000001 0.52217169713431 157 1
118 1000003 1.7298650181967 156 0
144 1000006 -1.7587817011017 2937 1
140 1000005 -0.64485610522782 2938 1
0
0
1
0
172
connections
0.77562094183
step
0.29999955
link
1.999997
enable
0.1999997
bias
0.3999994
node
0.55401495845
disable
0.3999994
done
10
116 171 1.2825857146138 277 1
170 1000001 1.5550070044755 276 0
116 1000003 -1.5227365246055 275 1
171 1000003 -1.9241702923994 278 0
48 1000005 -0.53900293767357 274 1
12 1000001 0.72908719138157 2939 1
2 1000002 -1.4467604602191 2940 1
170 1000005 0.49787896359142 2941 1
171 172 1 2942 1
172 1000003 -1.9241702923994 2943 1
0
0
1
0
172
connections
0.69999895
step
0.315789
link
1.999997
enable
0.1999997
bias
0.3999994
node
0.49999925
disable
0.361
done
8
90 171 1 257 1
90 1000002 -1.7205725272378 256 0
171 1000002 -1.7205725272378 258 0
151 1000006 -1.5195165868099 255 0
101 1000005 -0.069643238624226 2944 1
7 1000004 1.2828150273141 2945 1
151 172 1 2946 1
172 1000006 -1.5195165868099 2947 1
0
0
1
0
170
connections
0.63175
step
0.29999955
link
1.805
enable
0.1805
bias
0.361
node
0.49999925
disable
0.3999994
done
5
120 1000001 -0.65865047151097 75 1
29 1000003 -0.12750633259072 76 1
13 1000005 1.8992889187292 2948 1
68 1000001 -1.2399670400098 2949 1
170 1000004 0.46272164067507 2950 1
0
0
1
0
170
connections
0.63175
step
0.33240897507
link
1.999997
enable
0.1999997
bias
0.3999994
node
0.45125
disable
0.361
done
5
118 1000002 1.4100242574198 364 1
3 1000005 -1.7415585279832 365 1
81 1000004 1.0404980620746 2962 1
164 1000006 0.61555833613086 2963 1
170 1000001 0.73043000579852 2964 1
0
0
1
0
172
connections
0.77562094183
step
0.285
link
1.999997
enable
0.1805
bias
0.361
node
0.55401495845
disable
0.361
done
8
16 171 1.1251870784631 345 0
16 1000002 0.70537507248146 344 0
171 1000002 0.46502075258644 346 1
1000001 1000004 -0.95601718192083 343 1
74 1000005 1.7739188818018 2967 0
94 171 0.63753166295358 2968 1
74 172 1 2969 1
172 1000005 1.7739188818018 2970 1
0
0
1
0
170
connections
0.63175
step
0.29999955
link
1.999997
enable
0.1999997
bias
0.361
node
0.45125
disable
0.361
done
4
149 1000001 1.7212776251518 228 1
149 1000003 -1.4995236239097 227 1
158 1000003 1.7049470503861 2972 1
45 1000001 1.1026337473678 2973 1
0
0
1
0
172
connections
0.69999895
step
0.29999955
link
1.999997
enable
0.1999997
bias
0.44321196676
node
0.45125
disable
0.3999994
done
8
42 171 0.96796476865596 123 1
171 1000004 -0.59343537691427 124 1
42 1000004 -0.46258441196173 121 0
94 1000005 0.36054300949583 122 1
157 1000003 0.083803827021088 2974 1
114 1000004 -0.80379650257881 2975 1
157 172 1 2976 1
172 1000003 0.083803827021088 2977 1
0
0
1
0
171
connections
0.77562094183
step
0.29999955
link
1.999997
enable
0.1999997
bias
0.3999994
node
0.55401495845
disable
0.3999994
done
7
1000001 1000004 0.77095858638264 297 1
12 1000005 0.127140110477 296 0
163 1000003 0.82222968230232 2978 1
153 1000001 -1.0055848872341 2979 1
170 1000005 1.7869808038575 2980 1
12 171 1 2981 1
171 1000005 0.127140110477 2982 0
0
0
1
0
171
connections
0.77562094183
step
0.315789
link
1.999997
enable
0.1805
bias
0.3999994
node
0.49999925
disable
0.361
done
8
65 1000002 0.3972678235725 371 1
1000002 1000003 -0.64720483452864 370 1
74 1000005 1.8187293521836 372 1
170 1000006 -1.2726220409864 373 0
83 1000006 1.3003936887722 2983 0
42 1000004 -1.949095126194 2984 1
83 171 1 2985 1
171 1000006 1.3003936887722 2986 1
0
0
1
0
172
connections
0.69999895
step
0.27075
link
1.805
enable
0.22160598338
bias
0.361
node
0.55401495845
disable
0.3999994
done
9
112 171 1.1669846720786 206 1
29 1000004 -0.9075594347972 205 1
112 1000005 1.7753690374462 204 1
171 1000005 2.0120842081973 207 1
71 1000006 -0.82589190343944 2992 1
47 1000006 -1.3572801904355 2993 1
170 1000001 0.17035431989502 2994 0
170 172 1 2995 0
172 1000001 0.17035431989502 2996 1
0
0
1
0
170
connections
0.6001625
step
0.285
link
2.10525684211
enable
0.210525684211
bias
0.421051368422
node
0.5263142105275
disable
0.37999943
done
8
64 1000002 0.39808450575274 2185 1
107 1000004 1.7082221442305 2184 1
27 1000006 -0.24750511185034 311 0
158 1000006 -0.24913335851812 310 1
120 1000003 -1.9862056337168 2997 1
169 1000001 -0.44099246192816 2998 1
1000003 1000004 -1.3105258339183 2999 1
170 1000004 -0.69722586748863 3000 1
0
0
1
0
171
connections
0.69999895
step
0.285
link
1.999997
enable
0.1999997
bias
0.3999994
node
0.49999925
disable
0.3999994
done
6
158 1000006 -0.13172536393323 310 1
27 1000006 1.1574536881619 311 0
41 1000003 -1.4046449171422 3001 1
72 1000001 -0.6870937223426 3002 1
72 171 1 3003 1
171 1000001 -0.6870937223426 3004 1
0
0
1
0
171
connections
0.69999895
step
0.27075
link
1.999997
enable
0.1999997
bias
0.44321196676
node
0.55401495845
disable
0.361
done
6
91 1000004 -0.33600878933073 31 1
170 1000005 0.93600268562883 30 1
91 1000005 0.06732383190405 3005 1
140 1000001 -0.9565111239967 3006 0
140 171 1 3007 1
171 1000001 -0.9565111239967 3008 1
0
0
1
0
172
connections
0.77562094183
step
0.29999955
link
1.999997
enable
0.1999997
bias
0.3999994
node
0.49999925
disable
0.44321196676
done
8
158 171 1.282768825396 238 1
92 1000002 -1.6550335950575 236 0
158 1000003 -1.3567891471343 237 0
171 1000003 -1.4318096345973 239 1
146 171 0.62422559282205 3011 1
19 1000003 -1.7565843684194 3012 1
158 172 1 3013 1
172 1000003 -1.3567891471343 3014 1
