2
0
241
0
2
1
0
170
connections
0.736841
step
0.315789
link
2.10526
enable
0.19
bias
0.38
node
0.475
disable
0.38
done
3
170 1000003 1.1590319528794 15 0
127 1000004 1.6545304727317 13 1
98 1000006 -1.2717062898648 14 1
0
2
2
0
170
connections
0.736841
step
0.285
link
2.10526
enable
0.19
bias
0.421052
node
0.526315
disable
0.38
done
3
170 1000001 0.28864406262398 18 1
81 1000001 0.77156895657216 17 1
73 1000004 -0.43391216772973 16 1
0
170
connections
0.77562094183
step
0.27075
link
2.2160598338
enable
0.1999997
bias
0.44321196676
node
0.49999925
disable
0.3999994
done
5
170 1000001 0.51022988830226 18 1
81 1000001 0.58957888271737 17 1
74 1000002 0.58565019684439 1482 1
73 1000004 -0.48703426465651 16 1
29 1000006 0.12604144413587 1483 1
0
2
1
0
170
connections
0.665
step
0.285
link
1.9
enable
0.210526
bias
0.421052
node
0.475
disable
0.421052
done
2
116 1000005 0.1146885586108 19 1
43 1000006 1.2247077852718 20 1
0
2
1
0
170
connections
0.665
step
0.285
link
2.10526
enable
0.210526
bias
0.38
node
0.526315
disable
0.421052
done
3
116 1000004 1.8726767784661 22 1
1000002 1000005 1.3239539780877 21 1
79 1000005 0.2830286568804 23 1
0
2
1
0
170
connections
0.665
step
0.285
link
1.9
enable
0.210526
bias
0.38
node
0.475
disable
0.421052
done
3
123 1000004 -0.74971770378735 24 1
89 1000004 0.40400402844325 25 1
170 1000006 -1.4312570574053 26 0
0
2
1
0
170
connections
0.665
step
0.315789
link
2.10526
enable
0.19
bias
0.38
node
0.526315
disable
0.421052
done
2
118 1000001 -1.6076540421766 28 1
78 1000003 -1.6154667806024 27 0
0
2
1
0
171
connections
0.665
step
0.315789
link
2.10526
enable
0.210526
bias
0.421052
node
0.526315
disable
0.38
done
5
54 171 1 32 1
170 1000002 -1.5251319925535 31 1
38 1000004 0.55183568834498 30 1
54 1000006 1.5045014801477 29 0
171 1000006 1.5045014801477 33 1
0
2
1
0
170
connections
0.665
step
0.285
link
1.9
enable
0.19
bias
0.38
node
0.475
disable
0.38
done
2
166 1000002 -1.6103396710105 34 1
1000003 1000003 1.3936582537309 35 1
0
2
1
0
170
connections
0.665
step
0.285
link
2.10526
enable
0.19
bias
0.421052
node
0.526315
disable
0.421052
done
2
12 1000001 0.42500076296274 37 1
131 1000002 -1.1119113742485 36 1
0
2
1
0
171
connections
0.736841
step
0.285
link
2.10526
enable
0.210526
bias
0.38
node
0.526315
disable
0.38
done
4
47 171 1 40 1
171 1000003 1.996215704825 41 1
47 1000003 1.996215704825 39 1
28 1000006 -1.9954832605976 38 0
0
2
1
0
171
connections
0.665
step
0.285
link
2.10526
enable
0.210526
bias
0.421052
node
0.526315
disable
0.421052
done
5
170 171 1 45 1
171 1000005 1.2801293984802 46 1
170 1000005 1.2801293984802 44 0
38 1000006 0.46906949064608 43 1
12 1000006 -1.5784783471175 42 1
0
2
1
0
171
connections
0.736841
step
0.285
link
1.9
enable
0.19
bias
0.421052
node
0.526315
disable
0.421052
done
5
136 171 1 50 1
170 1000003 1.1796624652852 49 1
171 1000004 0.26032288583026 51 1
136 1000004 0.26032288583026 48 0
52 1000005 -1.8369090853603 47 1
0
2
1
0
170
connections
0.736841
step
0.285
link
2.10526
enable
0.210526
bias
0.421052
node
0.475
disable
0.38
done
3
3 1000002 1.3066194647053 52 1
170 1000003 1.6984771263771 54 1
167 1000004 -0.6167790765099 53 1
0
2
2
0
171
connections
0.736841
step
0.285
link
2.10526
enable
0.19
bias
0.421052
node
0.526315
disable
0.421052
done
4
160 171 1 57 1
160 1000003 0.60847804193243 55 0
171 1000003 0.60847804193243 58 1
50 1000006 -1.0536820581683 56 1
0
172
connections
0.69999895
step
0.27075
link
2.2160598338
enable
0.1805
bias
0.44321196676
node
0.49999925
disable
0.3999994
done
6
160 171 0.59028901028474 57 1
162 1000002 -0.033265175328837 1494 1
160 1000003 0.45834965819269 55 0
171 1000003 0.51521484267708 58 1
50 1000006 -1.3049316461684 56 1
69 1000006 0.87936033204138 1493 1
0
2
1
0
170
connections
0.665
step
0.315789
link
2.10526
enable
0.210526
bias
0.421052
node
0.526315
disable
0.38
done
3
170 1000002 0.79024628437147 61 1
153 1000003 0.47004608294931 60 1
168 1000003 1.8204290902432 59 1
0
2
2
0
171
connections
0.736841
step
0.285
link
1.9
enable
0.210526
bias
0.38
node
0.475
disable
0.421052
done
5
170 171 1 65 1
171 1000003 -0.57039094210639 66 1
170 1000003 -0.57039094210639 64 0
61 1000003 1.2538834803308 63 1
149 1000006 0.0070192571794792 62 1
0
171
connections
0.69999895
step
0.285
link
1.999997
enable
0.22160598338
bias
0.361
node
0.49999925
disable
0.3999994
done
7
170 171 1.1435219885861 65 1
13 1000002 1.3559373760186 1498 1
170 1000003 -0.42502502517777 64 0
171 1000003 -0.55827494125187 66 1
61 1000003 1.5307249671926 63 1
149 1000006 0.15979567857906 62 0
47 1000006 -0.12152470473342 1499 1
0
2
1
0
170
connections
0.665
step
0.315789
link
1.9
enable
0.210526
bias
0.38
node
0.475
disable
0.421052
done
2
57 1000004 0.51106295968505 67 1
147 1000004 1.2095706045717 68 0
0
2
2
0
171
connections
0.665
step
0.315789
link
2.10526
enable
0.19
bias
0.421052
node
0.526315
disable
0.421052
done
5
161 171 1 72 1
145 1000004 0.33747367778558 69 0
171 1000005 0.82039857173376 73 1
161 1000005 0.82039857173376 70 0
170 1000006 1.6332895901364 71 1
0
172
connections
0.63175
step
0.29999955
link
2.2160598338
enable
0.1805
bias
0.3999994
node
0.49999925
disable
0.44321196676
done
9
161 171 1 72 1
56 172 1 1504 0
145 1000004 0.33747367778558 69 0
39 1000004 1.5433210242012 1502 1
171 1000005 0.82039857173376 73 1
161 1000005 0.82039857173376 70 0
56 1000006 -0.23810541093173 1503 0
170 1000006 1.6332895901364 71 1
172 1000006 -0.23810541093173 1505 1
0
2
1
0
170
connections
0.736841
step
0.285
link
2.10526
enable
0.210526
bias
0.421052
node
0.526315
disable
0.421052
done
3
31 1000001 -1.6052125614185 74 1
111 1000003 -1.7060457167272 75 1
170 1000003 0.30585650196844 76 0
0
2
1
0
170
connections
0.736841
step
0.285
link
1.9
enable
0.210526
bias
0.421052
node
0.526315
disable
0.38
done
2
93 1000004 0.7359233375042 78 0
77 1000005 0.44294564653462 77 1
0
2
2
0
171
connections
0.665
step
0.285
link
2.10526
enable
0.19
bias
0.421052
node
0.526315
disable
0.38
done
5
112 171 1 82 1
170 1000004 0.5739310892056 81 1
112 1000005 1.0859096041749 80 0
52 1000005 -1.8404492324595 79 1
171 1000005 1.0859096041749 83 1
0
172
connections
0.69999895
step
0.27075
link
1.999997
enable
0.1805
bias
0.3999994
node
0.55401495845
disable
0.3999994
done
9
112 171 1.0029663762322 82 1
170 1000004 0.77062910092471 81 0
112 1000005 1.1820152363659 80 0
52 1000005 -1.7722060533464 79 1
171 1000005 0.9079187673574 83 0
1000005 1000005 1.9952391125217 1514 1
86 1000003 1.1943113498337 1515 1
171 172 1 1516 1
172 1000005 0.9079187673574 1517 1
0
2
2
0
171
connections
0.665
step
0.315789
link
1.9
enable
0.19
bias
0.421052
node
0.475
disable
0.421052
done
5
45 171 1 87 1
72 1000001 1.2724387340922 84 1
170 1000002 0.92562639240699 86 1
45 1000004 0.12591937009796 85 1
171 1000004 0.12591937009796 88 1
0
172
connections
0.63175
step
0.29999955
link
1.999997
enable
0.1999997
bias
0.3999994
node
0.45125
disable
0.44321196676
done
9
45 171 1 87 1
72 1000001 1.2724387340922 84 1
170 1000002 0.92562639240699 86 1
45 1000004 0.12591937009796 85 0
171 1000004 0.12591937009796 88 1
91 171 -0.45991393780328 1518 0
153 1000006 -0.51850947599719 1519 1
91 172 1 1520 1
172 171 -0.45991393780328 1521 1
0
2
1
0
170
connections
0.665
step
0.315789
link
2.10526
enable
0.19
bias
0.38
node
0.526315
disable
0.38
done
2
42 1000002 -0.62532425916318 90 1
58 1000006 -1.51426740318 89 1
0
2
2
0
171
connections
0.736841
step
0.315789
link
1.9
enable
0.210526
bias
0.421052
node
0.526315
disable
0.38
done
4
122 171 1 93 0
59 1000004 1.5129245887631 92 1
122 1000006 0.79012421033357 91 0
171 1000006 0.79012421033357 94 1
0
171
connections
0.69999895
step
0.29999955
link
1.805
enable
0.1999997
bias
0.3999994
node
0.55401495845
disable
0.361
done
6
122 171 0.81380380113071 93 0
59 1000004 1.6416056909467 92 1
122 1000006 0.99137211549883 91 0
171 1000006 0.98276590873592 94 1
109 1000004 0.74849696340831 1527 1
69 1000003 -1.7410809656056 1528 0
0
2
2
0
171
connections
0.736841
step
0.315789
link
2.10526
enable
0.19
bias
0.38
node
0.475
disable
0.38
done
5
34 171 1 98 1
171 1000001 -0.14410840174566 99 1
170 1000001 1.445661793878 97 1
34 1000001 -0.14410840174566 95 0
98 1000002 1.3274941251869 96 1
0
172
connections
0.77562094183
step
0.29999955
link
2.2160598338
enable
0.1999997
bias
0.361
node
0.45125
disable
0.3999994
done
9
34 171 1 98 1
171 1000001 -0.14410840174566 99 1
170 1000001 1.445661793878 97 1
34 1000001 -0.14410840174566 95 1
98 1000002 1.3274941251869 96 1
2 1000006 -0.010803552354503 1529 1
86 1000004 -0.97384563737907 1530 0
86 172 1 1531 1
172 1000004 -0.97384563737907 1532 1
0
2
2
0
171
connections
0.665
step
0.315789
link
1.9
enable
0.210526
bias
0.421052
node
0.526315
disable
0.421052
done
5
10 171 1 103 1
12 1000003 -0.03949095126194 101 1
170 1000003 -1.8749961851863 102 1
10 1000003 -0.23468733787042 100 0
171 1000003 -0.23468733787042 104 0
0
172
connections
0.69999895
step
0.33240897507
link
1.999997
enable
0.1999997
bias
0.44321196676
node
0.55401495845
disable
0.44321196676
done
7
10 171 1 103 1
12 1000003 -0.03949095126194 101 1
170 1000003 -1.8749961851863 102 1
10 1000003 -0.23468733787042 100 0
171 1000003 -0.23468733787042 104 0
144 171 -1.6584368419446 1966 1
52 1000006 0.49604785302286 1967 1
0
2
2
0
171
connections
0.665
step
0.285
link
2.10526
enable
0.19
bias
0.421052
node
0.475
disable
0.421052
done
5
170 171 1 108 1
128 1000003 1.4152653584399 106 1
59 1000005 -0.42512283700064 105 1
170 1000006 1.596911526841 107 0
171 1000006 1.596911526841 109 1
0
172
connections
0.63175
step
0.27075
link
2.2160598338
enable
0.1805
bias
0.3999994
node
0.45125
disable
0.3999994
done
9
170 171 1 108 1
128 1000003 1.4152653584399 106 1
59 1000005 -0.42512283700064 105 1
170 1000006 1.596911526841 107 0
171 1000006 1.596911526841 109 0
86 1000001 0.27045503097629 1905 1
128 1000002 -1.8541215247047 1906 1
171 172 1 1907 1
172 1000006 1.596911526841 1908 1
0
2
1
0
170
connections
0.736841
step
0.315789
link
2.10526
enable
0.19
bias
0.38
node
0.475
disable
0.421052
done
3
103 1000003 1.6772362437819 110 1
104 1000006 1.9194311349834 111 1
170 1000006 1.7592699972533 112 1
0
2
1
0
171
connections
0.736841
step
0.285
link
2.10526
enable
0.210526
bias
0.421052
node
0.526315
disable
0.38
done
4
77 171 1 115 1
168 1000001 -0.41254921109653 114 1
77 1000002 -1.3218787194433 113 0
171 1000002 -1.3218787194433 116 1
0
2
1
0
170
connections
0.736841
step
0.285
link
2.10526
enable
0.19
bias
0.421052
node
0.475
disable
0.421052
done
2
170 1000003 -1.5442976165044 118 1
110 1000004 1.6263313699759 117 1
0
2
1
0
170
connections
0.736841
step
0.315789
link
1.9
enable
0.210526
bias
0.421052
node
0.475
disable
0.38
done
2
11 1000003 0.69576097903378 120 1
130 1000006 -1.0308542130802 119 1
0
2
1
0
171
connections
0.665
step
0.285
link
1.9
enable
0.19
bias
0.421052
node
0.526315
disable
0.421052
done
5
83 171 1 124 1
109 1000004 1.2378917813654 121 1
170 1000005 1.7017731254006 123 1
83 1000006 1.7003082369457 122 0
171 1000006 1.7003082369457 125 0
0
2
3
0
171
connections
0.665
step
0.315789
link
2.10526
enable
0.19
bias
0.421052
node
0.526315
disable
0.38
done
4
168 171 1 128 1
171 1000002 0.39912106692709 129 1
168 1000002 0.39912106692709 126 0
1000003 1000005 0.68611713003937 127 1
0
171
connections
0.63175
step
0.33240897507
link
2.2160598338
enable
0.1805
bias
0.44321196676
node
0.55401495845
disable
0.3999994
done
7
168 171 1 128 1
171 1000002 0.39912106692709 129 1
168 1000002 0.39912106692709 126 0
1000003 1000005 0.68611713003937 127 1
128 1000001 -0.25031281472213 1765 1
48 1000005 1.3168736838893 1766 1
41 1000002 -1.3239539780877 1767 1
0
172
connections
0.69999895
step
0.29999955
link
2.2160598338
enable
0.1999997
bias
0.3999994
node
0.49999925
disable
0.3999994
done
7
168 171 1.2488567085345 128 1
171 1000002 0.22246493980987 129 1
168 1000002 0.4595567805887 126 0
1000003 1000005 0.82069439940947 127 1
7 1000004 0.31916257209998 1851 0
125 171 -0.61775566881314 1852 1
103 1000001 -0.98409985656301 1853 1
0
2
1
0
171
connections
0.665
step
0.285
link
2.10526
enable
0.19
bias
0.38
node
0.526315
disable
0.38
done
5
71 171 1 133 1
160 1000001 -1.3241981261635 131 1
101 1000002 -1.6094851527451 132 1
71 1000003 1.5214697714164 130 0
171 1000003 1.5214697714164 134 1
0
2
1
0
170
connections
0.665
step
0.285
link
2.10526
enable
0.19
bias
0.38
node
0.475
disable
0.421052
done
3
1000002 1000002 0.65559862056337 136 0
7 1000003 -1.802972502823 135 1
170 1000005 -1.8038270210883 137 1
0
2
1
0
170
connections
0.736841
step
0.285
link
2.10526
enable
0.19
bias
0.421052
node
0.475
disable
0.38
done
2
143 1000005 0.3502914517655 139 1
54 1000006 -0.18012024292734 138 1
0
2
1
0
171
connections
0.665
step
0.285
link
2.10526
enable
0.19
bias
0.421052
node
0.475
disable
0.38
done
5
170 171 1 143 1
107 1000003 -1.5952024903104 140 1
71 1000004 -1.083223975341 141 1
170 1000005 0.14508499404889 142 1
171 1000005 0.14508499404889 144 1
0
2
2
0
171
connections
0.736841
step
0.315789
link
2.10526
enable
0.210526
bias
0.38
node
0.526315
disable
0.421052
done
4
63 171 1 147 1
1 1000001 -1.575304422132 146 1
63 1000004 0.13068025757622 145 0
171 1000004 0.13068025757622 148 1
0
171
connections
0.77562094183
step
0.29999955
link
2.2160598338
enable
0.22160598338
bias
0.3999994
node
0.55401495845
disable
0.3999994
done
6
63 171 0.75302933252205 147 1
1 1000001 -1.523365048764 146 1
63 1000004 0.1801659464629 145 0
171 1000004 -1.0383007293924 148 1
28 1000003 1.7554857020783 1849 1
163 1000003 -1.657948545793 1850 1
0
2
1
0
170
connections
0.665
step
0.315789
link
2.10526
enable
0.19
bias
0.421052
node
0.526315
disable
0.421052
done
3
170 1000001 -0.99472029786065 151 1
115 1000004 -1.3842585528123 149 1
142 1000006 -1.3339640491958 150 1
0
2
1
0
171
connections
0.665
step
0.285
link
1.9
enable
0.210526
bias
0.38
node
0.475
disable
0.38
done
4
17 171 1 154 1
31 1000003 0.12591937009796 153 1
17 1000003 0.69222083193457 152 0
171 1000003 0.69222083193457 155 1
0
2
1
0
170
connections
0.736841
step
0.285
link
1.9
enable
0.19
bias
0.421052
node
0.526315
disable
0.421052
done
2
83 1000001 1.8381298257393 156 1
46 1000004 0.93771172215949 157 0
0
2
1
0
171
connections
0.736841
step
0.315789
link
1.9
enable
0.210526
bias
0.38
node
0.475
disable
0.421052
done
4
2 171 1 160 1
171 1000001 1.429059724723 161 0
2 1000001 1.429059724723 158 0
105 1000002 -1.4962004455702 159 1
0
2
1
0
170
connections
0.665
step
0.285
link
2.10526
enable
0.210526
bias
0.421052
node
0.475
disable
0.421052
done
3
135 1000002 -1.0903042695395 164 1
78 1000002 0.45686208685568 163 0
20 1000006 1.2045655690176 162 1
0
2
2
0
171
connections
0.736841
step
0.285
link
2.10526
enable
0.19
bias
0.38
node
0.526315
disable
0.38
done
4
35 171 1 167 1
171 1000001 -0.80428479873043 168 0
35 1000001 -0.80428479873043 165 0
45 1000006 -1.1031220435194 166 1
0
171
connections
0.77562094183
step
0.315789
link
2.2160598338
enable
0.1999997
bias
0.3999994
node
0.55401495845
disable
0.361
done
7
35 171 1.0150632711875 167 1
171 1000001 -0.60559032523576 168 0
35 1000001 0.20014038514359 165 0
45 1000006 -1.1780721778924 166 1
14 171 1.6780907620472 1974 1
66 1000002 -0.83932004760887 1975 1
133 1000005 -0.76863917966247 1976 1
0
2
1
0
170
connections
0.736841
step
0.285
link
1.9
enable
0.19
bias
0.421052
node
0.526315
disable
0.421052
done
3
52 1000003 -1.8024842066713 169 1
50 1000003 0.46723838007752 170 1
170 1000004 0.31855220191046 171 1
0
2
1
0
171
connections
0.665
step
0.285
link
2.10526
enable
0.19
bias
0.421052
node
0.475
disable
0.421052
done
5
14 171 1 175 1
98 1000002 0.97921689504685 172 0
170 1000003 0.7544785912656 174 1
14 1000005 -1.1805169835505 173 0
171 1000005 -1.1805169835505 176 1
0
2
1
0
171
connections
0.736841
step
0.315789
link
2.10526
enable
0.210526
bias
0.421052
node
0.475
disable
0.38
done
4
1000002 171 1 179 1
73 1000001 -0.9288003173925 177 1
1000002 1000006 1.4741050447096 178 0
171 1000006 1.4741050447096 180 1
0
2
1
0
170
connections
0.736841
step
0.315789
link
2.10526
enable
0.19
bias
0.38
node
0.475
disable
0.421052
done
2
37 1000003 -1.4293038727989 181 0
4 1000003 -0.84774315622425 182 1
0
2
1
0
170
connections
0.736841
step
0.285
link
2.10526
enable
0.19
bias
0.421052
node
0.526315
disable
0.421052
done
3
132 1000001 -1.8090762047182 183 1
85 1000003 1.6094851527451 184 0
170 1000003 0.95822016052736 185 1
0
2
1
0
171
connections
0.665
step
0.315789
link
2.10526
enable
0.19
bias
0.421052
node
0.475
disable
0.38
done
4
56 171 1 188 1
25 1000001 0.47798089541307 187 1
56 1000002 -0.71480452894681 186 0
171 1000002 -0.71480452894681 189 1
0
2
1
0
170
connections
0.665
step
0.315789
link
2.10526
enable
0.19
bias
0.421052
node
0.475
disable
0.421052
done
2
130 1000003 1.8592486342967 191 1
22 1000005 -1.7480391857662 190 1
0
2
1
0
170
connections
0.665
step
0.285
link
1.9
enable
0.210526
bias
0.38
node
0.475
disable
0.421052
done
3
22 1000001 -1.5439313943907 192 1
59 1000003 0.98532059694205 193 1
170 1000005 0.72798852504044 194 1
0
2
2
0
171
connections
0.736841
step
0.315789
link
1.9
enable
0.19
bias
0.38
node
0.526315
disable
0.38
done
5
158 171 1 198 1
157 1000003 0.51533555101169 196 1
170 1000003 -0.74336985381634 197 1
158 1000003 -0.28901028473769 195 0
171 1000003 -0.28901028473769 199 1
0
171
connections
0.77562094183
step
0.285
link
1.999997
enable
0.1805
bias
0.361
node
0.55401495845
disable
0.3999994
done
7
158 171 1.0688254951628 198 1
157 1000003 0.61213309121982 196 1
170 1000003 -0.90825357829524 197 1
158 1000003 -0.54196768089846 195 0
171 1000003 -0.46177419354839 199 1
158 1000001 1.155735953856 1916 1
167 1000003 1.2410657063509 1917 1
0
2
1
0
171
connections
0.665
step
0.285
link
1.9
enable
0.210526
bias
0.421052
node
0.526315
disable
0.38
done
5
170 171 1 203 1
17 1000005 -1.2618182927946 201 1
170 1000006 -1.0485549485763 202 1
83 1000006 -0.83639027069918 200 1
171 1000006 -1.0485549485763 204 0
0
2
1
0
170
connections
0.736841
step
0.285
link
1.9
enable
0.19
bias
0.38
node
0.475
disable
0.421052
done
2
150 1000002 0.8462782677694 205 0
76 1000004 -0.96163823358867 206 1
0
2
1
0
170
connections
0.665
step
0.315789
link
2.10526
enable
0.19
bias
0.421052
node
0.526315
disable
0.421052
done
3
139 1000003 1.5139011810663 207 1
75 1000004 -1.4053773613697 208 1
131 1000005 -0.77449873348186 209 1
0
2
1
0
170
connections
0.736841
step
0.285
link
1.9
enable
0.19
bias
0.421052
node
0.526315
disable
0.38
done
2
1000002 1000003 0.08233893856624 211 0
115 1000006 0.12201300088504 210 1
0
2
1
0
170
connections
0.665
step
0.315789
link
1.9
enable
0.19
bias
0.421052
node
0.526315
disable
0.38
done
2
153 1000004 -0.77169103061007 212 1
12 1000004 0.60872219000824 213 1
0
2
1
0
171
connections
0.665
step
0.315789
link
2.10526
enable
0.210526
bias
0.421052
node
0.526315
disable
0.38
done
4
39 171 1 216 1
63 1000002 -0.35004730368969 214 1
39 1000004 -1.2375255592517 215 0
171 1000004 -1.2375255592517 217 1
0
2
1
0
171
connections
0.665
step
0.315789
link
1.9
enable
0.19
bias
0.421052
node
0.475
disable
0.38
done
4
80 171 1 220 1
171 1000002 1.7839289529099 221 0
80 1000002 1.7839289529099 218 0
105 1000003 1.3930478835414 219 1
0
2
1
0
170
connections
0.736841
step
0.315789
link
2.10526
enable
0.210526
bias
0.38
node
0.475
disable
0.421052
done
2
12 1000001 1.1257057405316 222 1
15 1000001 -1.1026337473678 223 0
0
2
2
0
171
connections
0.665
step
0.315789
link
1.9
enable
0.19
bias
0.421052
node
0.475
disable
0.38
done
5
170 171 1 227 1
125 1000002 -1.7455977050081 225 1
170 1000004 1.1750236518448 226 1
171 1000004 1.1750236518448 228 1
101 1000005 -0.24091311380352 224 1
0
172
connections
0.69999895
step
0.29999955
link
1.999997
enable
0.1805
bias
0.3999994
node
0.45125
disable
0.3999994
done
9
170 171 1 227 1
125 1000002 -1.7455977050081 225 1
170 1000004 1.1750236518448 226 1
171 1000004 1.1750236518448 228 1
101 1000005 -0.24091311380352 224 1
1000005 1000005 1.9692373424482 1550 1
54 1000004 -1.8215277565844 1551 1
125 172 1 1552 1
172 1000002 -1.7455977050081 1553 1
0
2
2
0
170
connections
0.736841
step
0.285
link
1.9
enable
0.19
bias
0.38
node
0.526315
disable
0.421052
done
3
59 1000001 -1.0251167332987 229 1
170 1000003 -1.2728049562059 231 1
7 1000004 1.2675557725761 230 1
0
170
connections
0.69999895
step
0.315789
link
1.805
enable
0.1999997
bias
0.361
node
0.55401495845
disable
0.44321196676
done
5
59 1000001 -0.80319610269478 229 1
170 1000003 -1.3481405869625 231 1
7 1000004 1.508770497177 230 1
93 1000005 -1.7098300119022 1554 1
87 1000003 -1.3097933896908 1555 0
0
2
2
0
171
connections
0.736841
step
0.315789
link
2.10526
enable
0.19
bias
0.421052
node
0.526315
disable
0.38
done
5
9 171 1 235 1
1 1000005 -1.1752677999207 233 0
170 1000005 -1.7993102816858 234 1
9 1000005 0.20245979186377 232 1
171 1000005 0.20245979186377 236 1
0
171
connections
0.69999895
step
0.33240897507
link
2.2160598338
enable
0.1805
bias
0.44321196676
node
0.49999925
disable
0.3999994
done
7
9 171 1.0947406664687 235 1
1 1000005 -1.2001525686162 233 0
170 1000005 -1.4893412203356 234 1
9 1000005 0.30549876277309 232 1
171 1000005 0.34536714474353 236 1
22 1000001 0.22357860042116 1556 1
152 1000004 -0.062318796349986 1557 1
0
2
1
0
170
connections
0.736841
step
0.285
link
2.10526
enable
0.210526
bias
0.38
node
0.475
disable
0.421052
done
2
69 1000002 -1.2739036225471 238 1
30 1000005 -0.60786767174291 237 0
0
2
1
0
170
connections
0.736841
step
0.285
link
1.9
enable
0.19
bias
0.38
node
0.475
disable
0.38
done
2
168 1000002 1.0881069368572 240 1
66 1000004 0.08966338084048 239 1
0
2
1
0
170
connections
0.665
step
0.285
link
2.10526
enable
0.19
bias
0.38
node
0.526315
disable
0.421052
done
2
142 1000003 0.29865413373211 241 1
106 1000005 1.1419415875729 242 0
0
2
4
0
171
connections
0.665
step
0.285
link
1.9
enable
0.210526
bias
0.38
node
0.526315
disable
0.421052
done
5
55 171 1 246 1
124 1000001 1.95165868099 244 1
170 1000003 -1.0202337717826 245 1
55 1000004 0.37665944395276 243 0
171 1000004 0.37665944395276 247 1
0
171
connections
0.63175
step
0.315789
link
1.805
enable
0.22160598338
bias
0.3999994
node
0.49999925
disable
0.44321196676
done
7
55 171 1 246 1
124 1000001 1.95165868099 244 1
170 1000003 -1.0202337717826 245 1
55 1000004 0.37665944395276 243 1
171 1000004 0.37665944395276 247 0
56 1000002 0.12555314798425 1571 1
64 1000006 -0.47541734061708 1572 1
0
172
connections
0.63175
step
0.315789
link
1.805
enable
0.22160598338
bias
0.3999994
node
0.55401495845
disable
0.3999994
done
9
55 171 0.86354391763054 246 1
124 1000001 1.8795804946745 244 1
170 1000003 -0.89775193331706 245 0
55 1000004 0.41758952247688 243 0
171 1000004 0.3932261510361 247 1
78 171 -1.109958189642 1783 1
85 1000005 0.59126560258797 1784 0
85 172 1 1785 1
172 1000005 0.59126560258797 1786 1
0
171
connections
0.63175
step
0.285
link
1.999997
enable
0.22160598338
bias
0.361
node
0.55401495845
disable
0.44321196676
done
8
55 171 1 246 1
124 1000001 1.95165868099 244 1
170 1000003 -1.0202337717826 245 0
55 1000004 0.37665944395276 243 0
171 1000004 0.37665944395276 247 1
106 171 0.25177770317698 1968 1
124 1000006 -0.60237434003723 1969 1
170 1000004 1.7554857020783 1970 1
0
2
2
0
171
connections
0.736841
step
0.315789
link
1.9
enable
0.19
bias
0.421052
node
0.475
disable
0.38
done
4
58 171 1 250 1
171 1000004 -0.60579241309854 251 1
58 1000004 -0.60579241309854 248 0
5 1000006 -1.094698934904 249 1
0
171
connections
0.69999895
step
0.29999955
link
1.999997
enable
0.1805
bias
0.44321196676
node
0.45125
disable
0.3999994
done
6
58 171 0.87219782957091 250 1
171 1000004 -0.87898454458602 251 0
58 1000004 -0.37286634261452 248 0
5 1000006 -0.83361042611927 249 1
107 1000003 -1.5695669423505 1833 1
155 1000005 -1.5220801416059 1834 1
0
2
3
0
171
connections
0.736841
step
0.285
link
2.10526
enable
0.19
bias
0.38
node
0.526315
disable
0.421052
done
4
113 171 1 254 1
102 1000001 -0.11297952208014 252 1
113 1000002 -0.09210486159856 253 0
171 1000002 -0.09210486159856 255 1
0
171
connections
0.77562094183
step
0.285
link
1.999997
enable
0.1805
bias
0.3999994
node
0.55401495845
disable
0.3999994
done
6
113 171 1.2058676412244 254 1
102 1000001 0.009180730613117 252 1
113 1000002 0.15873027741325 253 0
171 1000002 -0.27367091891232 255 1
144 1000005 0.72518082216865 1790 1
43 171 0.98519852290414 1791 1
0
171
connections
0.77562094183
step
0.27075
link
2.2160598338
enable
0.1805
bias
0.3999994
node
0.55401495845
disable
0.3999994
done
7
113 171 0.89561495559557 254 1
102 1000001 -0.21895104068117 252 1
113 1000002 0.15760782952361 253 1
171 1000002 -0.053409764397107 255 0
55 1000002 1.1257057405316 1982 1
1000003 1000002 1.4339426862392 1983 1
108 171 1.759636219367 1984 1
0
2
1
0
170
connections
0.736841
step
0.315789
link
1.9
enable
0.210526
bias
0.38
node
0.475
disable
0.421052
done
3
7 1000001 -0.66951506088443 257 1
170 1000003 0.56233405560472 258 1
107 1000004 0.37897885067293 256 1
0
2
3
0
171
connections
0.736841
step
0.285
link
1.9
enable
0.19
bias
0.421052
node
0.475
disable
0.421052
done
4
1000004 171 1 261 0
1000004 1000004 1.0672322763756 260 0
171 1000004 1.0672322763756 262 1
46 1000005 1.7435224463637 259 1
0
171
connections
0.77562094183
step
0.27075
link
1.999997
enable
0.1999997
bias
0.3999994
node
0.49999925
disable
0.3999994
done
6
1000004 171 0.78236383404035 261 0
1000004 1000004 1.2716312982574 260 0
171 1000004 1.2978576998199 262 1
46 1000005 1.9567958082827 259 1
71 1000005 -1.7242347483749 1587 1
143 1000005 -0.27228614154485 1588 1
0
172
connections
0.69999895
step
0.29999955
link
1.999997
enable
0.1805
bias
0.3999994
node
0.45125
disable
0.3999994
done
6
1000004 171 -1.4622638630329 261 1
1000004 1000004 0.76803841381726 260 0
171 1000004 1.3571790444334 262 1
46 1000005 1.9432322209586 259 1
26 171 1.5645619067965 1775 1
126 1000002 -0.240302743614 1776 1
0
2
2
0
171
connections
0.665
step
0.285
link
2.10526
enable
0.210526
bias
0.38
node
0.475
disable
0.421052
done
4
52 171 1 265 1
82 1000005 -0.0012817773979918 263 1
52 1000006 -1.9866939298685 264 1
171 1000006 -1.9866939298685 266 1
0
171
connections
0.63175
step
0.285
link
2.2160598338
enable
0.1999997
bias
0.3999994
node
0.45125
disable
0.44321196676
done
7
52 171 1 265 1
82 1000005 -0.0012817773979918 263 1
52 1000006 -1.9866939298685 264 1
171 1000006 -1.9866939298685 266 0
29 1000003 1.1209448530534 1589 1
8 1000006 1.8795129245888 1590 1
170 1000001 -0.46003601184118 1591 1
0
2
1
0
171
connections
0.665
step
0.285
link
2.10526
enable
0.19
bias
0.421052
node
0.526315
disable
0.421052
done
4
146 171 1 269 1
146 1000001 1.350321970275 268 0
171 1000001 1.350321970275 270 0
121 1000002 0.23383281960509 267 1
0
2
1
0
170
connections
0.665
step
0.285
link
1.9
enable
0.19
bias
0.38
node
0.526315
disable
0.38
done
2
77 1000001 -1.4335764641255 271 1
76 1000002 1.9460432752464 272 1
0
2
1
0
170
connections
0.665
step
0.315789
link
1.9
enable
0.210526
bias
0.38
node
0.526315
disable
0.38
done
2
32 1000003 0.049134800256355 274 1
44 1000005 0.63423566393017 273 1
0
2
1
0
170
connections
0.665
step
0.315789
link
1.9
enable
0.210526
bias
0.421052
node
0.475
disable
0.38
done
2
158 1000004 -0.21198156682028 276 1
39 1000006 1.938962981048 275 1
0
2
1
0
170
connections
0.665
step
0.315789
link
1.9
enable
0.19
bias
0.421052
node
0.526315
disable
0.38
done
3
170 1000004 -0.4147465437788 279 1
131 1000006 -0.50849940488907 278 0
3 1000006 -1.2439954832606 277 1
0
2
2
0
171
connections
0.665
step
0.285
link
1.9
enable
0.19
bias
0.38
node
0.526315
disable
0.38
done
5
170 171 1 283 1
171 1000004 -0.8769188512833 284 1
170 1000004 -0.8769188512833 282 0
64 1000006 1.9937742240669 281 0
164 1000006 1.8148136844996 280 1
0
171
connections
0.69999895
step
0.285
link
1.999997
enable
0.1999997
bias
0.361
node
0.55401495845
disable
0.361
done
7
170 171 1.0826723532823 283 1
171 1000004 -0.97827402569658 284 1
170 1000004 -1.0705226294748 282 0
64 1000006 2.2059912411878 281 0
164 1000006 1.5568811609241 280 1
146 171 -1.5489364299448 1611 1
149 171 -1.4378490554521 1612 1
0
2
2
0
171
connections
0.665
step
0.285
link
2.10526
enable
0.19
bias
0.421052
node
0.475
disable
0.421052
done
4
1000004 171 1 287 1
1000004 1000001 1.0328073976867 286 0
1000006 1000001 1.0621051667837 285 0
171 1000001 1.0328073976867 288 1
0
171
connections
0.63175
step
0.29999955
link
2.2160598338
enable
0.1999997
bias
0.44321196676
node
0.49999925
disable
0.44321196676
done
7
1000004 171 1.2240268864696 287 1
1000004 1000001 0.81680076347697 286 0
1000006 1000001 0.84227151722617 285 0
171 1000001 1.2603866333308 288 1
165 1000001 -0.015076143681143 1846 1
105 1000004 -1.5899533066805 1847 1
170 171 -0.33002716147343 1848 1
0
2
2
0
171
connections
0.736841
step
0.285
link
1.9
enable
0.210526
bias
0.421052
node
0.526315
disable
0.421052
done
4
27 171 1 291 1
27 1000001 -1.9165013580737 290 1
171 1000001 -1.9165013580737 292 1
36 1000006 -0.97433393353069 289 1
0
171
connections
0.69999895
step
0.27075
link
1.805
enable
0.22160598338
bias
0.44321196676
node
0.49999925
disable
0.3999994
done
7
27 171 0.74002480391858 291 1
27 1000001 -2.1570422452467 290 1
171 1000001 -1.8415982924894 292 1
36 1000006 -0.82205719931639 289 1
48 1000005 -0.72408215582751 1617 1
144 1000001 0.41303750724815 1618 1
170 1000005 -1.7016510513627 1619 1
0
2
1
0
171
connections
0.665
step
0.315789
link
1.9
enable
0.210526
bias
0.421052
node
0.526315
disable
0.421052
done
4
153 171 1 295 1
38 1000002 0.73348185674612 294 1
153 1000002 -0.77913754692221 293 1
171 1000002 -0.77913754692221 296 1
0
2
2
0
170
connections
0.736841
step
0.285
link
2.10526
enable
0.210526
bias
0.38
node
0.475
disable
0.38
done
3
170 1000002 -0.39350566118351 299 1
135 1000004 -1.1822260200812 297 1
78 1000006 -1.5641956846828 298 1
0
170
connections
0.77562094183
step
0.27075
link
2.2160598338
enable
0.1999997
bias
0.3999994
node
0.49999925
disable
0.3999994
done
5
170 1000002 -0.39350566118351 299 1
135 1000004 -1.1822260200812 297 0
78 1000006 -1.5641956846828 298 1
89 1000003 1.0948210089419 1624 1
138 1000002 -0.49336222418897 1625 1
0
2
1
0
171
connections
0.736841
step
0.315789
link
2.10526
enable
0.19
bias
0.421052
node
0.526315
disable
0.38
done
5
170 171 1 303 1
56 1000001 -0.52851954710532 301 1
170 1000005 1.1858882412183 302 0
160 1000005 -1.4921720023194 300 1
171 1000005 1.1858882412183 304 1
0
2
1
0
170
connections
0.665
step
0.315789
link
1.9
enable
0.210526
bias
0.421052
node
0.475
disable
0.421052
done
3
170 1000001 -1.8985564745018 307 1
79 1000004 -0.28730124820704 305 1
151 1000005 1.9958494827113 306 0
0
2
3
0
171
connections
0.736841
step
0.285
link
1.9
enable
0.19
bias
0.38
node
0.526315
disable
0.38
done
4
91 171 1 310 1
106 1000002 0.27985473189489 309 0
91 1000004 1.9030732139042 308 0
171 1000004 1.9030732139042 311 1
0
172
connections
0.69999895
step
0.27075
link
1.805
enable
0.1805
bias
0.361
node
0.49999925
disable
0.361
done
7
91 171 1 310 0
106 1000002 0.27985473189489 309 0
91 1000004 1.9030732139042 308 0
171 1000004 1.9030732139042 311 0
131 1000006 1.787713248085 1634 1
91 172 1 1635 1
172 171 1 1636 1
0
171
connections
0.69999895
step
0.27075
link
1.999997
enable
0.1999997
bias
0.3999994
node
0.49999925
disable
0.361
done
6
91 171 0.84502956480605 310 1
106 1000002 0.036983710745567 309 0
91 1000004 2.0397330927458 308 0
171 1000004 1.7778161183508 311 1
103 1000002 -0.44318979461043 1781 1
96 171 1.6640522476882 1782 1
0
2
1
0
171
connections
0.665
step
0.285
link
2.10526
enable
0.210526
bias
0.421052
node
0.526315
disable
0.421052
done
5
170 171 1 315 1
76 1000003 -1.2806176946318 312 1
14 1000004 0.72518082216865 313 1
170 1000006 0.33661915952025 314 0
171 1000006 0.33661915952025 316 0
0
2
1
0
170
connections
0.736841
step
0.315789
link
2.10526
enable
0.210526
bias
0.38
node
0.475
disable
0.421052
done
2
74 1000002 0.82735679189428 317 1
49 1000006 1.9311502426222 318 0
0
2
1
0
171
connections
0.736841
step
0.315789
link
1.9
enable
0.19
bias
0.421052
node
0.475
disable
0.421052
done
4
150 171 1 321 1
101 1000001 -1.2504654072695 319 0
150 1000002 1.1111789300211 320 0
171 1000002 1.1111789300211 322 1
0
2
2
0
171
connections
0.665
step
0.285
link
2.10526
enable
0.210526
bias
0.421052
node
0.475
disable
0.38
done
4
32 171 1 325 1
171 1000001 -1.2938016907254 326 1
32 1000001 -1.2938016907254 323 0
149 1000003 -0.45588549455245 324 0
0
171
connections
0.63175
step
0.27075
link
2.2160598338
enable
0.1999997
bias
0.44321196676
node
0.49999925
disable
0.361
done
7
32 171 1 325 1
171 1000001 -1.2938016907254 326 1
32 1000001 -1.2938016907254 323 1
149 1000003 -0.45588549455245 324 0
44 1000005 -1.5678579058199 1648 1
96 1000005 -1.1882076479385 1649 1
82 1000001 1.4101382488479 1650 1
0
2
1
0
170
connections
0.736841
step
0.285
link
1.9
enable
0.19
bias
0.38
node
0.526315
disable
0.38
done
1
78 1000004 1.6822412793359 327 0
0
2
1
0
171
connections
0.665
step
0.285
link
2.10526
enable
0.19
bias
0.38
node
0.526315
disable
0.421052
done
5
120 171 1 331 1
65 1000002 -0.031189916684469 329 1
120 1000005 1.43797112949 330 0
121 1000005 -0.51496932889798 328 0
171 1000005 1.43797112949 332 1
0
2
4
0
171
connections
0.665
step
0.315789
link
2.10526
enable
0.19
bias
0.38
node
0.475
disable
0.38
done
4
16 171 1 335 1
171 1000001 -0.80733664967803 336 1
16 1000001 -0.80733664967803 333 1
142 1000005 1.6691793572802 334 1
0
171
connections
0.63175
step
0.33240897507
link
2.2160598338
enable
0.1805
bias
0.3999994
node
0.45125
disable
0.3999994
done
6
16 171 0.95362891247154 335 1
171 1000001 -1.0208911811945 336 1
16 1000001 -0.52662469102567 333 1
142 1000005 1.8069941076792 334 1
166 1000005 -0.70479445783868 1656 1
60 1000003 1.3014923551134 1657 1
0
171
connections
0.69999895
step
0.33240897507
link
1.999997
enable
0.1805
bias
0.361
node
0.45125
disable
0.361
done
6
16 171 0.99773774830041 335 1
171 1000001 -0.59751534069726 336 1
16 1000001 -0.97379982518765 333 1
142 1000005 1.4457642488489 334 1
167 1000004 -1.7026276436659 1747 1
12 1000001 -0.0811181981872 1748 1
0
171
connections
0.69999895
step
0.33240897507
link
2.2160598338
enable
0.1805
bias
0.361
node
0.45125
disable
0.361
done
7
16 171 1.0515245577679 335 1
171 1000001 -1.0893876990225 336 1
16 1000001 -0.91814640445233 333 1
142 1000005 1.4528654873679 334 1
99 1000006 -1.5466170232246 1797 1
66 171 1.5832392345958 1798 1
170 1000002 -1.2735374004334 1799 1
0
2
1
0
170
connections
0.665
step
0.315789
link
2.10526
enable
0.210526
bias
0.38
node
0.526315
disable
0.38
done
2
50 1000003 0.59688100833155 337 0
49 1000006 -0.73848689230018 338 1
0
2
1
0
171
connections
0.736841
step
0.315789
link
1.9
enable
0.210526
bias
0.38
node
0.526315
disable
0.421052
done
4
80 171 1 341 1
79 1000002 -0.64937284463027 340 1
80 1000003 0.21454512161626 339 0
171 1000003 0.21454512161626 342 1
0
2
1
0
170
connections
0.665
step
0.285
link
1.9
enable
0.210526
bias
0.421052
node
0.526315
disable
0.38
done
2
170 1000002 0.70821253089999 344 1
52 1000005 1.5501571703238 343 0
0
2
1
0
170
connections
0.736841
step
0.285
link
2.10526
enable
0.210526
bias
0.38
node
0.475
disable
0.38
done
2
137 1000002 -1.0751670888394 345 1
72 1000002 -1.1847895748772 346 1
0
2
1
0
170
connections
0.665
step
0.315789
link
1.9
enable
0.19
bias
0.38
node
0.475
disable
0.38
done
2
95 1000001 0.43061616870632 347 1
9 1000002 -0.048280281991028 348 1
0
2
2
0
171
connections
0.665
step
0.315789
link
1.9
enable
0.210526
bias
0.38
node
0.475
disable
0.38
done
4
30 171 1 351 0
26 1000001 0.87411114841151 350 1
30 1000002 0.60701315347758 349 1
171 1000002 0.60701315347758 352 1
0
171
connections
0.69999895
step
0.29999955
link
1.805
enable
0.22160598338
bias
0.3999994
node
0.49999925
disable
0.361
done
5
30 171 -1.4582354197821 351 0
26 1000001 0.67742270172277 350 0
30 1000002 0.32107651154973 349 1
171 1000002 -1.4437086092715 352 1
35 1000003 -1.2253181554613 1674 1
0
2
2
0
170
connections
0.736841
step
0.315789
link
1.9
enable
0.19
bias
0.38
node
0.475
disable
0.421052
done
3
170 1000003 1.6048463393048 355 1
98 1000004 1.794061098056 353 1
170 1000005 0.8186895352031 354 1
0
170
connections
0.69999895
step
0.29999955
link
1.805
enable
0.1805
bias
0.361
node
0.45125
disable
0.44321196676
done
5
170 1000003 1.6048463393048 355 0
98 1000004 1.794061098056 353 1
170 1000005 0.8186895352031 354 1
140 1000003 -1.0599078341014 1675 1
38 1000001 -1.9149143955809 1676 1
0
2
1
0
170
connections
0.665
step
0.315789
link
1.9
enable
0.210526
bias
0.38
node
0.475
disable
0.421052
done
2
161 1000002 1.7407147434919 357 1
1000005 1000004 -0.68648335215308 356 1
0
2
1
0
170
connections
0.665
step
0.285
link
1.9
enable
0.19
bias
0.38
node
0.526315
disable
0.38
done
1
81 1000004 -0.78865932187872 358 0
0
2
1
0
170
connections
0.665
step
0.315789
link
2.10526
enable
0.19
bias
0.38
node
0.526315
disable
0.421052
done
3
70 1000002 1.9315164647359 360 1
170 1000004 1.3307901242103 361 1
51 1000005 -0.0872219000824 359 1
0
2
1
0
171
connections
0.665
step
0.285
link
2.10526
enable
0.210526
bias
0.38
node
0.526315
disable
0.38
done
4
96 171 1 364 1
144 1000003 1.9254127628407 363 1
96 1000005 -1.170995208594 362 0
171 1000005 -1.170995208594 365 1
0
2
1
0
170
connections
0.736841
step
0.315789
link
2.10526
enable
0.19
bias
0.421052
node
0.526315
disable
0.38
done
2
60 1000004 -1.5388042847987 367 1
51 1000005 0.30097354045228 366 1
0
2
2
0
170
connections
0.736841
step
0.285
link
2.10526
enable
0.19
bias
0.421052
node
0.475
disable
0.421052
done
3
22 1000002 -0.93844416638691 368 1
170 1000003 1.7980895413068 370 1
110 1000006 -1.418927579577 369 1
0
170
connections
0.77562094183
step
0.29999955
link
2.2160598338
enable
0.1805
bias
0.3999994
node
0.45125
disable
0.44321196676
done
5
22 1000002 -0.65183001456496 368 1
170 1000003 2.0218966948378 370 1
110 1000006 -1.3254586808084 369 1
156 1000003 0.18646809289834 1697 1
63 1000005 0.27802362132633 1698 1
0
2
3
0
171
connections
0.736841
step
0.315789
link
2.10526
enable
0.19
bias
0.421052
node
0.526315
disable
0.421052
done
5
58 171 1 374 1
58 1000001 -0.82076479384747 372 0
171 1000001 -0.82076479384747 375 1
70 1000001 -1.8701132236702 371 1
170 1000006 -1.1066621906186 373 1
0
171
connections
0.69999895
step
0.315789
link
1.999997
enable
0.1805
bias
0.44321196676
node
0.49999925
disable
0.3999994
done
7
58 171 1 374 1
58 1000001 -0.82076479384747 372 0
171 1000001 -0.82076479384747 375 1
70 1000001 -1.8701132236702 371 1
170 1000006 -1.1066621906186 373 1
2 1000002 0.95846430860317 1699 1
143 1000002 -0.368724631489 1700 1
0
172
connections
0.77562094183
step
0.29999955
link
1.999997
enable
0.1999997
bias
0.3999994
node
0.55401495845
disable
0.44321196676
done
7
58 171 1.3534958952605 374 1
58 1000001 -1.0481975408658 372 1
171 1000001 -0.64304662419355 375 1
70 1000001 1.5109714041566 371 1
170 1000006 -0.80743170590381 373 1
125 1000003 0.79464094973601 1745 1
43 1000006 -1.4449293496506 1746 1
0
2
1
0
170
connections
0.736841
step
0.285
link
2.10526
enable
0.19
bias
0.421052
node
0.526315
disable
0.421052
done
3
84 1000001 -1.7663502914518 376 1
38 1000003 1.4019592883084 378 0
58 1000004 1.2442396313364 377 1
0
2
1
0
170
connections
0.665
step
0.285
link
1.9
enable
0.19
bias
0.38
node
0.526315
disable
0.38
done
2
93 1000001 0.96078371532334 380 1
57 1000006 0.59346293527024 379 1
0
2
1
0
170
connections
0.736841
step
0.315789
link
2.10526
enable
0.19
bias
0.421052
node
0.475
disable
0.38
done
2
16 1000004 0.55415509506516 381 1
140 1000004 -0.39814447462386 382 1
0
2
2
0
171
connections
0.665
step
0.315789
link
1.9
enable
0.210526
bias
0.38
node
0.526315
disable
0.38
done
4
129 171 1 385 1
171 1000002 -1.0800500503555 386 1
129 1000002 -1.0800500503555 383 0
133 1000004 -0.80135502182073 384 1
0
171
connections
0.69999895
step
0.29999955
link
1.999997
enable
0.22160598338
bias
0.3999994
node
0.49999925
disable
0.3999994
done
6
129 171 1.0315957654668 385 1
171 1000002 -1.1773642755501 386 1
129 1000002 -0.79242878923154 383 0
133 1000004 -0.59776329864345 384 1
97 1000001 -0.77327799310282 1837 1
71 171 1.4925382244331 1838 1
0
2
1
0
170
connections
0.665
step
0.285
link
2.10526
enable
0.210526
bias
0.421052
node
0.526315
disable
0.38
done
3
170 1000001 -0.61079744865261 389 1
69 1000002 -0.39887691885128 388 1
21 1000002 0.12469862971892 387 1
0
2
1
0
170
connections
0.736841
step
0.315789
link
1.9
enable
0.19
bias
0.38
node
0.475
disable
0.421052
done
2
28 1000002 -0.93111972411267 390 0
117 1000003 1.2949003570666 391 1
0
2
3
0
171
connections
0.736841
step
0.315789
link
1.9
enable
0.210526
bias
0.421052
node
0.526315
disable
0.38
done
4
57 171 1 394 1
125 1000003 -0.41889706106754 392 1
57 1000004 1.2547379985961 393 0
171 1000004 1.2547379985961 395 1
0
171
connections
0.77562094183
step
0.29999955
link
1.805
enable
0.22160598338
bias
0.44321196676
node
0.55401495845
disable
0.361
done
7
57 171 1 394 1
125 1000003 -0.41889706106754 392 1
57 1000004 1.2547379985961 393 1
171 1000004 1.2547379985961 395 1
63 1000006 0.86288033692434 1725 1
136 1000003 -0.62691122165593 1726 1
170 1000005 0.12213507492294 1727 1
0
171
connections
0.77562094183
step
0.29999955
link
1.999997
enable
0.1999997
bias
0.3999994
node
0.55401495845
disable
0.361
done
6
57 171 0.70091600391095 394 1
125 1000003 -0.6867606687933 392 1
57 1000004 1.0834287063189 393 0
171 1000004 1.2503708064409 395 1
150 171 -1.6086306344798 1835 1
108 1000003 0.7942747276223 1836 1
0
2
2
0
171
connections
0.736841
step
0.315789
link
1.9
enable
0.210526
bias
0.38
node
0.475
disable
0.421052
done
4
51 171 1 398 1
171 1000004 1.0090029602954 399 0
51 1000004 1.0090029602954 396 1
170 1000006 -1.0192571794794 397 1
0
171
connections
0.69999895
step
0.33240897507
link
1.999997
enable
0.1999997
bias
0.361
node
0.49999925
disable
0.44321196676
done
6
51 171 1 398 1
171 1000004 1.0090029602954 399 0
51 1000004 1.0090029602954 396 1
170 1000006 -1.0192571794794 397 1
66 1000001 1.3987853633229 1728 1
111 1000005 1.4244209112827 1729 1
0
2
1
0
171
connections
0.736841
step
0.285
link
2.10526
enable
0.19
bias
0.421052
node
0.526315
disable
0.421052
done
4
18 171 1 402 1
18 1000005 -0.20538956877346 401 0
168 1000005 -1.748283333842 400 1
171 1000005 -0.20538956877346 403 1
0
2
1
0
170
connections
0.736841
step
0.315789
link
2.10526
enable
0.210526
bias
0.421052
node
0.526315
disable
0.421052
done
3
7 1000003 1.8845179601428 404 1
135 1000003 1.6354869228187 405 1
170 1000003 1.0581987975707 406 0
0
2
1
0
170
connections
0.665
step
0.315789
link
1.9
enable
0.210526
bias
0.421052
node
0.475
disable
0.38
done
2
52 1000002 -0.9655446028016 407 0
139 1000003 -1.8193304239021 408 1
0
2
1
0
170
connections
0.665
step
0.285
link
2.10526
enable
0.210526
bias
0.38
node
0.475
disable
0.38
done
2
41 1000001 -1.9763176366466 409 1
80 1000002 -1.5507675405133 410 1
0
2
1
0
171
connections
0.665
step
0.285
link
1.9
enable
0.210526
bias
0.38
node
0.526315
disable
0.38
done
4
33 171 1 413 1
33 1000001 1.5840937528611 412 1
171 1000001 1.5840937528611 414 1
81 1000002 0.19953001495407 411 1
0
1
1
0
171
connections
0.69999895
step
0.285
link
2.2160598338
enable
0.1999997
bias
0.44321196676
node
0.55401495845
disable
0.3999994
done
8
32 171 1 1162 0
85 1000002 -0.71517075106052 425 1
156 1000002 -1.2811059907834 1159 1
170 1000002 -1.2366718039491 427 1
32 1000003 0.027893917661062 1160 0
171 1000003 0.027893917661062 1163 1
1000006 1000005 1.0058841212195 426 1
170 1000005 0.20465712454604 1161 1
0
1
1
0
171
connections
0.69999895
step
0.29999955
link
1.999997
enable
0.22160598338
bias
0.361
node
0.45125
disable
0.361
done
7
52 171 1 1167 1
23 1000001 -1.3788358523072 429 1
124 1000001 -0.21356852931303 1164 1
171 1000002 1.6522143498596 1168 1
52 1000002 1.6522143498596 428 0
170 1000003 -0.39265114291818 1166 1
148 1000003 1.8691366313669 1165 0
0
1
1
0
171
connections
0.77562094183
step
0.27075
link
1.999997
enable
0.1999997
bias
0.3999994
node
0.45125
disable
0.3999994
done
7
170 171 1 1174 1
92 1000001 1.6382946256905 1173 1
106 1000001 -0.22007676168096 436 1
167 1000001 0.34504226813562 1172 1
147 1000003 1.5195886638997 435 1
170 1000003 -1.3351193655202 437 0
171 1000003 -1.3351193655202 1175 0
0
1
3
0
171
connections
0.63175
step
0.315789
link
1.999997
enable
0.1805
bias
0.3999994
node
0.49999925
disable
0.3999994
done
6
68 171 1 1178 1
7 1000002 -0.36181468956572 438 1
1000001 1000003 -1.1819818720054 1176 1
171 1000004 -0.85277728308969 1179 1
68 1000004 -0.85277728308969 439 0
115 1000006 0.94088564714499 1177 1
0
171
connections
0.6001625
step
0.285
link
1.89999715
enable
0.189999715
bias
0.421051368422
node
0.4749992875
disable
0.421051368422
done
9
68 171 1 1178 1
7 1000002 -0.36181468956572 438 1
1000001 1000003 -1.1819818720054 1176 1
171 1000004 -0.85277728308969 1179 1
68 1000004 -0.85277728308969 439 1
115 1000006 0.94088564714499 1177 1
133 1000002 -1.2585222937712 1918 1
107 1000001 1.2576677755058 1919 1
170 1000005 0.80281991027558 1920 0
0
172
connections
0.6001625
step
0.33240897507
link
2.10525684211
enable
0.189999715
bias
0.421051368422
node
0.5263142105275
disable
0.421051368422
done
10
68 171 1 1178 1
7 1000002 -0.36181468956572 438 1
1000001 1000003 -1.1819818720054 1176 1
171 1000004 -0.85277728308969 1179 1
68 1000004 -0.85277728308969 439 0
115 1000006 0.94088564714499 1177 1
29 1000006 0.09210486159856 1931 1
16 1000005 -0.77376628925443 1932 1
68 172 1 1933 1
172 171 1 1934 1
0
1
1
0
171
connections
0.63175
step
0.33240897507
link
1.805
enable
0.22160598338
bias
0.44321196676
node
0.49999925
disable
0.44321196676
done
7
110 171 1 1182 1
133 1000002 -1.8520462660604 440 1
110 1000002 -0.48835718863491 1180 0
171 1000002 -0.48835718863491 1183 1
26 1000004 -1.0138859218116 441 1
170 1000006 -1.7708670308542 442 0
157 1000006 -1.8375194555498 1181 1
0
1
1
0
171
connections
0.63175
step
0.27075
link
1.999997
enable
0.1999997
bias
0.3999994
node
0.45125
disable
0.3999994
done
4
132 1000002 -0.76192510757775 444 1
72 1000003 1.383404034547 1184 1
10 1000005 1.0937223426008 443 1
9 1000006 -0.68929105502487 1185 1
0
1
3
0
172
connections
0.69999895
step
0.27075
link
1.805
enable
0.22160598338
bias
0.3999994
node
0.55401495845
disable
0.3999994
done
6
118 171 1 459 0
172 171 1 1198 1
118 172 1 1197 1
118 1000003 -0.080629902035585 458 0
1000005 1000003 -1.8204290902432 1196 1
171 1000003 -0.080629902035585 460 1
0
173
connections
0.6649990025
step
0.2849995725
link
1.71475
enable
0.23326910628529
bias
0.37999943
node
0.5263142105275
disable
0.421051368422
done
11
118 171 0.7948806751223 459 0
172 171 0.76405580604854 1198 1
118 172 1.0693472576538 1197 1
118 1000003 -0.0073338603638569 458 0
1000005 1000003 -1.9529394966594 1196 1
171 1000003 -0.21950707034844 460 1
136 171 1.3639942625202 1896 1
94 172 -0.10455641346477 1897 1
170 1000005 0.33393353068636 1898 0
170 173 1 1899 1
173 1000005 0.33393353068636 1900 1
0
172
connections
0.7368398947385
step
0.2849995725
link
1.71475
enable
0.23326910628529
bias
0.421051368422
node
0.5263142105275
disable
0.37999943
done
8
118 171 0.82187852884831 459 0
172 171 0.80300438497414 1198 1
118 172 0.86719386967063 1197 1
118 1000003 1.9899899288919 458 0
1000005 1000003 -1.9919750532065 1196 1
171 1000003 -0.22712630999535 460 1
169 1000005 -1.4006164738914 1991 1
65 1000005 -1.2087160863063 1992 1
0
1
1
0
172
connections
0.69999895
step
0.29999955
link
1.805
enable
0.22160598338
bias
0.3999994
node
0.45125
disable
0.3999994
done
9
77 171 1 998 1
170 172 1 1237 1
171 1000001 1.3863338114566 999 0
6 1000001 -0.46137882625813 1235 1
77 1000001 1.3863338114566 996 0
170 1000004 0.6380199591052 1236 0
172 1000004 0.6380199591052 1238 1
47 1000005 -1.317239906003 1234 1
170 1000006 -0.66096987823115 997 1
0
1
1
0
171
connections
0.69999895
step
0.285
link
1.805
enable
0.22160598338
bias
0.44321196676
node
0.49999925
disable
0.361
done
6
130 171 1 1241 1
11 1000003 0.64396572771386 120 1
33 1000003 1.101046784875 1239 1
79 1000006 0.40388195440535 1240 1
130 1000006 -0.91208609271523 119 0
171 1000006 -0.91208609271523 1242 1
0
1
1
0
170
connections
0.69999895
step
0.33240897507
link
1.999997
enable
0.1999997
bias
0.44321196676
node
0.55401495845
disable
0.3999994
done
6
88 1000001 0.32709738456374 1244 1
23 1000001 -1.5676137577441 1243 1
170 1000002 0.51545762504959 1245 1
139 1000003 1.5990044524022 207 1
75 1000004 -1.5327837250253 208 1
131 1000005 -0.89417489177834 209 0
0
1
1
0
171
connections
0.69999895
step
0.27075
link
1.999997
enable
0.1805
bias
0.3999994
node
0.45125
disable
0.3999994
done
7
124 171 1 1253 0
122 1000001 0.44782860805078 1251 1
40 1000001 0.90719321268349 1250 1
124 1000002 -1.8659627063814 478 0
171 1000002 -1.8659627063814 1254 1
92 1000005 1.3893856624042 477 1
170 1000005 1.3427533799249 1252 1
0
1
1
0
171
connections
0.69999895
step
0.315789
link
1.805
enable
0.1999997
bias
0.44321196676
node
0.49999925
disable
0.3999994
done
6
128 171 1 1257 1
78 1000001 1.7311929685354 1255 1
138 1000002 0.36628315073092 496 1
35 1000003 0.99215674306467 497 1
128 1000006 0.059266945402387 1256 0
171 1000006 0.059266945402387 1258 1
0
1
2
0
172
connections
0.63175
step
0.285
link
1.805
enable
0.1999997
bias
0.3999994
node
0.45125
disable
0.3999994
done
8
50 171 1 475 0
1000005 172 1 1261 1
172 1000001 0.046937467574084 1262 1
1000005 1000001 0.046937467574084 473 0
50 1000003 -0.58186590166936 474 0
171 1000003 -0.58186590166936 476 1
130 1000003 -0.72847682119205 1259 1
50 1000004 -0.19415875728629 1260 0
0
173
connections
0.6001625
step
0.27075
link
1.71475
enable
0.210525684211
bias
0.37999943
node
0.4749992875
disable
0.421051368422
done
13
50 171 1 475 0
1000005 172 1 1261 0
172 1000001 0.046937467574084 1262 1
1000005 1000001 0.046937467574084 473 0
50 1000003 -0.58186590166936 474 0
171 1000003 -0.58186590166936 476 1
130 1000003 -0.72847682119205 1259 1
50 1000004 -0.19415875728629 1260 0
103 1000002 -1.8818323313089 1740 1
6 1000002 -1.1169164098025 1741 1
170 1000004 1.9726554155095 1742 1
1000005 173 1 1743 1
173 172 1 1744 1
0
1
1
0
171
connections
0.69999895
step
0.285
link
1.999997
enable
0.1805
bias
0.361
node
0.49999925
disable
0.3999994
done
6
167 171 1 1270 1
170 1000003 0.86410107730338 1269 1
81 1000004 -0.78865932187872 358 0
145 1000004 -1.059175389874 1268 1
167 1000004 1.6522110660115 1267 0
171 1000004 1.6522110660115 1271 1
0
1
1
0
171
connections
0.69999895
step
0.29999955
link
1.999997
enable
0.1999997
bias
0.44321196676
node
0.55401495845
disable
0.44321196676
done
8
170 171 1 1275 1
141 1000001 0.68123416852321 1273 1
170 1000001 1.9040498062075 1274 1
85 1000002 -0.41401409955138 425 1
171 1000002 -1.0804162724693 1276 0
170 1000002 -1.0804162724693 427 0
1000006 1000005 1.1009247108371 426 1
38 1000006 0.7513046662801 1272 1
0
1
1
0
172
connections
0.69999895
step
0.29999955
link
1.999997
enable
0.1999997
bias
0.3999994
node
0.55401495845
disable
0.361
done
9
47 171 0.97014378696402 40 1
47 172 1 1284 1
170 1000002 1.1429181798761 1283 1
82 1000002 -1.3743705557421 1281 1
47 1000003 1.7814359128559 39 0
171 1000003 1.8701530868267 41 1
172 1000003 1.7814359128559 1285 1
10 1000005 -1.0140079958495 1282 1
28 1000006 -1.1039765617847 38 0
0
1
3
0
170
connections
0.69999895
step
0.315789
link
1.999997
enable
0.1999997
bias
0.3999994
node
0.49999925
disable
0.3999994
done
4
124 1000002 1.4922940763573 1292 1
11 1000003 0.6084556855678 120 1
83 1000005 -0.63191625721 1291 0
130 1000006 -0.77083651234474 119 1
0
170
connections
0.7368398947385
step
0.315789
link
1.89999715
enable
0.210525684211
bias
0.421051368422
node
0.5263142105275
disable
0.421051368422
done
6
124 1000002 1.3999773299051 1292 1
11 1000003 0.55200937760552 120 1
83 1000005 -0.39716788232063 1291 0
130 1000006 -0.72048104724265 119 1
39 1000001 0.91390728476821 1819 1
156 1000001 -0.43024994659261 1820 1
0
170
connections
0.7368398947385
step
0.33240897507
link
2.10525684211
enable
0.189999715
bias
0.37999943
node
0.4749992875
disable
0.37999943
done
7
124 1000002 1.4922940763573 1292 1
11 1000003 0.6084556855678 120 1
83 1000005 -0.63191625721 1291 0
130 1000006 -0.77083651234474 119 1
124 1000005 -0.090762047181616 1957 1
107 1000003 -0.63887447737053 1958 0
170 1000004 -0.83968626972259 1959 1
0
1
4
0
172
connections
0.69999895
step
0.33240897507
link
1.999997
enable
0.22160598338
bias
0.361
node
0.55401495845
disable
0.361
done
9
129 171 1.2778511739919 385 0
172 171 1.2778511739919 1297 1
129 172 1 1296 1
171 1000002 -0.67195654164251 386 1
129 1000002 0.47724845118564 383 0
170 1000003 -0.42670979949339 1295 1
171 1000003 0.49214148380993 1293 1
133 1000004 -0.97213980820043 384 1
13 1000006 1.4073305459761 1294 1
0
173
connections
0.7368398947385
step
0.34990365942793
link
2.10525684211
enable
0.210525684211
bias
0.37999943
node
0.5263142105275
disable
0.34295
done
14
129 171 1.2778511739919 385 0
172 171 1.2778511739919 1297 1
129 172 1 1296 0
171 1000002 -0.67195654164251 386 0
129 1000002 0.47724845118564 383 1
170 1000003 -0.42670979949339 1295 1
171 1000003 0.49214148380993 1293 1
133 1000004 -0.97213980820043 384 1
13 1000006 1.4073305459761 1294 1
33 1000006 1.2508316293832 1802 1
8 1000001 1.5018158513138 1803 1
170 171 -1.6003295999023 1804 1
171 173 1 1805 1
173 1000002 -0.67195654164251 1806 1
0
172
connections
0.6649990025
step
0.3157885263165
link
2.10525684211
enable
0.23326910628529
bias
0.34295
node
0.5263142105275
disable
0.34295
done
13
129 171 1.2778511739919 385 0
172 171 1.2778511739919 1297 1
129 172 1 1296 1
171 1000002 -0.67195654164251 386 1
129 1000002 0.47724845118564 383 0
170 1000003 -0.42670979949339 1295 1
171 1000003 0.49214148380993 1293 1
133 1000004 -0.97213980820043 384 1
13 1000006 1.4073305459761 1294 1
39 1000005 -0.90182195501572 1882 1
76 1000005 -0.62666707358013 1883 1
1000004 1000005 0.2584917752617 1884 1
170 1000005 -1.1244850001526 1885 1
0
173
connections
0.6649990025
step
0.34990365942793
link
1.89999715
enable
0.23326910628529
bias
0.34295
node
0.5263142105275
disable
0.37999943
done
13
129 171 1.3223272853697 385 0
172 171 1.4754478591266 1297 1
129 172 1.3418947558185 1296 0
171 1000002 -0.32403909030972 386 1
129 1000002 0.61377356138146 383 0
170 1000003 -0.28219714276442 1295 1
171 1000003 0.61730462941846 1293 1
133 1000004 -0.64833449600117 384 1
13 1000006 1.5299521995059 1294 1
139 1000002 -0.52656636249886 1892 0
63 1000002 1.315897091586 1893 1
139 173 1 1894 1
173 1000002 -0.52656636249886 1895 1
0
1
1
0
172
connections
0.77562094183
step
0.29999955
link
1.999997
enable
0.1999997
bias
0.3999994
node
0.49999925
disable
0.361
done
9
1000002 171 1.2214999576754 179 1
171 172 1 1303 1
73 1000001 -1.1203982843364 177 1
77 1000003 -0.24188970610675 1301 1
112 1000005 -0.37153233436079 1300 1
1000002 1000006 1.2022862440886 178 0
171 1000006 1.5235174892834 180 0
170 1000006 1.276589251381 1302 1
172 1000006 1.5235174892834 1304 1
0
1
1
0
170
connections
0.69999895
step
0.27075
link
1.805
enable
0.1999997
bias
0.361
node
0.55401495845
disable
0.361
done
2
4 1000001 -1.0491653187658 1305 0
78 1000004 1.817992240669 327 0
0
1
2
0
170
connections
0.77562094183
step
0.29999955
link
1.805
enable
0.22160598338
bias
0.3999994
node
0.45125
disable
0.3999994
done
5
163 1000001 -0.85067293313395 1315 1
34 1000002 -0.49592577898495 1314 1
11 1000003 0.44503654052095 120 0
130 1000006 -0.92764382069918 119 1
170 1000006 0.02752769554735 1316 1
0
171
connections
0.7368398947385
step
0.2849995725
link
1.89999715
enable
0.23326910628529
bias
0.421051368422
node
0.4749992875
disable
0.37999943
done
8
163 1000001 -0.85067293313395 1315 1
34 1000002 -0.49592577898495 1314 1
11 1000003 0.44503654052095 120 0
130 1000006 -0.92764382069918 119 1
170 1000006 0.02752769554735 1316 1
160 1000002 0.64815210425123 1960 1
151 1000006 -0.77120273445845 1961 1
170 1000003 1.2248298593097 1962 1
0
1
1
0
170
connections
0.77562094183
step
0.29999955
link
1.999997
enable
0.1999997
bias
0.3999994
node
0.45125
disable
0.3999994
done
5
74 1000002 0.82260506709647 317 1
91 1000003 -0.59089938047426 1317 1
170 1000003 1.4960783715323 1319 1
95 1000005 -0.72090823084201 1318 1
49 1000006 1.90495624523 318 0
0
1
2
0
171
connections
0.69999895
step
0.27075
link
1.999997
enable
0.1805
bias
0.44321196676
node
0.49999925
disable
0.361
done
7
170 171 1 1335 1
166 1000001 0.85714285714286 1334 1
170 1000001 0.076791917172765 18 0
171 1000001 0.076791917172765 1336 1
81 1000001 0.59189249092074 17 1
76 1000002 -0.89950254829554 1333 1
73 1000004 -0.61643106631672 16 1
0
172
connections
0.7368398947385
step
0.2849995725
link
2.10525684211
enable
0.171475
bias
0.421051368422
node
0.4749992875
disable
0.37999943
done
11
170 171 0.79232353304903 1335 1
166 1000001 -0.98495437482833 1334 1
170 1000001 -0.063302937841655 18 0
171 1000001 0.19143712012459 1336 1
81 1000001 0.72955197253204 17 1
76 1000002 -0.84956869576945 1333 1
73 1000004 -0.67681962895192 16 0
1 1000005 -0.6104312265389 1886 1
164 1000005 -1.6113162633137 1887 1
73 172 1 1888 1
172 1000004 -0.67681962895192 1889 1
0
1
1
0
172
connections
0.69999895
step
0.33240897507
link
1.805
enable
0.1999997
bias
0.44321196676
node
0.55401495845
disable
0.3999994
done
9
122 171 1 93 1
170 172 1 1476 0
50 1000001 1.1929685354167 1473 1
103 1000003 -1.5303811761834 1474 1
59 1000004 1.5129245887631 92 1
170 1000006 1.3442182683798 1475 0
171 1000006 0.79012421033357 94 1
122 1000006 0.79012421033357 91 0
172 1000006 1.3442182683798 1477 1
0
1
2
0
171
connections
0.77562094183
step
0.285
link
1.999997
enable
0.1999997
bias
0.361
node
0.45125
disable
0.361
done
7
78 171 1 1480 1
20 1000001 1.4086733603931 1478 1
170 1000002 -0.66878154850917 299 1
135 1000004 -1.2760141300699 297 1
35 1000004 -1.1221655934324 1479 1
78 1000006 -1.6888782921842 298 0
171 1000006 -1.6888782921842 1481 1
0
171
connections
0.7368398947385
step
0.29999955
link
1.89999715
enable
0.210525684211
bias
0.37999943
node
0.4749992875
disable
0.34295
done
8
78 171 0.72946297485427 1480 1
20 1000001 1.5803854963912 1478 1
170 1000002 -0.67378765221107 299 1
135 1000004 -1.3803231871441 297 1
35 1000004 -0.84324209446242 1479 1
78 1000006 -1.9357024710364 298 0
171 1000006 -1.8064995031236 1481 1
117 1000002 -1.4318674275948 1739 1
0
0
1
0
171
connections
0.63175
step
0.29999955
link
1.805
enable
0.1999997
bias
0.44321196676
node
0.49999925
disable
0.44321196676
done
6
116 1000005 0.11751762019562 19 1
43 1000006 1.3903589543794 20 0
132 1000006 -1.7271645252846 1484 1
31 1000004 1.3218787194433 1485 1
43 171 1 1486 1
171 1000006 1.3903589543794 1487 1
0
0
1
0
171
connections
0.69999895
step
0.285
link
2.2160598338
enable
0.22160598338
bias
0.361
node
0.55401495845
disable
0.44321196676
done
8
116 1000004 1.8726767784661 22 0
1000002 1000005 1.3239539780877 21 1
79 1000005 0.2830286568804 23 1
115 1000001 -0.76021607104709 1488 1
2 1000002 0.49861140781884 1489 0
170 1000005 0.31415753654592 1490 1
116 171 1 1491 1
171 1000004 1.8726767784661 1492 1
0
0
1
0
170
connections
0.69999895
step
0.29999955
link
2.2160598338
enable
0.1999997
bias
0.44321196676
node
0.55401495845
disable
0.3999994
done
6
170 1000002 0.85004111029542 61 1
153 1000003 0.75406006166417 60 1
168 1000003 1.6972046893689 59 1
31 1000005 -1.1657460249641 1495 1
40 1000006 -0.33161412396619 1496 1
158 1000001 -0.3933835871456 1497 1
0
0
1
0
171
connections
0.69999895
step
0.33240897507
link
1.999997
enable
0.1999997
bias
0.3999994
node
0.49999925
disable
0.44321196676
done
4
57 1000004 0.51106295968505 67 1
147 1000004 1.2095706045717 68 0
38 1000004 -0.95992919705802 1500 1
93 1000003 1.6309701834162 1501 1
0
0
1
0
171
connections
0.77562094183
step
0.29999955
link
2.2160598338
enable
0.22160598338
bias
0.44321196676
node
0.49999925
disable
0.3999994
done
9
31 1000001 -0.59126560258797 74 1
111 1000003 -1.5144660608615 75 0
170 1000003 0.070714791019929 76 0
32 1000004 -0.3718985564745 1506 1
25 1000001 -1.4035462508011 1507 1
15 1000005 -0.41450239570299 1508 1
170 1000005 -0.59504989776299 1509 1
111 171 1 1510 0
171 1000003 -1.5144660608615 1511 1
0
0
1
0
170
connections
0.69999895
step
0.27075
link
1.805
enable
0.22160598338
bias
0.3999994
node
0.49999925
disable
0.3999994
done
4
93 1000004 0.7359233375042 78 0
77 1000005 0.44294564653462 77 1
59 1000004 0.55183568834498 1512 1
63 1000002 1.233252967925 1513 1
0
0
1
0
171
connections
0.63175
step
0.33240897507
link
2.2160598338
enable
0.1805
bias
0.3999994
node
0.49999925
disable
0.3999994
done
7
42 1000002 -0.75741744024129 90 0
58 1000006 -1.1873771049019 89 1
37 1000002 1.7553636280404 1522 1
159 1000005 0.59297463911863 1523 1
170 1000006 -0.4483169042024 1524 1
170 171 1 1525 1
171 1000006 -0.4483169042024 1526 1
0
0
1
0
172
connections
0.63175
step
0.33240897507
link
1.805
enable
0.1999997
bias
0.44321196676
node
0.49999925
disable
0.3999994
done
10
10 171 1 103 1
12 1000003 -0.03949095126194 101 1
170 1000003 -1.8749961851863 102 1
10 1000003 -0.23468733787042 100 0
171 1000003 -0.23468733787042 104 0
43 1000003 1.4146549882504 1533 1
23 1000006 1.6677144688253 1534 0
170 1000004 1.8691366313669 1535 1
23 172 1 1536 1
172 1000006 1.6677144688253 1537 1
0
0
1
0
170
connections
0.69999895
step
0.33240897507
link
1.999997
enable
0.1805
bias
0.3999994
node
0.49999925
disable
0.44321196676
done
6
103 1000003 1.6360592049987 110 1
104 1000006 1.7434928783642 111 1
170 1000006 1.656920860943 112 1
19 1000005 1.74315622425 1538 1
96 1000002 0.66060365611744 1539 1
170 1000001 0.12140263069552 1540 1
0
0
1
0
172
connections
0.69999895
step
0.315789
link
1.805
enable
0.1805
bias
0.3999994
node
0.49999925
disable
0.3999994
done
9
80 171 1.2017591697439 220 1
171 1000002 1.9225630898465 221 0
80 1000002 1.4733248792688 218 0
105 1000003 1.2994011745659 219 1
107 1000002 -0.23993652150029 1541 0
8 1000006 -0.32343516342662 1542 1
170 1000005 -1.8731650746178 1543 1
107 172 1 1544 1
172 1000002 -0.23993652150029 1545 1
0
0
1
0
171
connections
0.69999895
step
0.29999955
link
2.2160598338
enable
0.22160598338
bias
0.361
node
0.45125
disable
0.44321196676
done
6
12 1000001 1.1257057405316 222 1
15 1000001 -1.1026337473678 223 0
56 1000005 -0.93380535294656 1546 0
31 1000001 -0.40339365825373 1547 1
56 171 1 1548 1
171 1000005 -0.93380535294656 1549 1
0
0
1
0
171
connections
0.77562094183
step
0.27075
link
2.2160598338
enable
0.1999997
bias
0.3999994
node
0.49999925
disable
0.3999994
done
7
69 1000002 -1.0908558992279 238 1
30 1000005 -0.58583055360576 237 1
107 1000004 -0.22418897061068 1558 1
165 1000004 -0.4270760216071 1559 0
170 1000004 0.86922818689535 1560 0
165 171 1 1561 1
171 1000004 -0.4270760216071 1562 1
0
0
1
0
171
connections
0.77562094183
step
0.27075
link
1.805
enable
0.1999997
bias
0.3999994
node
0.49999925
disable
0.3999994
done
6
168 1000002 1.0881069368572 240 0
66 1000004 0.08966338084048 239 1
108 1000004 1.9005096591082 1563 1
108 1000001 0.33161412396619 1564 1
168 171 1 1565 1
171 1000002 1.0881069368572 1566 0
0
0
1
0
171
connections
0.63175
step
0.29999955
link
1.999997
enable
0.1999997
bias
0.3999994
node
0.49999925
disable
0.3999994
done
6
142 1000003 0.066368950985748 241 1
106 1000005 1.0093419146504 242 0
57 1000004 0.95675527207251 1567 0
15 1000006 1.0577105014191 1568 1
57 171 1 1569 1
171 1000004 0.95675527207251 1570 1
0
0
1
0
172
connections
0.69999895
step
0.315789
link
1.805
enable
0.1805
bias
0.44321196676
node
0.45125
disable
0.361
done
9
58 171 0.9922611601001 250 1
171 1000004 -0.83580846775719 251 1
58 1000004 -0.90909133027131 248 0
5 1000006 -0.9625604120304 249 1
167 171 -1.5114597003082 1573 1
1000002 1000004 -0.31830805383465 1574 1
170 171 -0.21076082644124 1575 0
170 172 1 1576 1
172 171 -0.21076082644124 1577 1
0
0
1
0
172
connections
0.77562094183
step
0.315789
link
2.2160598338
enable
0.1805
bias
0.3999994
node
0.55401495845
disable
0.3999994
done
9
113 171 0.83380287163915 254 0
102 1000001 -0.012798649403363 252 1
113 1000002 -0.037913707480087 253 1
171 1000002 -0.38405091027558 255 1
72 1000002 -0.5095980712302 1578 1
10 1000003 1.5836054567095 1579 1
170 171 1.3080843531602 1580 0
170 172 1 1581 1
172 171 1.3080843531602 1582 1
0
0
1
0
171
connections
0.77562094183
step
0.315789
link
1.999997
enable
0.22160598338
bias
0.361
node
0.49999925
disable
0.44321196676
done
7
7 1000001 -0.66951506088443 257 1
170 1000003 0.56233405560472 258 0
107 1000004 0.37897885067293 256 1
6 1000001 -0.36371959593493 1583 1
117 1000004 -0.76204718161565 1584 1
170 171 1 1585 1
171 1000003 0.56233405560472 1586 1
0
0
1
0
172
connections
0.63175
step
0.285
link
2.2160598338
enable
0.1805
bias
0.3999994
node
0.49999925
disable
0.3999994
done
10
146 171 0.94705664235359 269 1
146 1000001 1.3101295510727 268 0
171 1000001 1.1107243568224 270 0
121 1000002 0.050370647297586 267 1
27 1000004 -0.29438154240547 1592 1
117 1000003 0.74544511246071 1593 1
117 1000001 0.17181920834986 1594 1
170 1000006 1.0337839899899 1595 0
170 172 1 1596 1
172 1000006 1.0337839899899 1597 0
0
0
1
0
171
connections
0.69999895
step
0.27075
link
1.999997
enable
0.1999997
bias
0.361
node
0.49999925
disable
0.361
done
6
77 1000001 -1.4335764641255 271 0
76 1000002 1.9460432752464 272 1
48 1000006 0.27753532517472 1598 1
62 1000001 0.61116367076632 1599 1
77 171 1 1600 1
171 1000001 -1.4335764641255 1601 1
0
0
1
0
170
connections
0.63175
step
0.285
link
1.999997
enable
0.22160598338
bias
0.361
node
0.49999925
disable
0.3999994
done
4
32 1000003 0.049134800256355 274 1
44 1000005 0.63423566393017 273 1
115 1000003 -1.4899746696371 1602 1
72 1000004 -1.0733359782708 1603 0
0
0
1
0
171
connections
0.69999895
step
0.315789
link
1.999997
enable
0.1999997
bias
0.3999994
node
0.49999925
disable
0.3999994
done
6
158 1000004 0.10259311957152 276 1
39 1000006 1.647672276223 275 1
19 1000002 0.14288766136662 1604 1
70 1000006 1.6835840937529 1605 1
158 171 1 1606 1
171 1000004 0.10259311957152 1607 1
0
0
1
0
170
connections
0.69999895
step
0.33240897507
link
1.805
enable
0.1999997
bias
0.44321196676
node
0.49999925
disable
0.361
done
6
170 1000004 -0.61087260704454 279 1
131 1000006 -0.40783427657034 278 0
3 1000006 -1.2904477278007 277 1
66 1000001 1.8181096835231 1608 1
170 1000003 0.30817590868862 1609 1
170 1000001 -0.60371715445418 1610 1
0
0
1
0
172
connections
0.63175
step
0.315789
link
2.2160598338
enable
0.1999997
bias
0.3999994
node
0.45125
disable
0.3999994
done
8
1000004 171 1.163941974517 287 0
1000004 1000001 1.0764166760765 286 0
1000006 1000001 1.1502585522935 285 0
171 1000001 0.91520208847316 288 1
88 1000005 1.4715414899136 1613 1
52 1000003 -1.7845393230995 1614 0
52 172 1 1615 1
172 1000003 -1.7845393230995 1616 1
0
0
1
0
172
connections
0.63175
step
0.315789
link
1.805
enable
0.1999997
bias
0.3999994
node
0.55401495845
disable
0.3999994
done
8
153 171 -0.89840388195441 295 0
38 1000002 0.51055893554491 294 1
153 1000002 -0.8653056260567 293 1
171 1000002 -0.80545731250954 296 1
148 1000002 1.0916470839564 1620 1
13 171 -1.0650349436933 1621 0
153 172 1 1622 1
172 171 -0.89840388195441 1623 1
0
0
1
0
172
connections
0.69999895
step
0.33240897507
link
1.999997
enable
0.1999997
bias
0.44321196676
node
0.55401495845
disable
0.361
done
10
170 171 1.2012186657464 303 1
56 1000001 -0.53072093104618 301 0
170 1000005 1.4358416924573 302 0
160 1000005 -1.3638120437769 300 1
171 1000005 1.2141816044029 304 1
75 1000002 -0.80196539201025 1626 1
99 1000002 1.2585222937712 1627 1
170 1000004 0.43220313119907 1628 1
56 172 1 1629 1
172 1000001 -0.53072093104618 1630 1
0
0
1
0
171
connections
0.63175
step
0.33240897507
link
1.805
enable
0.22160598338
bias
0.3999994
node
0.45125
disable
0.44321196676
done
6
170 1000001 -1.8985564745018 307 0
79 1000004 -0.28730124820704 305 1
151 1000005 1.9958494827113 306 0
69 1000002 -1.8988006225776 1631 1
170 171 1 1632 1
171 1000001 -1.8985564745018 1633 1
0
0
1
0
173
connections
0.6001625
step
0.2572125
link
2.10525684211
enable
0.210525684211
bias
0.421051368422
node
0.4749992875
disable
0.37999943
done
12
170 171 1.1804420220801 315 1
169 1000002 -1.8028504287851 1358 1
76 1000003 -1.1192976443525 312 1
14 1000004 0.87422387577441 313 1
170 1000005 -0.33245587137974 1357 1
171 1000006 0.14032065836055 316 0
170 1000006 0.42412023491623 314 0
66 1000006 -1.3484908597064 1637 1
1000002 1000006 -0.89449751274148 1638 1
144 1000001 -0.64461195715201 1639 0
144 173 1 1640 1
173 1000001 -0.64461195715201 1641 1
0
0
1
0
170
connections
0.77562094183
step
0.315789
link
2.2160598338
enable
0.22160598338
bias
0.361
node
0.49999925
disable
0.44321196676
done
4
74 1000002 0.87435843845943 317 1
49 1000006 2.2054983813898 318 0
65 1000001 -1.0122989593188 1642 1
162 1000002 1.462141788995 1643 1
0
0
1
0
172
connections
0.69999895
step
0.315789
link
1.999997
enable
0.1999997
bias
0.44321196676
node
0.45125
disable
0.44321196676
done
8
150 171 1 321 1
101 1000001 -1.2504654072695 319 0
150 1000002 1.1111789300211 320 0
171 1000002 1.1111789300211 322 1
44 1000006 -0.40314951017792 1644 1
7 1000006 0.52998443556017 1645 1
150 172 1 1646 1
172 171 1 1647 1
0
0
1
0
170
connections
0.77562094183
step
0.315789
link
1.805
enable
0.1999997
bias
0.3999994
node
0.55401495845
disable
0.3999994
done
2
78 1000004 1.6822412793359 327 0
114 1000004 -0.21430097354045 1651 0
0
0
1
0
173
connections
0.6001625
step
0.285
link
2.10525684211
enable
0.171475
bias
0.37999943
node
0.4749992875
disable
0.421051368422
done
12
120 171 1 331 1
120 1000001 1.0467238380078 1066 1
65 1000002 -0.031189916684469 329 0
14 1000004 0.41401409955138 1067 1
171 1000005 1.43797112949 332 0
120 1000005 1.43797112949 330 0
121 1000005 -0.51496932889798 328 0
170 1000006 0.42622150334178 1068 1
110 1000003 -1.0393993957335 1652 1
169 1000006 -1.4496902371288 1653 1
65 173 1 1654 1
173 1000002 -0.031189916684469 1655 1
0
0
1
0
171
connections
0.63175
step
0.33240897507
link
1.999997
enable
0.1999997
bias
0.3999994
node
0.49999925
disable
0.361
done
6
50 1000003 0.29889828180792 337 0
49 1000006 -0.66500936288241 338 1
148 1000003 1.5207373271889 1658 1
71 1000003 0.35529648731956 1659 0
71 171 1 1660 1
171 1000003 0.35529648731956 1661 1
0
0
1
0
172
connections
0.7368398947385
step
0.2849995725
link
2.10525684211
enable
0.210525684211
bias
0.37999943
node
0.5263142105275
disable
0.421051368422
done
8
80 171 0.87946732762383 341 1
164 1000002 1.2577898495437 1076 1
79 1000002 -0.41763699423048 340 1
171 1000003 0.21454512161626 342 1
80 1000003 0.49855910033113 339 1
57 1000005 -0.57026886806848 1077 1
46 1000006 -0.62666707358013 1662 1
136 1000001 0.13238929410688 1663 1
0
0
1
0
170
connections
0.63175
step
0.285
link
1.805
enable
0.22160598338
bias
0.3999994
node
0.49999925
disable
0.3999994
done
5
170 1000002 0.99056840723899 344 1
52 1000005 1.2770557267983 343 0
129 1000003 1.4700766014588 1664 1
116 1000001 -1.0041199987793 1665 1
170 1000004 -1.2720725119785 1666 1
0
0
1
0
170
connections
0.77562094183
step
0.29999955
link
1.999997
enable
0.22160598338
bias
0.361
node
0.45125
disable
0.3999994
done
4
137 1000002 -1.0869685787515 345 1
72 1000002 -1.3172244480956 346 1
117 1000006 0.90646076845607 1667 1
73 1000006 -0.80965605639821 1668 1
0
0
1
0
171
connections
0.63175
step
0.315789
link
1.805
enable
0.1999997
bias
0.361
node
0.49999925
disable
0.361
done
7
95 1000001 0.60030203933836 347 1
9 1000002 0.22198159511093 348 0
37 1000006 -1.9759514145329 1669 1
56 1000006 -0.93270668660543 1670 0
170 1000004 -1.8303170873135 1671 1
9 171 1 1672 1
171 1000002 0.22198159511093 1673 1
0
0
1
0
171
connections
0.69999895
step
0.29999955
link
1.999997
enable
0.22160598338
bias
0.3999994
node
0.45125
disable
0.3999994
done
6
161 1000002 1.7407147434919 357 0
1000005 1000004 -0.68648335215308 356 1
116 1000003 0.91610461745048 1677 1
46 1000001 0.19025238807337 1678 1
161 171 1 1679 1
171 1000002 1.7407147434919 1680 1
0
0
1
0
171
connections
0.63175
step
0.285
link
1.999997
enable
0.1805
bias
0.3999994
node
0.49999925
disable
0.361
done
3
81 1000004 -0.78865932187872 358 0
112 1000002 1.5062105166784 1681 1
31 1000001 0.28473769341105 1682 1
0
0
1
0
171
connections
0.69999895
step
0.33240897507
link
2.2160598338
enable
0.1999997
bias
0.361
node
0.55401495845
disable
0.44321196676
done
7
70 1000002 1.9315164647359 360 0
170 1000004 1.3307901242103 361 0
51 1000005 -0.0872219000824 359 1
62 1000003 0.68013550218207 1683 1
1000005 1000006 0.074892422254097 1684 1
170 171 1 1685 1
171 1000004 1.3307901242103 1686 1
0
0
1
0
172
connections
0.63175
step
0.27075
link
1.999997
enable
0.1999997
bias
0.361
node
0.55401495845
disable
0.361
done
9
96 171 1.1224311883908 364 1
144 1000003 2.17315888699 363 1
96 1000005 -1.1823071001312 362 1
171 1000005 -1.3481267052217 365 1
154 1000001 -0.85201574755089 1687 1
107 171 -0.28376110110782 1688 0
170 1000006 -1.6288949247719 1689 1
107 172 1 1690 1
172 171 -0.28376110110782 1691 1
0
0
1
0
171
connections
0.77562094183
step
0.33240897507
link
2.2160598338
enable
0.1805
bias
0.44321196676
node
0.55401495845
disable
0.3999994
done
7
60 1000004 -1.5388042847987 367 1
51 1000005 0.30097354045228 366 1
86 1000002 -1.9547105319376 1692 1
87 1000006 -1.4117252113407 1693 0
168 1000005 -0.879848628193 1694 1
87 171 1 1695 1
171 1000006 -1.4117252113407 1696 1
0
0
1
0
171
connections
0.69999895
step
0.29999955
link
2.2160598338
enable
0.1805
bias
0.44321196676
node
0.55401495845
disable
0.3999994
done
8
84 1000001 -1.7663502914518 376 1
38 1000003 1.4019592883084 378 0
58 1000004 1.2442396313364 377 1
147 1000004 -0.85909604174932 1701 1
41 1000003 -0.50532547990356 1702 0
170 1000003 1.8889126255074 1703 0
41 171 1 1704 1
171 1000003 -0.50532547990356 1705 1
0
0
1
0
171
connections
0.63175
step
0.315789
link
1.805
enable
0.1805
bias
0.3999994
node
0.55401495845
disable
0.361
done
6
93 1000001 1.0594418772851 380 1
57 1000006 -0.69747001556444 379 1
152 1000006 -1.4750816370128 1706 1
1000002 1000001 -1.4712973418378 1707 0
1000002 171 1 1708 1
171 1000001 -1.4712973418378 1709 0
0
0
1
0
171
connections
0.77562094183
step
0.29999955
link
1.999997
enable
0.1805
bias
0.44321196676
node
0.45125
disable
0.3999994
done
6
16 1000004 0.55415509506516 381 1
140 1000004 -0.39814447462386 382 0
113 1000006 0.077455977050081 1710 1
146 1000004 -0.50288399914548 1711 1
140 171 1 1712 1
171 1000004 -0.39814447462386 1713 1
0
0
1
0
172
connections
0.69999895
step
0.315789
link
1.805
enable
0.22160598338
bias
0.3999994
node
0.49999925
disable
0.361
done
9
129 171 1.2688355404828 385 1
171 1000002 -0.82688493786431 386 0
129 1000002 -1.1107837495346 383 0
133 1000004 -0.69340639701529 384 1
131 1000003 0.20514542069765 1714 1
155 1000003 -0.59077730643635 1715 0
170 171 -0.52571184423353 1716 1
171 172 1 1717 1
172 1000002 -0.82688493786431 1718 1
0
0
1
0
171
connections
0.63175
step
0.285
link
1.999997
enable
0.22160598338
bias
0.3999994
node
0.55401495845
disable
0.3999994
done
7
170 1000001 -0.76298242133854 389 1
69 1000002 -0.64160573137608 388 0
21 1000002 0.37191549424726 387 1
115 1000004 -0.62654499954222 1719 1
76 1000002 -1.5937376018555 1720 1
69 171 1 1721 1
171 1000002 -0.64160573137608 1722 1
0
0
1
0
170
connections
0.69999895
step
0.33240897507
link
1.999997
enable
0.1999997
bias
0.361
node
0.45125
disable
0.3999994
done
4
28 1000002 -0.93111972411267 390 0
117 1000003 1.2949003570666 391 1
122 1000004 -0.97054963835566 1723 0
19 1000006 -1.332499160741 1724 1
0
0
1
0
171
connections
0.69999895
step
0.27075
link
1.999997
enable
0.1999997
bias
0.44321196676
node
0.55401495845
disable
0.3999994
done
7
18 171 1.2140335474715 402 1
18 1000005 -0.065441061128574 401 0
168 1000005 0.7360454115421 400 0
171 1000005 -0.4086428418836 403 1
6 1000006 -0.46919156468398 1730 1
96 1000004 -0.17743461409345 1731 1
170 1000003 1.0173039948729 1732 1
0
0
1
0
171
connections
0.69999895
step
0.29999955
link
2.2160598338
enable
0.1999997
bias
0.3999994
node
0.49999925
disable
0.44321196676
done
7
7 1000003 1.7797511261132 404 1
135 1000003 1.4489611245415 405 1
170 1000003 1.6714987640004 406 0
113 1000004 0.75496688741722 1733 0
10 1000006 0.067812128055666 1734 1
113 171 1 1735 1
171 1000004 0.75496688741722 1736 1
0
0
1
0
170
connections
0.63175
step
0.29999955
link
1.999997
enable
0.1999997
bias
0.361
node
0.49999925
disable
0.3999994
done
4
41 1000001 -1.9710898238151 409 1
80 1000002 -1.6389079155202 410 0
53 1000005 0.94882045960875 1737 1
33 1000004 0.42890713217566 1738 1
0
0
1
0
171
connections
0.63175
step
0.27075
link
2.2160598338
enable
0.22160598338
bias
0.361
node
0.55401495845
disable
0.3999994
done
7
116 1000004 1.8726767784661 22 1
1000002 1000005 1.3239539780877 21 1
79 1000005 0.2830286568804 23 1
72 1000004 -0.16827906125065 1749 1
76 1000002 1.0772423474837 1750 1
116 171 1 1751 1
171 1000004 1.8726767784661 1752 1
0
0
1
0
171
connections
0.77562094183
step
0.29999955
link
2.2160598338
enable
0.22160598338
bias
0.44321196676
node
0.55401495845
disable
0.3999994
done
7
31 1000001 -1.5605793082598 74 1
111 1000003 -1.8728687948408 75 1
170 1000003 0.255638369953 76 0
113 1000002 -0.15497299111911 1753 0
107 1000006 0.31904049806207 1754 1
113 171 1 1755 0
171 1000002 -0.15497299111911 1756 1
0
0
1
0
172
connections
0.69999895
step
0.29999955
link
1.999997
enable
0.22160598338
bias
0.361
node
0.49999925
disable
0.3999994
done
8
129 171 1 385 1
171 1000002 -1.0800500503555 386 0
129 1000002 -1.0800500503555 383 0
133 1000004 -0.80135502182073 384 1
140 1000006 0.062562944425794 1757 1
163 171 1.8476516006958 1758 1
171 172 1 1759 1
172 1000002 -1.0800500503555 1760 0
0
0
1
0
172
connections
0.77562094183
step
0.33240897507
link
1.999997
enable
0.1999997
bias
0.3999994
node
0.45125
disable
0.44321196676
done
8
51 171 1.3217165387858 398 0
171 1000004 0.93440952196754 399 0
51 1000004 1.1695619632079 396 0
170 1000006 -0.92262961248995 397 1
98 1000006 -1.251075777459 1761 1
88 1000004 -0.94186223944823 1762 1
51 172 1 1763 1
172 171 1.3217165387858 1764 1
0
0
1
0
172
connections
0.77562094183
step
0.29999955
link
1.805
enable
0.22160598338
bias
0.3999994
node
0.55401495845
disable
0.44321196676
done
8
80 171 1.2238803978439 341 1
79 1000002 -0.56559050623951 340 0
80 1000003 0.50068318540452 339 0
171 1000003 -0.049894314482558 342 1
19 1000005 -1.3798638874477 1768 1
104 171 1.8172551652577 1769 1
171 172 1 1770 1
172 1000003 -0.049894314482558 1771 1
0
0
1
0
170
connections
0.77562094183
step
0.27075
link
2.2160598338
enable
0.1999997
bias
0.3999994
node
0.49999925
disable
0.44321196676
done
6
132 1000001 -1.9868522064882 183 1
85 1000003 1.494341830195 184 0
170 1000003 0.76925621051668 185 1
4 1000001 1.624866481521 1772 1
104 1000003 -1.9702139347514 1773 1
127 1000006 -0.61336100344859 1774 0
0
0
1
0
172
connections
0.69999895
step
0.29999955
link
2.2160598338
enable
0.22160598338
bias
0.361
node
0.45125
disable
0.44321196676
done
8
52 171 1.1597733129994 265 0
82 1000005 -0.19174445749229 263 0
52 1000006 -1.9680624077807 264 1
171 1000006 -2.16772640468 266 1
1 1000002 0.3412579729606 1777 1
113 1000006 -0.022522659993286 1778 1
82 172 1 1779 1
172 1000005 -0.19174445749229 1780 1
0
0
1
0
170
connections
0.69999895
step
0.285
link
1.999997
enable
0.22160598338
bias
0.3999994
node
0.45125
disable
0.3999994
done
5
69 1000002 -1.249019287698 238 1
30 1000005 -0.48443754387036 237 1
68 1000001 -1.2938016907254 1787 1
83 1000002 -1.5359965819269 1788 0
170 1000004 -0.82039857173376 1789 1
0
0
1
0
171
connections
0.63175
step
0.285
link
2.2160598338
enable
0.1999997
bias
0.3999994
node
0.55401495845
disable
0.3999994
done
8
70 1000002 1.9315164647359 360 1
170 1000004 1.3307901242103 361 0
51 1000005 -0.0872219000824 359 1
114 1000006 -0.91805780205695 1792 1
147 1000001 1.426618243965 1793 1
170 1000005 -1.3826715903195 1794 1
114 171 1 1795 1
171 1000006 -0.91805780205695 1796 1
0
0
1
0
170
connections
0.77562094183
step
0.29999955
link
1.805
enable
0.1805
bias
0.3999994
node
0.49999925
disable
0.3999994
done
4
150 1000002 0.48347422711875 205 0
76 1000004 -0.8535754054796 206 1
98 1000003 1.4883877071444 1800 1
111 1000005 0.40888698995941 1801 1
0
0
1
0
172
connections
0.77562094183
step
0.27075
link
2.2160598338
enable
0.1999997
bias
0.3999994
node
0.49999925
disable
0.361
done
8
47 171 1.0475859630116 40 1
47 1000003 1.9756659062471 39 1
171 1000003 1.8631914960173 41 1
28 1000006 -1.8650535981323 38 0
114 1000005 -1.0403759880367 1807 0
1000003 1000004 -1.6507461775567 1808 1
114 172 1 1809 1
172 1000005 -1.0403759880367 1810 1
0
0
1
0
170
connections
0.69999895
step
0.29999955
link
2.2160598338
enable
0.22160598338
bias
0.361
node
0.49999925
disable
0.44321196676
done
5
69 1000002 -1.1305736577883 238 1
30 1000005 1.907223731193 237 0
168 1000005 0.33051545762505 1811 1
12 1000003 1.5488143559069 1812 1
134 1000001 -1.6805322428053 1813 1
0
0
1
0
171
connections
0.69999895
step
0.315789
link
1.999997
enable
0.1999997
bias
0.3999994
node
0.45125
disable
0.3999994
done
7
150 1000002 0.80201364552751 205 0
76 1000004 -0.76768536561174 206 0
55 1000004 -0.75679799798578 1814 1
86 1000005 0.97128208258309 1815 1
170 1000006 1.3055207983642 1816 1
76 171 1 1817 0
171 1000004 -0.76768536561174 1818 1
0
0
1
0
170
connections
0.69999895
step
0.29999955
link
1.999997
enable
0.1805
bias
0.361
node
0.49999925
disable
0.44321196676
done
4
118 1000001 -1.8388222491516 28 1
78 1000003 -1.4702141526307 27 0
45 1000002 1.0207220679342 1821 1
69 1000004 -0.85262611774041 1822 1
0
0
1
0
170
connections
0.69999895
step
0.29999955
link
2.2160598338
enable
0.1999997
bias
0.361
node
0.49999925
disable
0.3999994
done
6
37 1000003 -1.6450724629917 181 0
4 1000003 -1.9384746848964 182 1
124 1000004 -1.5851924192022 1823 1
96 1000005 -1.0917691579943 1824 1
142 1000004 1.0262153996399 1825 1
170 1000001 0.91720328379162 1826 1
0
0
1
0
171
connections
0.69999895
step
0.315789
link
2.2160598338
enable
0.22160598338
bias
0.361
node
0.45125
disable
0.3999994
done
6
12 1000001 1.0402893793451 222 1
15 1000001 -1.3907248322092 223 1
99 1000002 1.712637714774 1827 0
162 1000004 1.74315622425 1828 1
99 171 1 1829 1
171 1000002 1.712637714774 1830 1
0
0
1
0
170
connections
0.77562094183
step
0.27075
link
2.2160598338
enable
0.22160598338
bias
0.361
node
0.49999925
disable
0.361
done
5
170 1000002 1.8001647999512 299 1
135 1000004 -1.0728336664937 297 1
78 1000006 -1.7407818308054 298 0
49 1000001 0.31635486922819 1831 1
138 1000004 0.77828302865688 1832 1
0
0
1
0
170
connections
0.69999895
step
0.27075
link
2.2160598338
enable
0.1999997
bias
0.361
node
0.45125
disable
0.361
done
4
41 1000001 -2.170470679342 409 1
80 1000002 -1.7664040879543 410 1
134 1000003 0.10211493270669 1839 1
27 1000002 -0.36103396710105 1840 1
0
0
1
0
172
connections
0.63175
step
0.27075
link
2.2160598338
enable
0.1999997
bias
0.3999994
node
0.49999925
disable
0.3999994
done
9
1000004 171 1.0687720038453 287 1
1000004 1000001 1.0408802377392 286 0
1000006 1000001 0.83703240302744 285 0
171 1000001 1.2170119251076 288 1
27 1000003 1.9382305368206 1841 0
66 1000003 -1.0468459120457 1842 1
77 1000006 -0.70686971648305 1843 0
77 172 1 1844 1
172 1000006 -0.70686971648305 1845 1
0
0
1
0
171
connections
0.69999895
step
0.29999955
link
1.999997
enable
0.1999997
bias
0.3999994
node
0.49999925
disable
0.361
done
7
170 1000001 -0.35527550764641 389 1
69 1000002 -0.56756772694327 388 1
21 1000002 0.040678247311319 387 0
17 1000002 -1.1033661915952 1854 1
3 1000005 0.55525376140629 1855 0
21 171 1 1856 1
171 1000002 0.040678247311319 1857 1
0
0
1
0
170
connections
0.7368398947385
step
0.2572125
link
1.89999715
enable
0.210525684211
bias
0.37999943
node
0.5263142105275
disable
0.37999943
done
5
4 1000001 -1.0491653187658 1305 0
78 1000004 1.817992240669 327 0
106 1000005 -0.24848170415357 1858 1
145 1000005 0.036805322428052 1859 0
170 1000004 1.4612872707297 1860 1
0
0
1
0
171
connections
0.69999895
step
0.29999955
link
2.2160598338
enable
0.1999997
bias
0.3999994
node
0.49999925
disable
0.44321196676
done
8
7 1000003 1.937134843405 404 1
135 1000003 1.5717552150777 405 1
170 1000003 0.79648771212653 406 0
10 1000005 0.41621143223365 1861 0
63 1000001 0.43513290810877 1862 1
170 1000006 -0.73494674520096 1863 1
10 171 1 1864 1
171 1000005 0.41621143223365 1865 1
0
0
1
0
171
connections
0.77562094183
step
0.27075
link
1.999997
enable
0.1805
bias
0.3999994
node
0.45125
disable
0.3999994
done
6
168 1000002 1.2226680425428 240 1
66 1000004 0.048043221839045 239 1
148 1000006 -1.7142246772668 1866 0
21 1000005 -1.7094637897885 1867 1
148 171 1 1868 1
171 1000006 -1.7142246772668 1869 1
0
0
1
0
172
connections
0.63175
step
0.315789
link
1.805
enable
0.1999997
bias
0.3999994
node
0.55401495845
disable
0.3999994
done
8
33 171 1 413 1
33 1000001 1.5840937528611 412 1
171 1000001 1.5840937528611 414 1
81 1000002 0.19953001495407 411 0
73 1000003 1.4896084475234 1870 1
24 1000006 0.69466231269265 1871 1
81 172 1 1872 0
172 1000002 0.19953001495407 1873 1
0
0
1
0
171
connections
0.77562094183
step
0.285
link
1.999997
enable
0.1999997
bias
0.3999994
node
0.49999925
disable
0.44321196676
done
7
59 1000001 -1.0251167332987 229 1
170 1000003 -1.2728049562059 231 1
7 1000004 1.2675557725761 230 1
28 1000002 -1.9628894924772 1874 0
38 1000003 0.091006195257424 1875 1
28 171 1 1876 1
171 1000002 -1.9628894924772 1877 1
0
0
1
0
171
connections
0.77562094183
step
0.29999955
link
1.999997
enable
0.1999997
bias
0.361
node
0.45125
disable
0.44321196676
done
6
12 1000001 1.3275762223563 222 1
15 1000001 -1.1869869075594 223 0
73 1000002 -1.5936155278176 1878 1
73 1000001 -0.4483169042024 1879 1
73 171 1 1880 1
171 1000002 -1.5936155278176 1881 1
0
0
1
0
170
connections
0.69999895
step
0.33240897507
link
1.805
enable
0.22160598338
bias
0.3999994
node
0.45125
disable
0.361
done
4
158 1000004 -0.37150581783428 276 1
39 1000006 1.8401441747442 275 1
14 1000002 1.7860042115543 1890 1
8 1000005 0.023499252296518 1891 1
0
0
1
0
172
connections
0.63175
step
0.315789
link
2.2160598338
enable
0.1999997
bias
0.3999994
node
0.45125
disable
0.44321196676
done
9
14 171 1.2567695036775 175 1
98 1000002 1.062744323954 172 0
170 1000003 1.0018034335459 174 0
14 1000005 1.6255989257485 173 0
171 1000005 -1.2904701895505 176 1
22 1000005 -0.36603900265511 1901 1
4 1000002 -0.26642658772546 1902 1
170 172 1 1903 1
172 1000003 1.0018034335459 1904 1
0
0
1
0
170
connections
0.69999895
step
0.285
link
2.2160598338
enable
0.1999997
bias
0.3999994
node
0.45125
disable
0.44321196676
done
6
22 1000002 1.2543717764824 368 1
170 1000003 1.7187919248024 370 1
110 1000006 -1.5373825800348 369 1
156 1000006 0.068056276131474 1909 1
14 1000003 0.15607165746025 1910 1
170 1000005 0.53474532303842 1911 1
0
0
1
0
171
connections
0.69999895
step
0.29999955
link
1.999997
enable
0.22160598338
bias
0.361
node
0.45125
disable
0.3999994
done
7
22 1000001 -1.7354744280999 192 1
59 1000003 0.80646714043855 193 1
170 1000005 0.64728244779046 194 1
32 1000003 1.2243415631581 1912 0
65 1000002 1.6326792199469 1913 1
32 171 1 1914 1
171 1000003 1.2243415631581 1915 1
0
0
1
0
170
connections
0.77562094183
step
0.29999955
link
2.2160598338
enable
0.1999997
bias
0.361
node
0.45125
disable
0.44321196676
done
4
74 1000002 0.82735679189428 317 1
49 1000006 1.9311502426222 318 0
111 1000006 0.37519455549791 1921 0
38 1000005 -0.48420667134617 1922 1
0
0
1
0
170
connections
0.69999895
step
0.315789
link
2.2160598338
enable
0.1805
bias
0.3999994
node
0.49999925
disable
0.361
done
5
42 1000002 -0.41610573439741 90 1
58 1000006 -1.2803771098666 89 1
170 1000005 -1.5960570085757 1923 1
126 1000004 0.19244972075564 1924 1
170 1000001 1.2110354930265 1925 1
0
0
1
0
171
connections
0.63175
step
0.33240897507
link
2.2160598338
enable
0.1805
bias
0.3999994
node
0.55401495845
disable
0.3999994
done
8
70 1000002 1.850065258924 360 1
170 1000004 1.1485824884417 361 1
51 1000005 0.23197877134243 359 1
62 1000004 0.38496047853023 1926 1
26 1000003 1.3082064271981 1927 0
170 1000002 -0.85860774559771 1928 1
26 171 1 1929 1
171 1000003 1.3082064271981 1930 1
0
0
1
0
171
connections
0.77562094183
step
0.27075
link
2.2160598338
enable
0.1999997
bias
0.3999994
node
0.49999925
disable
0.44321196676
done
6
170 1000003 -1.7372773293252 118 0
110 1000004 1.4671468626972 117 0
1000003 1000006 -0.62007507553331 1935 1
31 1000005 -1.099826044496 1936 1
110 171 1 1937 1
171 1000004 1.4671468626972 1938 1
0
0
1
0
172
connections
0.69999895
step
0.315789
link
2.2160598338
enable
0.1805
bias
0.44321196676
node
0.49999925
disable
0.3999994
done
10
170 171 1.1923916076235 108 1
128 1000003 1.250802963805 106 1
59 1000005 -0.73300916113773 105 1
170 1000006 -0.90865810113834 107 0
171 1000006 1.6532036362499 109 1
61 1000006 0.36371959593493 1939 1
127 1000006 -1.2508316293832 1940 1
10 1000006 0.85262611774041 1941 0
10 172 1 1942 1
172 1000006 0.85262611774041 1943 1
0
0
1
0
171
connections
0.77562094183
step
0.29999955
link
1.999997
enable
0.1999997
bias
0.3999994
node
0.49999925
disable
0.44321196676
done
7
12 1000001 0.84194811691183 222 1
15 1000001 -0.98078267735984 223 0
78 1000003 -0.66817224646748 1944 0
95 1000001 1.9718008972442 1945 1
170 1000003 -0.12982573931089 1946 1
78 171 1 1947 0
171 1000003 -0.66817224646748 1948 1
0
0
1
0
172
connections
0.63175
step
0.33240897507
link
2.2160598338
enable
0.1999997
bias
0.3999994
node
0.45125
disable
0.361
done
8
16 171 1 335 1
171 1000001 -0.80733664967803 336 1
16 1000001 -0.80733664967803 333 1
142 1000005 1.6691793572802 334 1
20 171 1.8303170873135 1949 1
43 1000001 0.67317728202155 1950 1
16 172 1 1951 1
172 1000001 -0.80733664967803 1952 1
0
0
1
0
171
connections
0.77562094183
step
0.27075
link
1.999997
enable
0.22160598338
bias
0.44321196676
node
0.49999925
disable
0.3999994
done
6
93 1000004 0.76000965147862 78 0
77 1000005 0.24276069673757 77 0
45 1000005 0.97604297006134 1953 1
112 1000005 -1.9144260994293 1954 1
77 171 1 1955 1
171 1000005 0.24276069673757 1956 1
0
0
1
0
170
connections
0.77562094183
step
0.285
link
1.999997
enable
0.1805
bias
0.3999994
node
0.55401495845
disable
0.361
done
4
78 1000004 1.4849496444594 327 0
109 1000004 -1.2245857112339 1963 1
158 1000005 -1.7726981414228 1964 1
170 1000003 -0.029114658040101 1965 0
0
0
1
0
170
connections
0.63175
step
0.29999955
link
1.805
enable
0.22160598338
bias
0.3999994
node
0.49999925
disable
0.3999994
done
5
158 1000004 -0.33434534701834 276 1
39 1000006 1.6639031195822 275 1
118 1000003 -0.61751152073733 1971 1
13 1000006 -1.7737968077639 1972 1
170 1000003 -1.1976073488571 1973 1
0
0
1
0
172
connections
0.69999895
step
0.29999955
link
2.2160598338
enable
0.1805
bias
0.3999994
node
0.55401495845
disable
0.44321196676
done
9
160 171 0.9715720510651 57 1
171 1000003 0.60508133692282 58 1
160 1000003 0.38805843787194 55 0
50 1000006 -1.3467783316797 56 1
10 1000004 1.9320047608875 1977 1
26 1000002 1.1054414502396 1978 0
170 1000005 -1.5591906491287 1979 0
26 172 1 1980 1
172 1000002 1.1054414502396 1981 1
0
0
1
0
171
connections
0.77562094183
step
0.27075
link
1.999997
enable
0.1805
bias
0.361
node
0.45125
disable
0.3999994
done
6
168 1000002 1.0881069368572 240 1
66 1000004 0.08966338084048 239 1
139 1000006 1.5490585039827 1985 1
124 1000004 -0.053407391582995 1986 0
124 171 1 1987 1
171 1000004 -0.053407391582995 1988 1
0
0
1
0
170
connections
0.69999895
step
0.33240897507
link
2.2160598338
enable
0.1805
bias
0.3999994
node
0.55401495845
disable
0.361
done
4
42 1000002 -0.58260523715873 90 1
58 1000006 -1.232114907571 89 1
1 1000006 -0.60847804193243 1989 1
87 1000001 -0.10577715384381 1990 1
0
0
1
0
171
connections
0.81644187199851
step
0.3157885263165
link
1.89999715
enable
0.210525684211
bias
0.37999943
node
0.4286875
disable
0.37999943
done
9
163 1000001 1.8559526352733 1315 0
34 1000002 -0.33589683280479 1314 0
11 1000003 -0.35212256233406 120 1
130 1000006 -0.9960789635372 119 1
170 1000006 -0.11293733851323 1316 1
45 1000005 -0.36432996612445 1993 1
27 1000001 1.5540635395367 1994 1
34 171 1 1995 1
171 1000002 -0.33589683280479 1996 1
0
0
1
0
170
connections
0.69999895
step
0.29999955
link
2.2160598338
enable
0.1999997
bias
0.361
node
0.55401495845
disable
0.361
done
4
50 1000003 0.59688100833155 337 1
49 1000006 -0.73848689230018 338 1
37 1000003 -1.7626880703146 1997 1
145 1000001 0.47407452620014 1998 1
0
0
1
0
170
connections
0.63175
step
0.27075
link
1.805
enable
0.1999997
bias
0.3999994
node
0.49999925
disable
0.361
done
2
81 1000004 -0.6430094225898 358 0
136 1000003 -1.0927457502976 1999 0
