2
10000
36
0
2
1
0
170
connections
0.2375
step
0.095
link
1.9
enable
0.210526
bias
0.38
node
0.526315
disable
0.421052
done
3
108 1000001 -0.93514816736351 12 1
148 1000003 -0.49653614917447 13 0
170 1000003 -1.9648426770837 14 1
0
2
4
0
171
connections
0.2631575
step
0.105263
link
2.10526
enable
0.19
bias
0.38
node
0.526315
disable
0.38
done
5
170 171 1 18 1
171 1000001 1.2115237891781 19 1
170 1000001 1.2115237891781 17 0
132 1000003 0.3961912900174 15 0
130 1000005 0.28962065492721 16 1
0
172
connections
0.277007479225
step
0.105263
link
2.2160598338
enable
0.1999997
bias
0.3999994
node
0.55401495845
disable
0.3999994
done
8
170 171 0.92690024826807 18 1
17 171 -1.8221381267739 264 1
170 1000001 1.2809934499649 17 0
104 1000001 0.99899288918729 263 1
171 1000001 1.23562695056 19 0
132 1000003 0.30434356416517 15 0
130 1000005 0.31143653776666 16 1
80 1000006 0.31513412884915 262 1
0
172
connections
0.277007479225
step
0.09999985
link
1.999997
enable
0.1999997
bias
0.3999994
node
0.55401495845
disable
0.3999994
done
7
170 171 1 18 1
171 1000001 1.2115237891781 19 1
170 1000001 1.2115237891781 17 0
132 1000003 0.3961912900174 15 0
57 1000004 0.50715659047212 312 1
130 1000005 0.28962065492721 16 1
117 1000006 -0.0015259254737998 313 1
0
172
connections
0.249999625
step
0.11080299169
link
2.2160598338
enable
0.1805
bias
0.361
node
0.55401495845
disable
0.3999994
done
9
170 171 1 18 1
130 172 1 344 1
170 1000001 1.2115237891781 17 0
171 1000001 1.2115237891781 19 1
132 1000003 0.3961912900174 15 0
11 1000004 0.050599688711203 342 1
103 1000005 1.6749168370617 343 1
130 1000005 0.28962065492721 16 0
172 1000005 0.28962065492721 345 1
0
2
1
0
170
connections
0.2631575
step
0.095
link
1.9
enable
0.210526
bias
0.421052
node
0.475
disable
0.421052
done
2
1000003 1000002 -1.3870662556841 21 1
122 1000004 -0.29377117221595 20 0
0
2
1
0
170
connections
0.2631575
step
0.095
link
1.9
enable
0.210526
bias
0.421052
node
0.475
disable
0.38
done
2
134 1000002 -0.098818933683279 22 1
65 1000006 -1.8596148564104 23 0
0
2
1
0
171
connections
0.2631575
step
0.105263
link
1.9
enable
0.19
bias
0.38
node
0.526315
disable
0.38
done
4
35 171 1 26 1
171 1000002 1.3577684865871 27 1
35 1000002 1.3577684865871 25 1
1000005 1000004 0.95675527207251 24 1
0
2
1
0
170
connections
0.2375
step
0.105263
link
1.9
enable
0.210526
bias
0.421052
node
0.526315
disable
0.38
done
2
20 1000002 -0.74373607593005 28 1
170 1000003 0.93234046449171 29 1
0
2
1
0
171
connections
0.2631575
step
0.095
link
1.9
enable
0.19
bias
0.38
node
0.526315
disable
0.421052
done
5
133 171 1 33 1
133 1000002 0.17377239295633 31 0
171 1000002 0.17377239295633 34 1
98 1000003 -1.5449079866939 30 1
170 1000004 0.7848750267037 32 1
0
2
1
0
170
connections
0.2631575
step
0.105263
link
1.9
enable
0.210526
bias
0.421052
node
0.526315
disable
0.421052
done
2
170 1000003 -0.24909207434309 36 1
32 1000006 -0.17023224585711 35 1
0
2
2
0
171
connections
0.2375
step
0.095
link
2.10526
enable
0.19
bias
0.38
node
0.526315
disable
0.421052
done
5
106 171 1 40 1
110 1000002 0.26300851466414 38 1
106 1000005 1.4191717276528 37 0
170 1000005 1.6203497421186 39 1
171 1000005 1.4191717276528 41 1
0
171
connections
0.249999625
step
0.09999985
link
1.999997
enable
0.1805
bias
0.3999994
node
0.55401495845
disable
0.44321196676
done
7
106 171 1 40 1
13 171 1.4452955717643 268 0
110 1000002 0.26300851466414 38 1
121 1000002 0.65193639942625 267 1
170 1000005 1.6203497421186 39 1
171 1000005 1.4191717276528 41 1
106 1000005 1.4191717276528 37 0
0
2
1
0
170
connections
0.2631575
step
0.095
link
1.9
enable
0.19
bias
0.421052
node
0.526315
disable
0.421052
done
1
27 1000005 1.4709311197241 42 1
0
2
2
0
171
connections
0.2631575
step
0.095
link
2.10526
enable
0.19
bias
0.38
node
0.475
disable
0.421052
done
4
28 171 1 45 1
113 1000002 0.18036439100314 44 0
28 1000004 -1.6826075014496 43 0
171 1000004 -1.6826075014496 46 1
0
172
connections
0.277007479225
step
0.09999985
link
1.999997
enable
0.1805
bias
0.3999994
node
0.49999925
disable
0.3999994
done
7
28 171 1 45 1
32 1000002 1.4271065401166 275 1
170 1000002 1.6672261726737 276 1
113 1000002 0.18036439100314 44 0
19 1000003 -1.4409009063997 274 1
28 1000004 -1.6826075014496 43 0
171 1000004 -1.6826075014496 46 1
0
2
2
0
171
connections
0.2631575
step
0.095
link
2.10526
enable
0.210526
bias
0.421052
node
0.526315
disable
0.38
done
5
170 171 1 50 1
12 1000002 0.098330637531663 47 1
169 1000003 1.5025482955412 48 1
170 1000005 -1.0916470839564 49 0
171 1000005 -1.0916470839564 51 1
0
171
connections
0.277007479225
step
0.09025
link
2.2160598338
enable
0.22160598338
bias
0.44321196676
node
0.55401495845
disable
0.361
done
8
170 171 -0.29120761741997 50 1
12 1000002 0.13829821924497 47 1
169 1000003 1.3718070009461 48 1
170 1000004 0.50276192510758 279 1
171 1000005 -1.050583292642 51 0
170 1000005 -0.068056276131474 49 0
6 1000006 1.0315866573077 278 1
68 1000006 -0.90401928769799 277 1
0
2
1
0
170
connections
0.2375
step
0.095
link
1.9
enable
0.19
bias
0.421052
node
0.526315
disable
0.38
done
2
107 1000001 -1.9764397106845 52 1
18 1000005 1.4529862361522 53 1
0
2
1
0
170
connections
0.2631575
step
0.105263
link
1.9
enable
0.210526
bias
0.421052
node
0.475
disable
0.38
done
2
168 1000005 -1.8886684774316 54 1
10 1000005 -1.4734946745201 55 1
0
2
1
0
170
connections
0.2631575
step
0.095
link
1.9
enable
0.210526
bias
0.421052
node
0.475
disable
0.38
done
2
142 1000002 0.10614337595752 57 0
61 1000004 -0.52974028748436 56 1
0
2
1
0
170
connections
0.2375
step
0.095
link
1.9
enable
0.210526
bias
0.38
node
0.475
disable
0.421052
done
2
40 1000004 -1.557481612598 58 1
24 1000004 1.1524399548326 59 1
0
2
2
0
171
connections
0.2375
step
0.105263
link
1.9
enable
0.210526
bias
0.38
node
0.475
disable
0.421052
done
5
15 171 1 63 1
15 1000005 -0.29279457991272 60 0
171 1000005 -0.29279457991272 64 1
46 1000006 -1.0689413129063 61 1
170 1000006 -1.679555650502 62 1
0
172
connections
0.225625
step
0.09999985
link
1.805
enable
0.22160598338
bias
0.3999994
node
0.49999925
disable
0.44321196676
done
9
15 171 1 63 1
171 172 1 340 1
1000004 1000005 1.713980529191 338 1
172 1000005 -0.29279457991272 341 1
171 1000005 -0.29279457991272 64 0
15 1000005 -0.29279457991272 60 0
46 1000006 -1.0689413129063 61 0
116 1000006 1.6218146305734 339 1
170 1000006 -1.679555650502 62 1
0
2
1
0
171
connections
0.2375
step
0.095
link
2.10526
enable
0.210526
bias
0.421052
node
0.526315
disable
0.421052
done
4
43 171 1 67 1
1 1000005 1.8192083498642 65 1
43 1000005 -0.97946104312265 66 1
171 1000005 -0.97946104312265 68 1
0
1
2
0
172
connections
0.249999625
step
0.095
link
1.805
enable
0.22160598338
bias
0.44321196676
node
0.49999925
disable
0.361
done
10
170 171 1 173 1
171 172 1 217 1
111 1000001 -0.46552934354686 171 1
132 1000001 -1.9420148319956 170 1
75 1000002 1.1070284127323 214 1
170 1000002 -0.66890469069491 216 1
27 1000004 -1.6506241035188 215 1
170 1000005 1.5355082857753 172 1
171 1000005 1.5355082857753 174 0
172 1000005 1.5355082857753 218 1
0
173
connections
0.23749964375
step
0.095
link
1.89999715
enable
0.210525684211
bias
0.421051368422
node
0.4749992875
disable
0.34295
done
15
170 171 1 173 0
173 171 1 326 1
171 172 1 217 1
170 172 -0.79085665456099 324 1
170 173 1 325 1
132 1000001 -1.9420148319956 170 1
111 1000001 -0.46552934354686 171 1
170 1000002 -0.66890469069491 216 1
75 1000002 1.1070284127323 214 1
27 1000004 -1.6506241035188 215 1
1000001 1000004 1.9240699484237 322 1
10 1000005 -0.34308908352916 323 1
170 1000005 1.5355082857753 172 1
172 1000005 1.5355082857753 218 1
171 1000005 1.5355082857753 174 0
0
1
1
0
170
connections
0.249999625
step
0.105263
link
1.805
enable
0.1805
bias
0.44321196676
node
0.55401495845
disable
0.3999994
done
3
85 1000004 -0.34235663930174 220 1
160 1000005 -1.1093478194525 219 1
27 1000005 1.4709311197241 42 1
0
1
2
0
172
connections
0.277007479225
step
0.11080299169
link
2.2160598338
enable
0.1999997
bias
0.3999994
node
0.49999925
disable
0.361
done
10
95 171 1 83 0
171 172 1 226 1
51 1000001 0.57307657094028 225 1
92 1000002 -0.97531052583392 223 1
87 1000003 1.3039338358715 224 1
172 1000004 -0.41218298898282 227 1
171 1000004 -0.41218298898282 84 0
95 1000004 -0.41218298898282 81 1
170 1000004 -1.7188634907071 82 0
75 1000006 0.16229743339335 80 1
0
172
connections
0.29158638285661
step
0.11663455314264
link
2.10525684211
enable
0.189999715
bias
0.37999943
node
0.5263142105275
disable
0.34295
done
12
95 171 1 83 0
171 172 1 226 1
127 172 0.45783867915891 327 1
51 1000001 0.57307657094028 225 1
92 1000002 -0.97531052583392 223 1
87 1000003 1.3039338358715 224 1
171 1000004 -0.41218298898282 84 0
95 1000004 -0.41218298898282 81 1
172 1000004 -0.41218298898282 227 1
170 1000004 -1.7188634907071 82 0
50 1000005 0.46211127048555 328 1
75 1000006 0.16229743339335 80 1
0
1
3
10000
172
connections
0.277007479225
step
0.09999985
link
1.999997
enable
0.1999997
bias
0.3999994
node
0.55401495845
disable
0.3999994
done
10
95 171 0.94092540981933 83 0
164 171 1.3773003326518 228 1
170 172 1 231 1
170 1000001 1.8267769402142 230 1
19 1000003 1.6151005584887 229 1
172 1000004 -1.6275064696265 232 1
171 1000004 -0.47360139717551 84 1
95 1000004 -0.36442464514145 81 1
170 1000004 -1.6275064696265 82 0
75 1000006 0.19826344286172 80 1
10000
173
connections
0.29158638285661
step
0.1052628421055
link
1.89999715
enable
0.210525684211
bias
0.37999943
node
0.58317276571322
disable
0.37999943
done
14
95 171 0.94092540981933 83 0
164 171 1.3773003326518 228 1
170 172 1 231 1
57 172 1.1274147770623 302 1
75 173 1 303 1
170 1000001 1.8267769402142 230 1
19 1000003 1.6151005584887 229 1
75 1000004 -0.56575212866604 301 0
171 1000004 -0.47360139717551 84 1
170 1000004 -1.6275064696265 82 0
95 1000004 -0.36442464514145 81 1
172 1000004 -1.6275064696265 232 1
173 1000004 -0.56575212866604 304 1
75 1000006 0.19826344286172 80 1
10000
172
connections
0.29158638285661
step
0.0949998575
link
2.10525684211
enable
0.210525684211
bias
0.37999943
node
0.5263142105275
disable
0.37999943
done
12
95 171 0.91057311915593 83 0
164 171 -1.9183324686422 228 1
169 171 1.4452955717643 314 1
170 172 1.1248512222663 231 1
170 1000001 1.8792679348136 230 1
168 1000002 -0.77340006714072 315 1
19 1000003 1.6367840795386 229 1
170 1000004 -1.5899466333914 82 0
171 1000004 -0.5058845910371 84 1
172 1000004 -1.7124691096007 232 1
95 1000004 -0.40500550409795 81 1
75 1000006 0.20012186470862 80 1
0
1
2
10000
170
connections
0.225625
step
0.09025
link
1.805
enable
0.22160598338
bias
0.361
node
0.45125
disable
0.44321196676
done
5
170 1000001 0.095767082735679 256 1
4 1000002 0.52278206732383 255 1
48 1000002 -0.64839625232704 254 1
24 1000004 1.1524399548326 59 1
40 1000004 -1.557481612598 58 1
0
170
connections
0.23749964375
step
0.0949998575
link
1.89999715
enable
0.23326910628529
bias
0.37999943
node
0.4749992875
disable
0.46653821257058
done
8
170 1000001 0.095767082735679 256 0
48 1000002 -0.64839625232704 254 1
4 1000002 0.52278206732383 255 1
40 1000004 -1.557481612598 58 1
24 1000004 1.1524399548326 59 1
147 1000006 0.20441297647023 309 1
1 1000006 1.2699972533341 310 1
170 1000006 -0.47358623004852 311 1
0
1
3
0
170
connections
0.225625
step
0.09025
link
2.2160598338
enable
0.22160598338
bias
0.3999994
node
0.55401495845
disable
0.3999994
done
4
95 1000001 -1.5928830835902 257 1
18 1000002 -1.3526413769951 258 1
62 1000003 0.43073824274422 10 1
142 1000005 -0.79219946897794 11 1
0
170
connections
0.23749964375
step
0.0857375
link
2.3326910628529
enable
0.23326910628529
bias
0.421051368422
node
0.58317276571322
disable
0.421051368422
done
7
95 1000001 -1.5928830835902 257 1
151 1000001 -1.3708304086428 295 1
18 1000002 -1.3526413769951 258 1
62 1000003 0.43073824274422 10 1
13 1000004 -0.40705587939085 297 1
142 1000005 -0.79219946897794 11 1
170 1000006 0.33759575182348 296 1
0
170
connections
0.23749964375
step
0.095
link
2.10525684211
enable
0.210525684211
bias
0.37999943
node
0.5263142105275
disable
0.37999943
done
7
95 1000001 -1.5928830835902 257 1
18 1000002 -1.3526413769951 258 1
62 1000003 0.43073824274422 10 1
142 1000005 -0.79219946897794 11 1
151 1000001 -0.22724082155828 298 1
9 1000002 -0.79757072664571 299 1
170 1000004 -1.3101596118046 300 1
0
0
1
0
170
connections
0.225625
step
0.09025
link
1.999997
enable
0.22160598338
bias
0.361
node
0.49999925
disable
0.44321196676
done
6
108 1000001 -0.93514816736351 12 1
148 1000003 -0.49653614917447 13 1
170 1000003 -1.9648426770837 14 1
39 1000005 0.30280465102084 259 1
164 1000001 0.56929227576525 260 1
170 1000002 -1.6000854518265 261 1
0
0
1
0
170
connections
0.249999625
step
0.09999985
link
1.999997
enable
0.1999997
bias
0.44321196676
node
0.49999925
disable
0.44321196676
done
4
1000003 1000002 -1.3870662556841 21 1
122 1000004 -0.29377117221595 20 0
42 1000003 0.12665181432539 265 1
100 1000003 0.043641468550676 266 1
0
0
1
0
171
connections
0.277007479225
step
0.09999985
link
1.999997
enable
0.1805
bias
0.44321196676
node
0.55401495845
disable
0.44321196676
done
6
27 1000005 1.5203130458342 42 1
148 1000004 -1.5294045838801 269 0
52 1000006 1.3699758903775 270 1
170 1000006 -0.27643665883358 271 0
170 171 1 272 1
171 1000006 -0.27643665883358 273 1
0
0
1
0
171
connections
0.225625
step
0.105263
link
1.999997
enable
0.1805
bias
0.3999994
node
0.55401495845
disable
0.3999994
done
6
107 1000001 -1.9764397106845 52 0
18 1000005 1.4529862361522 53 1
142 1000002 1.259987182226 280 1
15 1000005 1.9301736503189 281 1
107 171 1 282 1
171 1000001 -1.9764397106845 283 0
0
0
1
0
171
connections
0.249999625
step
0.11080299169
link
1.999997
enable
0.22160598338
bias
0.3999994
node
0.49999925
disable
0.3999994
done
7
168 1000005 -1.8886684774316 54 1
10 1000005 -1.4734946745201 55 0
114 1000003 -0.94576860866115 284 1
140 1000004 -0.85189367351299 285 1
170 1000002 -1.0264595477157 286 1
10 171 1 287 1
171 1000005 -1.4734946745201 288 0
0
0
1
0
171
connections
0.277007479225
step
0.095
link
1.805
enable
0.1999997
bias
0.44321196676
node
0.49999925
disable
0.361
done
6
142 1000002 0.14780861842708 57 0
61 1000004 -0.52063371684927 56 1
20 1000003 1.0925016022217 289 0
57 1000004 -1.4201483199561 290 1
20 171 1 291 1
171 1000003 1.0925016022217 292 1
0
0
1
0
170
connections
0.249999625
step
0.105263
link
1.805
enable
0.1999997
bias
0.361
node
0.49999925
disable
0.44321196676
done
4
40 1000004 -1.557481612598 58 1
24 1000004 1.1524399548326 59 1
84 1000003 0.06244087038789 293 1
97 1000001 0.04376354258858 294 1
0
0
1
0
172
connections
0.277007479225
step
0.09999985
link
2.2160598338
enable
0.1999997
bias
0.3999994
node
0.49999925
disable
0.3999994
done
8
28 171 1 45 1
113 1000002 0.18036439100314 44 0
28 1000004 -1.6826075014496 43 0
171 1000004 -1.6826075014496 46 0
150 1000006 0.91671498764 305 1
110 1000001 1.5135349589526 306 1
171 172 1 307 1
172 1000004 -1.6826075014496 308 1
0
0
1
0
170
connections
0.249999625
step
0.09025
link
1.999997
enable
0.1999997
bias
0.44321196676
node
0.49999925
disable
0.361
done
4
134 1000002 -0.13748648792993 22 1
65 1000006 -1.9497216330454 23 0
14 1000006 1.2242194891202 316 1
68 1000001 1.1000701925718 317 1
0
0
1
0
171
connections
0.225625
step
0.09999985
link
1.999997
enable
0.22160598338
bias
0.44321196676
node
0.55401495845
disable
0.3999994
done
6
20 1000002 -0.83865765357067 28 1
170 1000003 -0.23871578112125 29 1
113 1000004 -0.67146824549089 318 1
115 1000006 -1.3841364787744 319 1
170 171 1 320 1
171 1000003 -0.23871578112125 321 1
0
0
1
0
171
connections
0.23749964375
step
0.0857375
link
2.3326910628529
enable
0.23326910628529
bias
0.37999943
node
0.58317276571322
disable
0.37999943
done
10
95 1000001 -1.5928830835902 257 1
18 1000002 -1.3526413769951 258 1
62 1000003 0.43073824274422 10 1
142 1000005 -0.79219946897794 11 1
115 1000003 1.6938383129368 329 1
38 1000002 0.15680410168767 330 1
1 1000006 0.81270790734581 331 1
170 1000003 -1.1558580278939 332 1
115 171 1 333 1
171 1000003 1.6938383129368 334 1
0
0
1
0
170
connections
0.249999625
step
0.09999985
link
1.805
enable
0.1805
bias
0.3999994
node
0.49999925
disable
0.3999994
done
4
27 1000005 1.4709311197241 42 1
98 1000002 -0.16425061799982 335 1
37 1000006 -1.3793755912961 336 1
170 1000004 1.3063753166295 337 1
